align — mean matched MAC, Hungarian on 1-MAC over 48 modes, 12 positions, 59 models

MAC is over the modes real in both models; 'all' includes the padding, which
matches itself across models by construction and would flatter every number.

family x family, mean over ordered pairs:
                bar   plate    bell    tine   wurli
  bar         0.800   0.447   0.457   0.547   0.001
  plate       0.447   0.744   0.394   0.331   0.042
  bell        0.457   0.394   0.804   0.414   0.047
  tine        0.547   0.331   0.414   0.874   0.179
  wurli       0.001   0.042   0.047   0.179   1.000

  within-family mean 0.839, cross-family mean 0.294

along each sweep, neighbour to neighbour (real modes, both directions averaged):
  bar    0.93 0.96 0.98 0.96 0.89 0.97 0.99 0.99 1.00 1.00 0.97   mean 0.967  worst 0.891
  plate  0.63 0.81 0.81 0.82 0.82 0.81 0.92 0.91 0.91 0.88 0.93   mean 0.841  worst 0.631
  bell   0.79 0.92 0.92 0.95 0.91 0.91 0.88 0.95 0.93 0.97 0.94   mean 0.918  worst 0.788
  tine   0.86 0.92 0.98 0.98 0.96 0.98 0.99 0.98 0.98 0.98 0.97   mean 0.962  worst 0.860
  wurli  1.00 1.00 1.00 1.00 1.00 1.00 1.00 1.00 1.00 1.00   mean 1.000  worst 1.000

to the reference bar05 (real modes in both / all 48):
  bar00    bar     0.200  real 0.680 over 10 modes   all 0.914
  bar01    bar     0.273  real 0.747 over 10 modes   all 0.928
  bar02    bar     0.345  real 0.816 over 10 modes   all 0.942
  bar03    bar     0.418  real 0.848 over 10 modes   all 0.948
  bar04    bar     0.491  real 0.891 over 10 modes   all 0.977
  bar06    bar     0.636  real 0.965 over 10 modes   all 0.993
  bar07    bar     0.709  real 0.917 over  9 modes   all 0.964
  bar08    bar     0.782  real 0.877 over  9 modes   all 0.956
  bar09    bar     0.854  real 0.845 over  9 modes   all 0.950
  bar10    bar     0.927  real 0.818 over  9 modes   all 0.945
  bar11    bar     1.000  real 0.771 over  9 modes   all 0.936
  plate00  plate   1.000  real 0.485 over 10 modes   all 0.348
  plate01  plate   1.182  real 0.581 over 10 modes   all 0.426
  plate02  plate   1.364  real 0.532 over 10 modes   all 0.584
  plate03  plate   1.546  real 0.484 over 10 modes   all 0.588
  plate04  plate   1.727  real 0.370 over 10 modes   all 0.665
  plate05  plate   1.909  real 0.385 over 10 modes   all 0.660
  plate06  plate   2.091  real 0.403 over 10 modes   all 0.666
  plate07  plate   2.273  real 0.412 over 10 modes   all 0.732
  plate08  plate   2.454  real 0.374 over 10 modes   all 0.777
  plate09  plate   2.636  real 0.415 over 10 modes   all 0.781
  plate10  plate   2.818  real 0.409 over 10 modes   all 0.778
  plate11  plate   3.000  real 0.426 over 10 modes   all 0.781
  bell00   bell    0.000  real 0.425 over 10 modes   all 0.603
  bell01   bell    0.109  real 0.428 over 10 modes   all 0.579
  bell02   bell    0.218  real 0.494 over 10 modes   all 0.553
  bell03   bell    0.327  real 0.496 over 10 modes   all 0.461
  bell04   bell    0.436  real 0.508 over 10 modes   all 0.477
  bell05   bell    0.545  real 0.497 over 10 modes   all 0.431
  bell06   bell    0.655  real 0.543 over 10 modes   all 0.403
  bell07   bell    0.764  real 0.523 over 10 modes   all 0.345
  bell08   bell    0.873  real 0.524 over 10 modes   all 0.327
  bell09   bell    0.982  real 0.503 over 10 modes   all 0.334
  bell10   bell    1.091  real 0.502 over 10 modes   all 0.293
  bell11   bell    1.200  real 0.497 over 10 modes   all 0.209
  tine00   tine    0.050  real 0.303 over  8 modes   all 0.846
  tine01   tine    0.059  real 0.358 over 10 modes   all 0.866
  tine02   tine    0.068  real 0.477 over 10 modes   all 0.854
  tine03   tine    0.077  real 0.501 over 10 modes   all 0.860
  tine04   tine    0.086  real 0.605 over 10 modes   all 0.835
  tine05   tine    0.095  real 0.594 over 10 modes   all 0.813
  tine06   tine    0.105  real 0.568 over 10 modes   all 0.786
  tine07   tine    0.114  real 0.574 over 10 modes   all 0.725
  tine08   tine    0.123  real 0.591 over 10 modes   all 0.728
  tine09   tine    0.132  real 0.584 over 10 modes   all 0.688
  tine10   tine    0.141  real 0.597 over 10 modes   all 0.671
  tine11   tine    0.150  real 0.591 over 10 modes   all 0.649
  wurlz002 wurli  36.000  real 0.001 over 10 modes   all 0.001
  wurlz003 wurli  43.000  real 0.001 over 10 modes   all 0.001
  wurlz001 wurli  48.000  real 0.001 over 10 modes   all 0.001
  wurlz007 wurli  55.000  real 0.001 over 10 modes   all 0.001
  wurlz008 wurli  60.000  real 0.001 over 10 modes   all 0.001
  wurlz010 wurli  67.000  real 0.001 over 10 modes   all 0.001
  wurlz012 wurli  72.000  real 0.001 over 10 modes   all 0.001
  wurlz013 wurli  79.000  real 0.001 over 10 modes   all 0.001
  wurlz014 wurli  84.000  real 0.001 over 10 modes   all 0.001
  wurlz016 wurli  91.000  real 0.001 over 10 modes   all 0.001
  wurlz017 wurli  96.000  real 0.001 over 10 modes   all 0.001

every ordered pair, real-mode MAC (row -> column):
         ar00 ar01 ar02 ar03 ar04 ar05 ar06 ar07 ar08 ar09 ar10 ar11 te00 te01 te02 te03 te04 te05 te06 te07 te08 te09 te10 te11 ll00 ll01 ll02 ll03 ll04 ll05 ll06 ll07 ll08 ll09 ll10 ll11 ne00 ne01 ne02 ne03 ne04 ne05 ne06 ne07 ne08 ne09 ne10 ne11 z002 z003 z001 z007 z008 z010 z012 z013 z014 z016 z017
bar00       . 0.93 0.85 0.79 0.70 0.68 0.62 0.59 0.57 0.54 0.52 0.54 0.42 0.43 0.42 0.42 0.33 0.35 0.37 0.35 0.30 0.37 0.34 0.35 0.38 0.39 0.43 0.43 0.45 0.49 0.47 0.49 0.49 0.49 0.50 0.51 0.24 0.27 0.35 0.35 0.41 0.44 0.45 0.47 0.48 0.48 0.48 0.49 0.00 0.00 0.00 0.00 0.00 0.00 0.00 0.00 0.00 0.00 0.00
bar01    0.93    . 0.96 0.91 0.82 0.75 0.71 0.66 0.64 0.61 0.59 0.61 0.45 0.48 0.44 0.44 0.36 0.36 0.38 0.35 0.30 0.35 0.35 0.36 0.36 0.40 0.44 0.44 0.44 0.47 0.48 0.49 0.47 0.48 0.48 0.48 0.26 0.32 0.41 0.40 0.47 0.50 0.50 0.51 0.52 0.52 0.53 0.56 0.00 0.00 0.00 0.00 0.00 0.00 0.00 0.00 0.00 0.00 0.00
bar02    0.85 0.96    . 0.98 0.91 0.82 0.79 0.74 0.70 0.68 0.66 0.65 0.47 0.52 0.48 0.45 0.37 0.37 0.38 0.35 0.31 0.35 0.34 0.37 0.36 0.38 0.43 0.43 0.44 0.45 0.47 0.47 0.47 0.45 0.46 0.47 0.27 0.34 0.45 0.45 0.53 0.57 0.55 0.53 0.53 0.54 0.55 0.57 0.00 0.00 0.00 0.00 0.00 0.00 0.00 0.00 0.00 0.00 0.00
bar03    0.79 0.91 0.98    . 0.96 0.85 0.83 0.78 0.75 0.72 0.70 0.68 0.49 0.51 0.47 0.46 0.41 0.39 0.39 0.36 0.32 0.35 0.35 0.37 0.37 0.37 0.42 0.42 0.43 0.44 0.47 0.46 0.46 0.44 0.44 0.44 0.28 0.35 0.46 0.46 0.55 0.60 0.58 0.56 0.56 0.57 0.57 0.60 0.00 0.00 0.00 0.00 0.00 0.00 0.00 0.00 0.00 0.00 0.00
bar04    0.70 0.82 0.91 0.96    . 0.89 0.84 0.79 0.76 0.73 0.70 0.66 0.50 0.58 0.51 0.49 0.41 0.42 0.43 0.41 0.36 0.42 0.42 0.44 0.41 0.37 0.43 0.43 0.45 0.45 0.49 0.49 0.49 0.46 0.47 0.46 0.29 0.33 0.47 0.47 0.58 0.58 0.55 0.53 0.54 0.56 0.56 0.58 0.00 0.00 0.00 0.00 0.00 0.00 0.00 0.00 0.00 0.00 0.00
bar05    0.68 0.75 0.82 0.85 0.89    . 0.97 0.92 0.88 0.84 0.82 0.77 0.48 0.58 0.53 0.48 0.37 0.38 0.40 0.41 0.37 0.42 0.41 0.43 0.43 0.43 0.49 0.50 0.51 0.50 0.54 0.52 0.52 0.50 0.50 0.50 0.30 0.36 0.48 0.50 0.60 0.59 0.57 0.57 0.59 0.58 0.60 0.59 0.00 0.00 0.00 0.00 0.00 0.00 0.00 0.00 0.00 0.00 0.00
bar06    0.62 0.71 0.79 0.83 0.84 0.97    . 0.99 0.97 0.94 0.92 0.87 0.49 0.59 0.51 0.49 0.39 0.39 0.40 0.40 0.39 0.45 0.42 0.43 0.44 0.42 0.49 0.49 0.49 0.48 0.53 0.51 0.53 0.48 0.47 0.48 0.35 0.41 0.49 0.51 0.62 0.61 0.62 0.62 0.64 0.65 0.66 0.65 0.00 0.00 0.00 0.00 0.00 0.00 0.00 0.00 0.00 0.00 0.00
bar07    0.59 0.66 0.74 0.78 0.79 0.92 0.99    . 0.99 0.98 0.96 0.92 0.54 0.63 0.54 0.55 0.42 0.42 0.43 0.42 0.41 0.48 0.45 0.46 0.42 0.41 0.49 0.49 0.49 0.48 0.55 0.51 0.50 0.49 0.46 0.48 0.36 0.48 0.53 0.54 0.65 0.65 0.67 0.68 0.70 0.70 0.70 0.69 0.00 0.00 0.00 0.00 0.00 0.00 0.00 0.00 0.00 0.00 0.00
bar08    0.57 0.64 0.70 0.75 0.76 0.88 0.97 0.99    . 1.00 0.99 0.95 0.56 0.64 0.55 0.56 0.43 0.44 0.44 0.43 0.42 0.50 0.46 0.47 0.40 0.40 0.47 0.48 0.48 0.47 0.52 0.49 0.49 0.48 0.44 0.47 0.37 0.48 0.54 0.55 0.66 0.65 0.69 0.70 0.71 0.71 0.70 0.68 0.00 0.00 0.00 0.00 0.00 0.00 0.00 0.00 0.00 0.00 0.00
bar09    0.54 0.61 0.68 0.72 0.73 0.84 0.94 0.98 1.00    . 1.00 0.97 0.56 0.65 0.55 0.55 0.44 0.45 0.44 0.44 0.43 0.50 0.47 0.48 0.39 0.40 0.45 0.46 0.47 0.45 0.50 0.47 0.47 0.46 0.44 0.46 0.37 0.48 0.54 0.55 0.66 0.66 0.69 0.70 0.71 0.71 0.69 0.68 0.00 0.00 0.00 0.00 0.00 0.00 0.00 0.00 0.00 0.00 0.00
bar10    0.52 0.59 0.66 0.70 0.70 0.82 0.92 0.96 0.99 1.00    . 0.97 0.56 0.65 0.56 0.56 0.44 0.45 0.45 0.44 0.43 0.50 0.47 0.48 0.39 0.39 0.44 0.45 0.45 0.44 0.49 0.45 0.46 0.45 0.43 0.47 0.36 0.48 0.53 0.54 0.66 0.66 0.69 0.70 0.70 0.70 0.69 0.67 0.00 0.00 0.00 0.00 0.00 0.00 0.00 0.00 0.00 0.00 0.00
bar11    0.54 0.61 0.65 0.68 0.66 0.77 0.87 0.92 0.95 0.97 0.97    . 0.58 0.67 0.57 0.58 0.48 0.45 0.46 0.44 0.43 0.49 0.47 0.49 0.39 0.40 0.43 0.44 0.44 0.43 0.47 0.43 0.44 0.43 0.42 0.46 0.37 0.49 0.58 0.56 0.67 0.67 0.71 0.72 0.72 0.72 0.70 0.69 0.00 0.00 0.00 0.00 0.00 0.00 0.00 0.00 0.00 0.00 0.00
plate00  0.42 0.45 0.47 0.49 0.50 0.48 0.49 0.54 0.56 0.56 0.56 0.58    . 0.63 0.65 0.66 0.60 0.63 0.62 0.61 0.56 0.59 0.62 0.62 0.45 0.45 0.42 0.41 0.40 0.38 0.38 0.35 0.36 0.37 0.37 0.38 0.38 0.35 0.39 0.40 0.40 0.42 0.42 0.43 0.43 0.45 0.47 0.50 0.05 0.05 0.05 0.05 0.05 0.05 0.05 0.05 0.05 0.05 0.05
plate01  0.43 0.48 0.52 0.51 0.58 0.58 0.59 0.63 0.64 0.65 0.65 0.67 0.63    . 0.81 0.77 0.68 0.68 0.67 0.66 0.64 0.69 0.69 0.68 0.40 0.38 0.35 0.35 0.35 0.33 0.35 0.33 0.34 0.36 0.37 0.39 0.33 0.35 0.38 0.37 0.39 0.40 0.38 0.41 0.42 0.45 0.49 0.51 0.01 0.01 0.01 0.01 0.01 0.01 0.01 0.01 0.01 0.01 0.01
plate02  0.42 0.44 0.48 0.47 0.51 0.53 0.51 0.54 0.55 0.55 0.56 0.57 0.65 0.81    . 0.81 0.73 0.70 0.71 0.73 0.67 0.65 0.73 0.72 0.42 0.40 0.37 0.37 0.38 0.37 0.39 0.35 0.38 0.40 0.41 0.41 0.33 0.32 0.35 0.35 0.38 0.39 0.39 0.40 0.41 0.44 0.44 0.47 0.03 0.03 0.03 0.03 0.03 0.03 0.03 0.03 0.03 0.03 0.03
plate03  0.42 0.44 0.45 0.46 0.49 0.48 0.49 0.55 0.56 0.55 0.56 0.58 0.66 0.77 0.81    . 0.82 0.75 0.71 0.72 0.75 0.75 0.76 0.74 0.42 0.40 0.37 0.39 0.39 0.37 0.38 0.35 0.36 0.39 0.41 0.42 0.33 0.34 0.32 0.32 0.38 0.36 0.35 0.37 0.37 0.44 0.46 0.47 0.03 0.03 0.03 0.03 0.03 0.03 0.03 0.03 0.03 0.03 0.03
plate04  0.33 0.36 0.37 0.41 0.41 0.37 0.39 0.42 0.43 0.44 0.44 0.48 0.60 0.68 0.73 0.82    . 0.82 0.82 0.78 0.75 0.72 0.76 0.74 0.43 0.41 0.40 0.40 0.40 0.37 0.39 0.37 0.36 0.40 0.41 0.41 0.23 0.23 0.23 0.23 0.31 0.30 0.31 0.35 0.36 0.39 0.40 0.40 0.04 0.04 0.04 0.04 0.04 0.04 0.04 0.04 0.04 0.04 0.04
plate05  0.35 0.36 0.37 0.39 0.42 0.38 0.39 0.42 0.44 0.45 0.45 0.45 0.63 0.68 0.70 0.75 0.82    . 0.81 0.81 0.80 0.75 0.77 0.72 0.42 0.41 0.39 0.40 0.41 0.39 0.39 0.37 0.38 0.39 0.41 0.44 0.21 0.21 0.20 0.20 0.30 0.32 0.31 0.34 0.34 0.37 0.37 0.39 0.04 0.04 0.04 0.04 0.04 0.04 0.04 0.04 0.04 0.04 0.04
plate06  0.37 0.38 0.38 0.39 0.43 0.40 0.40 0.43 0.44 0.44 0.45 0.46 0.62 0.67 0.71 0.71 0.82 0.81    . 0.92 0.87 0.82 0.83 0.79 0.41 0.40 0.39 0.39 0.37 0.40 0.40 0.36 0.36 0.39 0.41 0.42 0.26 0.23 0.22 0.22 0.29 0.32 0.31 0.34 0.35 0.37 0.37 0.40 0.04 0.04 0.04 0.04 0.04 0.04 0.04 0.04 0.04 0.04 0.04
plate07  0.35 0.35 0.35 0.36 0.41 0.41 0.40 0.42 0.43 0.44 0.44 0.44 0.61 0.66 0.73 0.72 0.78 0.81 0.92    . 0.91 0.87 0.86 0.79 0.45 0.43 0.40 0.40 0.40 0.39 0.42 0.40 0.41 0.42 0.44 0.42 0.29 0.24 0.23 0.23 0.30 0.31 0.31 0.30 0.32 0.35 0.35 0.35 0.05 0.05 0.05 0.05 0.05 0.05 0.05 0.05 0.05 0.05 0.05
plate08  0.30 0.30 0.31 0.32 0.36 0.37 0.39 0.41 0.42 0.43 0.43 0.43 0.56 0.64 0.67 0.75 0.75 0.80 0.87 0.91    . 0.91 0.88 0.78 0.43 0.42 0.42 0.41 0.41 0.38 0.41 0.39 0.39 0.39 0.42 0.41 0.26 0.21 0.21 0.21 0.29 0.29 0.28 0.31 0.32 0.34 0.35 0.34 0.06 0.06 0.06 0.06 0.06 0.06 0.06 0.06 0.06 0.06 0.06
plate09  0.37 0.35 0.35 0.35 0.42 0.42 0.45 0.48 0.50 0.50 0.50 0.49 0.59 0.69 0.65 0.75 0.72 0.75 0.82 0.87 0.91    . 0.88 0.80 0.43 0.41 0.41 0.39 0.39 0.40 0.41 0.37 0.38 0.38 0.43 0.43 0.32 0.27 0.26 0.26 0.32 0.31 0.30 0.33 0.35 0.36 0.38 0.36 0.05 0.05 0.05 0.05 0.05 0.05 0.05 0.05 0.05 0.05 0.05
plate10  0.34 0.35 0.34 0.35 0.42 0.41 0.42 0.45 0.46 0.47 0.47 0.47 0.62 0.69 0.73 0.76 0.76 0.77 0.83 0.86 0.88 0.88    . 0.93 0.41 0.41 0.40 0.38 0.38 0.38 0.40 0.37 0.38 0.39 0.41 0.41 0.22 0.21 0.21 0.20 0.28 0.29 0.27 0.31 0.32 0.34 0.35 0.35 0.05 0.05 0.05 0.05 0.05 0.05 0.05 0.05 0.05 0.05 0.05
plate11  0.35 0.36 0.37 0.37 0.44 0.43 0.43 0.46 0.47 0.48 0.48 0.49 0.62 0.68 0.72 0.74 0.74 0.72 0.79 0.79 0.78 0.80 0.93    . 0.43 0.39 0.38 0.40 0.40 0.39 0.41 0.38 0.39 0.41 0.43 0.40 0.25 0.21 0.21 0.21 0.28 0.29 0.27 0.33 0.35 0.34 0.36 0.36 0.06 0.06 0.06 0.06 0.06 0.06 0.06 0.06 0.06 0.06 0.06
bell00   0.38 0.36 0.36 0.37 0.41 0.43 0.44 0.42 0.40 0.39 0.39 0.39 0.45 0.40 0.42 0.42 0.43 0.42 0.41 0.45 0.43 0.43 0.41 0.43    . 0.79 0.72 0.68 0.66 0.61 0.59 0.57 0.58 0.56 0.55 0.54 0.28 0.28 0.28 0.30 0.33 0.34 0.34 0.35 0.36 0.39 0.40 0.39 0.05 0.05 0.05 0.05 0.05 0.05 0.05 0.05 0.05 0.05 0.05
bell01   0.39 0.40 0.38 0.37 0.37 0.43 0.42 0.41 0.40 0.40 0.39 0.40 0.45 0.38 0.40 0.40 0.41 0.41 0.40 0.43 0.42 0.41 0.41 0.39 0.79    . 0.92 0.84 0.80 0.81 0.76 0.72 0.69 0.73 0.72 0.67 0.31 0.31 0.32 0.34 0.35 0.34 0.34 0.35 0.35 0.38 0.38 0.39 0.05 0.05 0.05 0.05 0.05 0.05 0.05 0.05 0.05 0.05 0.05
bell02   0.43 0.44 0.43 0.42 0.43 0.49 0.49 0.49 0.47 0.45 0.44 0.43 0.42 0.35 0.37 0.37 0.40 0.39 0.39 0.40 0.42 0.41 0.40 0.38 0.72 0.92    . 0.92 0.87 0.86 0.79 0.76 0.72 0.76 0.74 0.69 0.32 0.35 0.38 0.39 0.39 0.39 0.38 0.39 0.40 0.41 0.42 0.39 0.05 0.05 0.05 0.05 0.05 0.05 0.05 0.05 0.05 0.05 0.05
bell03   0.43 0.44 0.43 0.42 0.43 0.50 0.49 0.49 0.48 0.46 0.45 0.44 0.41 0.35 0.37 0.39 0.40 0.40 0.39 0.40 0.41 0.39 0.38 0.40 0.68 0.84 0.92    . 0.95 0.91 0.83 0.80 0.76 0.79 0.77 0.73 0.34 0.39 0.39 0.40 0.40 0.40 0.41 0.43 0.44 0.44 0.44 0.42 0.05 0.05 0.05 0.05 0.05 0.05 0.05 0.05 0.05 0.05 0.05
bell04   0.45 0.44 0.44 0.43 0.45 0.51 0.49 0.49 0.48 0.47 0.45 0.44 0.40 0.35 0.38 0.39 0.40 0.41 0.37 0.40 0.41 0.39 0.38 0.40 0.66 0.80 0.87 0.95    . 0.91 0.89 0.84 0.80 0.83 0.82 0.79 0.37 0.40 0.40 0.41 0.41 0.41 0.41 0.42 0.44 0.44 0.43 0.41 0.05 0.05 0.05 0.05 0.05 0.05 0.05 0.05 0.05 0.05 0.05
bell05   0.49 0.47 0.45 0.44 0.45 0.50 0.48 0.48 0.47 0.45 0.44 0.43 0.38 0.33 0.37 0.37 0.37 0.39 0.40 0.39 0.38 0.40 0.38 0.39 0.61 0.81 0.86 0.91 0.91    . 0.91 0.93 0.91 0.91 0.89 0.83 0.43 0.43 0.41 0.41 0.41 0.41 0.39 0.39 0.42 0.43 0.43 0.41 0.05 0.05 0.05 0.05 0.05 0.05 0.05 0.05 0.05 0.05 0.05
bell06   0.47 0.48 0.47 0.47 0.49 0.54 0.53 0.55 0.52 0.50 0.49 0.47 0.38 0.35 0.39 0.38 0.39 0.39 0.40 0.42 0.41 0.41 0.40 0.41 0.59 0.76 0.79 0.83 0.89 0.91    . 0.88 0.89 0.92 0.93 0.89 0.40 0.42 0.42 0.44 0.44 0.42 0.41 0.41 0.43 0.44 0.43 0.41 0.03 0.03 0.03 0.03 0.03 0.03 0.03 0.03 0.03 0.03 0.03
bell07   0.49 0.49 0.47 0.46 0.49 0.52 0.51 0.51 0.49 0.47 0.45 0.43 0.35 0.33 0.35 0.35 0.37 0.37 0.36 0.40 0.39 0.37 0.37 0.38 0.57 0.72 0.76 0.80 0.84 0.93 0.88    . 0.95 0.90 0.85 0.85 0.45 0.45 0.44 0.46 0.45 0.43 0.41 0.41 0.44 0.44 0.44 0.42 0.04 0.04 0.04 0.04 0.04 0.04 0.04 0.04 0.04 0.04 0.04
bell08   0.49 0.47 0.47 0.46 0.49 0.52 0.53 0.50 0.49 0.47 0.46 0.44 0.36 0.34 0.38 0.36 0.36 0.38 0.36 0.41 0.39 0.38 0.38 0.39 0.58 0.69 0.72 0.76 0.80 0.91 0.89 0.95    . 0.93 0.87 0.90 0.45 0.45 0.46 0.46 0.46 0.45 0.44 0.44 0.45 0.45 0.45 0.44 0.05 0.05 0.05 0.05 0.05 0.05 0.05 0.05 0.05 0.05 0.05
bell09   0.49 0.48 0.45 0.44 0.46 0.50 0.48 0.49 0.48 0.46 0.45 0.43 0.37 0.36 0.40 0.39 0.40 0.39 0.39 0.42 0.39 0.38 0.39 0.41 0.56 0.73 0.76 0.79 0.83 0.91 0.92 0.90 0.93    . 0.97 0.95 0.41 0.43 0.42 0.45 0.46 0.46 0.44 0.43 0.45 0.46 0.45 0.43 0.05 0.05 0.05 0.05 0.05 0.05 0.05 0.05 0.05 0.05 0.05
bell10   0.50 0.48 0.46 0.44 0.47 0.50 0.47 0.46 0.44 0.44 0.43 0.42 0.37 0.37 0.41 0.41 0.41 0.41 0.41 0.44 0.42 0.43 0.41 0.43 0.55 0.72 0.74 0.77 0.82 0.89 0.93 0.85 0.87 0.97    . 0.94 0.46 0.45 0.46 0.47 0.46 0.46 0.44 0.43 0.44 0.45 0.45 0.43 0.05 0.05 0.05 0.05 0.05 0.05 0.05 0.05 0.05 0.05 0.05
bell11   0.51 0.48 0.47 0.44 0.46 0.50 0.48 0.48 0.47 0.46 0.47 0.46 0.38 0.39 0.41 0.42 0.41 0.44 0.42 0.42 0.41 0.43 0.41 0.40 0.54 0.67 0.69 0.73 0.79 0.83 0.89 0.85 0.90 0.95 0.94    . 0.48 0.47 0.48 0.48 0.47 0.47 0.45 0.44 0.46 0.47 0.46 0.45 0.04 0.04 0.04 0.04 0.04 0.04 0.04 0.04 0.04 0.04 0.04
tine00   0.24 0.26 0.27 0.28 0.29 0.30 0.35 0.36 0.37 0.37 0.36 0.37 0.38 0.33 0.33 0.33 0.23 0.21 0.26 0.29 0.26 0.32 0.22 0.25 0.28 0.31 0.32 0.34 0.37 0.43 0.40 0.45 0.45 0.41 0.46 0.48    . 0.86 0.81 0.81 0.81 0.75 0.76 0.74 0.72 0.72 0.71 0.71 0.31 0.31 0.31 0.31 0.31 0.31 0.31 0.31 0.31 0.31 0.31
tine01   0.27 0.32 0.34 0.35 0.33 0.36 0.41 0.48 0.48 0.48 0.48 0.49 0.35 0.35 0.32 0.34 0.23 0.21 0.23 0.24 0.21 0.27 0.21 0.21 0.28 0.31 0.35 0.39 0.40 0.43 0.42 0.45 0.45 0.43 0.45 0.47 0.86    . 0.92 0.88 0.86 0.85 0.89 0.88 0.85 0.82 0.82 0.80 0.23 0.23 0.23 0.23 0.23 0.23 0.23 0.23 0.23 0.23 0.23
tine02   0.35 0.41 0.45 0.46 0.47 0.48 0.49 0.53 0.54 0.54 0.53 0.58 0.39 0.38 0.35 0.32 0.23 0.20 0.22 0.23 0.21 0.26 0.21 0.21 0.28 0.32 0.38 0.39 0.40 0.41 0.42 0.44 0.46 0.42 0.46 0.48 0.81 0.92    . 0.98 0.95 0.92 0.88 0.86 0.85 0.86 0.85 0.82 0.22 0.22 0.22 0.22 0.22 0.22 0.22 0.22 0.22 0.22 0.22
tine03   0.35 0.40 0.45 0.46 0.47 0.50 0.51 0.54 0.55 0.55 0.54 0.56 0.40 0.37 0.35 0.32 0.23 0.20 0.22 0.23 0.21 0.26 0.20 0.21 0.30 0.34 0.39 0.40 0.41 0.41 0.44 0.46 0.46 0.45 0.47 0.48 0.81 0.88 0.98    . 0.98 0.95 0.91 0.86 0.85 0.85 0.84 0.82 0.23 0.23 0.23 0.23 0.23 0.23 0.23 0.23 0.23 0.23 0.23
tine04   0.41 0.47 0.53 0.55 0.58 0.60 0.62 0.65 0.66 0.66 0.66 0.67 0.40 0.39 0.38 0.38 0.31 0.30 0.29 0.30 0.29 0.32 0.28 0.28 0.33 0.35 0.39 0.40 0.41 0.41 0.44 0.45 0.46 0.46 0.46 0.47 0.81 0.86 0.95 0.98    . 0.96 0.93 0.90 0.86 0.86 0.86 0.84 0.19 0.19 0.19 0.19 0.19 0.19 0.19 0.19 0.19 0.19 0.19
tine05   0.44 0.50 0.57 0.60 0.58 0.59 0.61 0.65 0.65 0.66 0.66 0.67 0.42 0.40 0.39 0.36 0.30 0.32 0.32 0.31 0.29 0.31 0.29 0.29 0.34 0.34 0.39 0.40 0.41 0.41 0.42 0.43 0.45 0.46 0.46 0.47 0.75 0.85 0.92 0.95 0.96    . 0.98 0.94 0.91 0.89 0.89 0.88 0.19 0.19 0.19 0.19 0.19 0.19 0.19 0.19 0.19 0.19 0.19
tine06   0.45 0.50 0.55 0.58 0.55 0.57 0.62 0.67 0.69 0.69 0.69 0.71 0.42 0.38 0.39 0.35 0.31 0.31 0.31 0.31 0.28 0.30 0.27 0.27 0.34 0.34 0.38 0.41 0.41 0.39 0.41 0.41 0.44 0.44 0.44 0.45 0.76 0.89 0.88 0.91 0.93 0.98    . 0.99 0.95 0.92 0.90 0.88 0.18 0.18 0.18 0.18 0.18 0.18 0.18 0.18 0.18 0.18 0.18
tine07   0.47 0.51 0.53 0.56 0.53 0.57 0.62 0.68 0.70 0.70 0.70 0.72 0.43 0.41 0.40 0.37 0.35 0.34 0.34 0.30 0.31 0.33 0.31 0.33 0.35 0.35 0.39 0.43 0.42 0.39 0.41 0.41 0.44 0.43 0.43 0.44 0.74 0.88 0.86 0.86 0.90 0.94 0.99    . 0.98 0.93 0.89 0.86 0.14 0.14 0.14 0.14 0.14 0.14 0.14 0.14 0.14 0.14 0.14
tine08   0.48 0.52 0.53 0.56 0.54 0.59 0.64 0.70 0.71 0.71 0.70 0.72 0.43 0.42 0.41 0.37 0.36 0.34 0.35 0.32 0.32 0.35 0.32 0.35 0.36 0.35 0.40 0.44 0.44 0.42 0.43 0.44 0.45 0.45 0.44 0.46 0.72 0.85 0.85 0.85 0.86 0.91 0.95 0.98    . 0.98 0.94 0.89 0.12 0.12 0.12 0.12 0.12 0.12 0.12 0.12 0.12 0.12 0.12
tine09   0.48 0.52 0.54 0.57 0.56 0.58 0.65 0.70 0.71 0.71 0.70 0.72 0.45 0.45 0.44 0.44 0.39 0.37 0.37 0.35 0.34 0.36 0.34 0.34 0.39 0.38 0.41 0.44 0.44 0.43 0.44 0.44 0.45 0.46 0.45 0.47 0.72 0.82 0.86 0.85 0.86 0.89 0.92 0.93 0.98    . 0.98 0.93 0.11 0.11 0.11 0.11 0.11 0.11 0.11 0.11 0.11 0.11 0.11
tine10   0.48 0.53 0.55 0.57 0.56 0.60 0.66 0.70 0.70 0.69 0.69 0.70 0.47 0.49 0.44 0.46 0.40 0.37 0.37 0.35 0.35 0.38 0.35 0.36 0.40 0.38 0.42 0.44 0.43 0.43 0.43 0.44 0.45 0.45 0.45 0.46 0.71 0.82 0.85 0.84 0.86 0.89 0.90 0.89 0.94 0.98    . 0.97 0.12 0.12 0.12 0.12 0.12 0.12 0.12 0.12 0.12 0.12 0.12
tine11   0.49 0.56 0.57 0.60 0.58 0.59 0.65 0.69 0.68 0.68 0.67 0.69 0.50 0.51 0.47 0.47 0.40 0.39 0.40 0.35 0.34 0.36 0.35 0.36 0.39 0.39 0.39 0.42 0.41 0.41 0.41 0.42 0.44 0.43 0.43 0.45 0.71 0.80 0.82 0.82 0.84 0.88 0.88 0.86 0.89 0.93 0.97    . 0.12 0.12 0.12 0.12 0.12 0.12 0.12 0.12 0.12 0.12 0.12
wurlz002 0.00 0.00 0.00 0.00 0.00 0.00 0.00 0.00 0.00 0.00 0.00 0.00 0.05 0.01 0.03 0.03 0.04 0.04 0.04 0.05 0.06 0.05 0.05 0.06 0.05 0.05 0.05 0.05 0.05 0.05 0.03 0.04 0.05 0.05 0.05 0.04 0.31 0.23 0.22 0.23 0.19 0.19 0.18 0.14 0.12 0.11 0.12 0.12    . 1.00 1.00 1.00 1.00 1.00 1.00 1.00 1.00 1.00 1.00
wurlz003 0.00 0.00 0.00 0.00 0.00 0.00 0.00 0.00 0.00 0.00 0.00 0.00 0.05 0.01 0.03 0.03 0.04 0.04 0.04 0.05 0.06 0.05 0.05 0.06 0.05 0.05 0.05 0.05 0.05 0.05 0.03 0.04 0.05 0.05 0.05 0.04 0.31 0.23 0.22 0.23 0.19 0.19 0.18 0.14 0.12 0.11 0.12 0.12 1.00    . 1.00 1.00 1.00 1.00 1.00 1.00 1.00 1.00 1.00
wurlz001 0.00 0.00 0.00 0.00 0.00 0.00 0.00 0.00 0.00 0.00 0.00 0.00 0.05 0.01 0.03 0.03 0.04 0.04 0.04 0.05 0.06 0.05 0.05 0.06 0.05 0.05 0.05 0.05 0.05 0.05 0.03 0.04 0.05 0.05 0.05 0.04 0.31 0.23 0.22 0.23 0.19 0.19 0.18 0.14 0.12 0.11 0.12 0.12 1.00 1.00    . 1.00 1.00 1.00 1.00 1.00 1.00 1.00 1.00
wurlz007 0.00 0.00 0.00 0.00 0.00 0.00 0.00 0.00 0.00 0.00 0.00 0.00 0.05 0.01 0.03 0.03 0.04 0.04 0.04 0.05 0.06 0.05 0.05 0.06 0.05 0.05 0.05 0.05 0.05 0.05 0.03 0.04 0.05 0.05 0.05 0.04 0.31 0.23 0.22 0.23 0.19 0.19 0.18 0.14 0.12 0.11 0.12 0.12 1.00 1.00 1.00    . 1.00 1.00 1.00 1.00 1.00 1.00 1.00
wurlz008 0.00 0.00 0.00 0.00 0.00 0.00 0.00 0.00 0.00 0.00 0.00 0.00 0.05 0.01 0.03 0.03 0.04 0.04 0.04 0.05 0.06 0.05 0.05 0.06 0.05 0.05 0.05 0.05 0.05 0.05 0.03 0.04 0.05 0.05 0.05 0.04 0.31 0.23 0.22 0.23 0.19 0.19 0.18 0.14 0.12 0.11 0.12 0.12 1.00 1.00 1.00 1.00    . 1.00 1.00 1.00 1.00 1.00 1.00
wurlz010 0.00 0.00 0.00 0.00 0.00 0.00 0.00 0.00 0.00 0.00 0.00 0.00 0.05 0.01 0.03 0.03 0.04 0.04 0.04 0.05 0.06 0.05 0.05 0.06 0.05 0.05 0.05 0.05 0.05 0.05 0.03 0.04 0.05 0.05 0.05 0.04 0.31 0.23 0.22 0.23 0.19 0.19 0.18 0.14 0.12 0.11 0.12 0.12 1.00 1.00 1.00 1.00 1.00    . 1.00 1.00 1.00 1.00 1.00
wurlz012 0.00 0.00 0.00 0.00 0.00 0.00 0.00 0.00 0.00 0.00 0.00 0.00 0.05 0.01 0.03 0.03 0.04 0.04 0.04 0.05 0.06 0.05 0.05 0.06 0.05 0.05 0.05 0.05 0.05 0.05 0.03 0.04 0.05 0.05 0.05 0.04 0.31 0.23 0.22 0.23 0.19 0.19 0.18 0.14 0.12 0.11 0.12 0.12 1.00 1.00 1.00 1.00 1.00 1.00    . 1.00 1.00 1.00 1.00
wurlz013 0.00 0.00 0.00 0.00 0.00 0.00 0.00 0.00 0.00 0.00 0.00 0.00 0.05 0.01 0.03 0.03 0.04 0.04 0.04 0.05 0.06 0.05 0.05 0.06 0.05 0.05 0.05 0.05 0.05 0.05 0.03 0.04 0.05 0.05 0.05 0.04 0.31 0.23 0.22 0.23 0.19 0.19 0.18 0.14 0.12 0.11 0.12 0.12 1.00 1.00 1.00 1.00 1.00 1.00 1.00    . 1.00 1.00 1.00
wurlz014 0.00 0.00 0.00 0.00 0.00 0.00 0.00 0.00 0.00 0.00 0.00 0.00 0.05 0.01 0.03 0.03 0.04 0.04 0.04 0.05 0.06 0.05 0.05 0.06 0.05 0.05 0.05 0.05 0.05 0.05 0.03 0.04 0.05 0.05 0.05 0.04 0.31 0.23 0.22 0.23 0.19 0.19 0.18 0.14 0.12 0.11 0.12 0.12 1.00 1.00 1.00 1.00 1.00 1.00 1.00 1.00    . 1.00 1.00
wurlz016 0.00 0.00 0.00 0.00 0.00 0.00 0.00 0.00 0.00 0.00 0.00 0.00 0.05 0.01 0.03 0.03 0.04 0.04 0.04 0.05 0.06 0.05 0.05 0.06 0.05 0.05 0.05 0.05 0.05 0.05 0.03 0.04 0.05 0.05 0.05 0.04 0.31 0.23 0.22 0.23 0.19 0.19 0.18 0.14 0.12 0.11 0.12 0.12 1.00 1.00 1.00 1.00 1.00 1.00 1.00 1.00 1.00    . 1.00
wurlz017 0.00 0.00 0.00 0.00 0.00 0.00 0.00 0.00 0.00 0.00 0.00 0.00 0.05 0.01 0.03 0.03 0.04 0.04 0.04 0.05 0.06 0.05 0.05 0.06 0.05 0.05 0.05 0.05 0.05 0.05 0.03 0.04 0.05 0.05 0.05 0.04 0.31 0.23 0.22 0.23 0.19 0.19 0.18 0.14 0.12 0.11 0.12 0.12 1.00 1.00 1.00 1.00 1.00 1.00 1.00 1.00 1.00 1.00    .

correspondence to the reference: chained through each family's sweep from its middle model
