bake — variant diagonal with decay, K=4, extent 2.20, reference guitar002, D=144 over 71 models (guitar only), blocks weighted by total variance

map round trip (log then exp, no PCA): worst 2.57e+00 over cents and relative gain

held out 2 models, fitted on 69. variance explained by the 4 components: 51.1% 8.0% 6.7% 4.4%  (cumulative 70.3%)

reconstruction from each model's own coordinates:
  model    family   param       cents  gain err    min hz     frame   neg   coords (whitened)
  guitar045 guitar  41.000        14.5     0.964      86.3  0.00e+00     0    -1.74  -0.25  -1.40   1.05  held out
  guitar064 guitar  44.000        28.0     0.226     102.4  0.00e+00     0    -1.47  -0.33  -1.17   0.52  held out
  guitar038 guitar  40.000        41.9     0.937      84.1  0.00e+00     0    -1.75   0.01  -0.09   1.49  
  guitar037 guitar  40.000        36.5     0.688      83.8  0.00e+00     0    -1.64   0.30  -1.70   1.61  
  guitar046 guitar  41.000         7.9     0.958      87.5  0.00e+00     0    -1.56   0.36   0.08   0.99  
  guitar052 guitar  42.000        11.8     0.542      92.5  0.00e+00     0    -1.18   1.00   0.50  -1.36  
  guitar051 guitar  42.000        52.3     1.164      89.6  0.00e+00     0    -1.77  -0.70  -2.63   0.68  
  guitar058 guitar  43.000        10.2     0.552      97.8  0.00e+00     0    -0.98   1.49   0.35  -0.57  
  guitar057 guitar  43.000        12.9     0.657      97.6  0.00e+00     0    -1.58  -0.69  -2.10  -0.51  
  guitar065 guitar  44.000        50.4     0.747     107.3  0.00e+00     0    -0.70   1.93   0.80  -0.82  
  guitar001 guitar  45.000        27.0     0.636     111.5  0.00e+00     0    -1.05   0.72   0.66   0.32  
  guitar000 guitar  45.000        29.7     0.359     111.4  0.00e+00     0    -1.24   0.10  -0.23   0.79  
  guitar007 guitar  46.000        33.0     0.423     114.2  0.00e+00     0    -1.06   0.55  -0.37   0.76  
  guitar006 guitar  46.000        50.7     0.210     112.7  0.00e+00     0    -1.38  -0.46  -0.90   1.06  
  guitar013 guitar  47.000        15.0     1.224     124.7  0.00e+00     0    -0.84   0.26  -0.84  -2.55  
  guitar012 guitar  47.000        24.6     0.304     121.3  0.00e+00     0    -1.37  -0.85  -0.87   0.74  
  guitar018 guitar  48.000        69.0     0.665     125.6  0.00e+00     0    -1.29  -1.00  -1.02  -0.58  
  guitar019 guitar  48.000        35.0     0.623     128.4  0.00e+00     0    -0.56   1.61   1.32   0.18  
  guitar022 guitar  49.000        17.7     0.349     139.5  0.00e+00     0    -1.02  -0.14   0.64   1.84  
  guitar023 guitar  49.000        29.9     0.477     136.6  0.00e+00     0    -0.48   1.36   0.45  -0.65  
  guitar025 guitar  50.000         7.3     0.479     147.2  0.00e+00     0    -0.90  -0.11   0.84   1.18  
  guitar026 guitar  50.000        11.7     0.848     147.1  0.00e+00     0    -0.80  -0.25  -0.49  -1.22  
  guitar032 guitar  51.000         9.1     0.496     156.3  0.00e+00     0    -0.75  -0.05   1.23   0.43  
  guitar031 guitar  51.000        13.1     0.339     156.5  0.00e+00     0    -1.04  -1.06   0.28   0.56  
  guitar039 guitar  52.000        14.8     0.589     165.1  0.00e+00     0    -0.91  -0.96   0.22   0.23  
  guitar040 guitar  52.000         9.0     0.233     166.0  0.00e+00     0    -0.48   0.35   1.15  -0.68  
  guitar048 guitar  53.000        76.3     0.511     167.3  0.00e+00     0    -0.28   1.02   0.54  -0.11  
  guitar047 guitar  53.000        11.4     0.406     174.2  0.00e+00     0    -0.83  -0.89   0.45   0.70  
  guitar054 guitar  54.000        14.1     0.628     186.9  0.00e+00     0    -0.32   0.42   2.12  -0.10  
  guitar053 guitar  54.000        21.7     0.495     182.0  0.00e+00     0    -0.89  -1.23  -0.70   1.83  
  guitar059 guitar  55.000        39.9     0.912     201.6  0.00e+00     0    -0.33  -0.61  -0.97  -2.42  
  guitar060 guitar  55.000        22.2     0.271     199.4  0.00e+00     0     0.14   1.35  -0.10  -0.86  
  guitar066 guitar  56.000        34.0     0.187     212.9  0.00e+00     0    -0.19  -0.02   0.99  -0.76  
  guitar067 guitar  56.000        16.7     0.096     206.8  0.00e+00     0     0.30   1.71  -0.27  -0.49  
  guitar003 guitar  57.000         5.7     0.180     220.8  0.00e+00     0     0.44   1.91  -0.46  -0.06  
  guitar002 guitar  57.000        34.7     0.461     226.1  0.00e+00     0     0.05   0.53   1.41  -0.48  
  guitar008 guitar  58.000        17.4     1.022     233.5  0.00e+00     0    -0.07  -0.45  -0.83  -1.97  
  guitar009 guitar  58.000         5.2     0.144     233.1  0.00e+00     0     0.48   1.73  -0.49  -0.13  
  guitar014 guitar  59.000        74.5     0.158     259.4  0.00e+00     0     0.15   0.05   0.81  -0.74  
  guitar015 guitar  59.000        70.9     0.220     257.7  0.00e+00     0     0.63   1.72  -1.01   0.19  
  guitar020 guitar  60.000        81.1     1.131     275.7  0.00e+00     0     0.03  -0.87  -0.28  -1.47  
  guitar024 guitar  61.000        31.2     0.805     284.4  0.00e+00     0     0.10  -0.57   1.30  -0.61  
  guitar028 guitar  62.000        47.6     0.153     286.5  0.00e+00     0     0.71   1.44  -0.26   0.10  
  guitar027 guitar  62.000        26.3     0.448     292.0  0.00e+00     0     0.43   0.35   0.95  -0.74  
  guitar034 guitar  63.000        12.7     0.128     309.3  0.00e+00     0     0.80   1.36  -0.63   0.31  
  guitar033 guitar  63.000        21.0     1.322     309.6  0.00e+00     0     0.28  -0.75  -0.33  -1.91  
  guitar041 guitar  64.000        47.0     0.464     321.8  0.00e+00     0     0.08  -1.01   1.59   0.89  
  guitar042 guitar  64.000        17.4     0.203     326.7  0.00e+00     0     0.93   1.58  -0.20   0.67  
  guitar049 guitar  65.000         9.4     0.595     349.4  0.00e+00     0     0.08  -1.46   1.78   0.88  
  guitar050 guitar  65.000        20.5     0.332     347.5  0.00e+00     0     0.53  -0.15   0.88  -0.19  
  guitar056 guitar  66.000         5.4     0.125     369.9  0.00e+00     0     0.90   0.73  -0.28   0.16  
  guitar055 guitar  66.000        11.6     0.520     374.1  0.00e+00     0     0.31  -1.58  -0.31  -1.46  
  guitar062 guitar  67.000        17.4     0.391     389.9  0.00e+00     0     0.99   0.62  -1.24  -0.05  
  guitar061 guitar  67.000        81.2     0.602     411.7  0.00e+00     0     0.23  -1.82   1.61   0.93  
  guitar068 guitar  68.000        18.1     1.451     413.7  0.00e+00     0     0.32  -2.05   0.18  -1.55  
  guitar069 guitar  68.000         7.7     0.982     414.6  0.00e+00     0     0.85  -0.26  -1.51  -0.53  
  guitar005 guitar  69.000        83.2     0.186     461.8  0.00e+00     0     1.18   0.57  -0.52   0.94  
  guitar004 guitar  69.000        16.0     0.240     438.6  0.00e+00     0     0.56  -1.45   0.57  -0.98  
  guitar011 guitar  70.000        55.4     0.417     452.7  0.00e+00     0     1.09   0.30   0.18   0.21  
  guitar010 guitar  70.000         5.4     0.340     468.1  0.00e+00     0     0.70  -1.08   1.56   0.18  
  guitar017 guitar  71.000        43.3     0.458     483.1  0.00e+00     0     1.08  -0.07   0.46   0.07  
  guitar016 guitar  71.000        23.9     0.743     503.4  0.00e+00     0     0.84  -1.05   1.51  -0.08  
  guitar029 guitar  74.000        38.2     0.347     575.8  0.00e+00     0     1.19  -0.73   0.09  -0.23  
  guitar030 guitar  74.000        10.4     0.183     590.3  0.00e+00     0     1.45   0.16  -0.69   1.07  
  guitar035 guitar  75.000        45.1     0.604     606.5  0.00e+00     0     1.60   0.66   0.13   1.44  
  guitar036 guitar  75.000       177.8     0.176     687.9  0.00e+00     0     1.63  -0.04  -1.19   1.25  
  guitar044 guitar  76.000         6.3     1.142     659.6  0.00e+00     0     1.39  -0.93  -1.88  -0.26  
  guitar043 guitar  76.000        46.1     1.318     644.6  0.00e+00     0     1.29  -1.03  -0.33  -0.29  
  guitar063 guitar  79.000         8.0     1.716     782.3  0.00e+00     0     1.65  -0.84  -1.33   0.24  
  guitar070 guitar  80.000       162.2     1.081     761.1  0.00e+00     0     1.74  -0.16   0.38   0.88  
  guitar021 guitar  84.000        42.1     0.368    1070.9  0.00e+00     0     2.07  -0.86  -0.92   1.65  

  held out, worst: 28.0 cents, gain error 0.964, frame 0.00e+00, 0 non-positive frequencies
  in sample, worst: 177.8 cents, gain error 1.716, frame 0.00e+00, 0 non-positive frequencies

fitted on all 71. variance explained: 51.8% 7.6% 6.6% 4.2%  (cumulative 70.3%)
block scales: 4.551 11.1 11.03
component sdevs: 1.256 0.4811 0.4491 0.3573

where every model sits in the cube (whitened coordinate / extent, so inside is |x| < 1):
  guitar000  -0.53   0.05  -0.06  -0.30
  guitar001  -0.44   0.37   0.29  -0.15
  guitar002   0.05   0.30   0.62   0.17
  guitar003   0.22   0.86  -0.29   0.03
  guitar004   0.27  -0.64   0.34   0.44
  guitar005   0.54   0.24  -0.30  -0.42
  guitar006  -0.60  -0.23  -0.34  -0.42
  guitar007  -0.45   0.25  -0.13  -0.29
  guitar008  -0.01  -0.23  -0.29   0.95
  guitar009   0.23   0.77  -0.30   0.06
  guitar010   0.33  -0.44   0.73  -0.14
  guitar011   0.50   0.14   0.03  -0.13
  guitar012  -0.59  -0.41  -0.31  -0.28
  guitar013  -0.35   0.11  -0.28   1.22   outside
  guitar014   0.09   0.06   0.38   0.31
  guitar015   0.30   0.75  -0.53  -0.05
  guitar016   0.40  -0.43   0.73  -0.01
  guitar017   0.50  -0.02   0.18  -0.07
  guitar018  -0.56  -0.48  -0.34   0.35
  guitar019  -0.22   0.80   0.54  -0.12
  guitar020   0.03  -0.40  -0.05   0.69
  guitar021   0.94  -0.45  -0.44  -0.73
  guitar022  -0.43  -0.03   0.33  -0.79
  guitar023  -0.19   0.66   0.20   0.30
  guitar024   0.07  -0.21   0.62   0.23
  guitar025  -0.37  -0.01   0.42  -0.52
  guitar026  -0.33  -0.11  -0.12   0.63
  guitar027   0.22   0.20   0.42   0.30
  guitar028   0.33   0.65  -0.19  -0.06
  guitar029   0.55  -0.34   0.05   0.08
  guitar030   0.66   0.04  -0.36  -0.47
  guitar031  -0.44  -0.46   0.20  -0.24
  guitar032  -0.31   0.03   0.58  -0.21
  guitar033   0.14  -0.35  -0.06   0.89
  guitar034   0.38   0.59  -0.36  -0.13
  guitar035   0.73   0.29  -0.03  -0.68
  guitar036   0.74  -0.08  -0.57  -0.52
  guitar037  -0.72   0.09  -0.73  -0.62
  guitar038  -0.76   0.02   0.02  -0.62
  guitar039  -0.39  -0.42   0.16  -0.09
  guitar040  -0.19   0.22   0.55   0.29
  guitar041   0.06  -0.40   0.75  -0.44
  guitar042   0.43   0.71  -0.19  -0.31
  guitar043   0.59  -0.49  -0.12   0.13
  guitar044   0.63  -0.50  -0.81   0.18
  guitar045  -0.77  -0.17  -0.65  -0.52
  guitar046  -0.68   0.18   0.05  -0.45
  guitar047  -0.35  -0.38   0.26  -0.32
  guitar048  -0.10   0.50   0.22   0.03
  guitar049   0.06  -0.60   0.87  -0.43
  guitar050   0.26  -0.03   0.39   0.04
  guitar051  -0.78  -0.41  -1.10  -0.18   outside
  guitar052  -0.50   0.50   0.26   0.61
  guitar053  -0.38  -0.58  -0.26  -0.80
  guitar054  -0.11   0.28   0.96  -0.02
  guitar055   0.16  -0.73  -0.02   0.70
  guitar056   0.42   0.32  -0.17  -0.07
  guitar057  -0.69  -0.38  -0.85   0.34
  guitar058  -0.41   0.71   0.13   0.25
  guitar059  -0.13  -0.30  -0.33   1.16   outside
  guitar060   0.09   0.62  -0.07   0.40
  guitar061   0.13  -0.78   0.78  -0.48
  guitar062   0.45   0.23  -0.60   0.05
  guitar063   0.75  -0.45  -0.60  -0.08
  guitar064  -0.64  -0.20  -0.50  -0.17
  guitar065  -0.28   0.93   0.34   0.39
  guitar066  -0.06   0.04   0.49   0.33
  guitar067   0.15   0.78  -0.18   0.23
  guitar068   0.17  -0.93   0.20   0.71
  guitar069   0.39  -0.18  -0.66   0.30
  guitar070   0.79  -0.08   0.10  -0.46
  3 of 71 outside the cube at extent 2.20
