bake — variant diagonal with decay, K=4, extent 2.20, reference ep145, D=144 over 169 models (ep only), blocks weighted by total variance

map round trip (log then exp, no PCA): worst 1.96e+00 over cents and relative gain

held out 2 models, fitted on 167. variance explained by the 4 components: 66.3% 7.2% 5.2% 2.7%  (cumulative 81.4%)

reconstruction from each model's own coordinates:
  model    family   param       cents  gain err    min hz     frame   neg   coords (whitened)
  ep106    ep      37.000       154.0     1.207      74.3  0.00e+00     0    -1.63   1.54  -0.50  -1.76  held out
  ep050    ep      40.000        86.5     1.050      85.1  0.00e+00     0    -1.63   1.79  -0.23  -1.42  held out
  ep113    ep      36.000        42.1     1.040      65.7  0.00e+00     0    -1.69   1.97  -0.42  -2.58  
  ep028    ep      36.000       237.4     1.220      55.9  0.00e+00     0    -1.90   3.14  -0.62  -2.97  
  ep021    ep      37.000       191.7     1.205      60.8  0.00e+00     0    -1.85   2.71  -0.33  -2.68  
  ep043    ep      38.000       147.2     1.269      66.1  0.00e+00     0    -1.86   2.41  -0.24  -1.70  
  ep128    ep      38.000        96.9     1.047      76.2  0.00e+00     0    -1.62   1.71  -0.31  -2.06  
  ep121    ep      39.000        84.7     1.169      80.2  0.00e+00     0    -1.62   1.63  -0.13  -1.78  
  ep036    ep      39.000       177.1     1.102      68.8  0.00e+00     0    -1.84   2.88  -0.21  -2.21  
  ep135    ep      40.000        62.7     1.425      78.9  0.00e+00     0    -1.17  -1.36   0.15  -2.64  
  ep064    ep      41.000       188.8     1.334      95.5  0.00e+00     0    -1.60   1.51  -0.20  -0.66  
  ep149    ep      41.000       101.4     1.552      91.5  0.00e+00     0    -1.11  -1.45   1.01  -2.83  
  ep142    ep      42.000       111.0     1.126      86.2  0.00e+00     0    -1.10  -1.36  -0.14  -2.37  
  ep057    ep      42.000       119.4     1.704      97.2  0.00e+00     0    -1.66   1.68   0.06  -0.47  
  ep078    ep      43.000       341.9     1.459     118.4  0.00e+00     0    -1.07  -1.50   1.48  -1.89  
  ep163    ep      43.000       347.6     0.934      79.3  0.00e+00     0    -1.09  -1.03  -3.42  -0.60  
  ep071    ep      44.000       136.0     1.469     111.1  0.00e+00     0    -1.19  -1.08   1.67  -1.88  
  ep156    ep      44.000       334.1     1.026      84.7  0.00e+00     0    -1.02  -1.37  -3.34  -0.45  
  ep007    ep      45.000       207.8     1.193     122.8  0.00e+00     0    -1.10  -1.10   1.27  -1.66  
  ep092    ep      45.000       376.3     1.233      87.6  0.00e+00     0    -1.02  -1.47  -3.32  -0.19  
  ep085    ep      46.000       406.5     1.072      91.4  0.00e+00     0    -0.93  -1.67  -3.08  -0.62  
  ep000    ep      46.000       213.1     1.515     130.4  0.00e+00     0    -1.09  -1.21   1.55  -1.49  
  ep099    ep      47.000       342.5     0.797     100.9  0.00e+00     0    -1.01  -0.88  -2.66  -0.62  
  ep014    ep      47.000        16.4     1.027     121.6  0.00e+00     0    -1.56   1.36   1.03  -0.30  
  ep114    ep      48.000       294.7     0.821     110.0  0.00e+00     0    -0.89  -1.35  -1.63  -1.42  
  ep029    ep      48.000       161.0     0.948     116.5  0.00e+00     0    -1.65   2.36   0.32  -0.33  
  ep022    ep      49.000       174.3     0.919     122.7  0.00e+00     0    -1.59   1.99   0.43  -0.26  
  ep107    ep      49.000       302.3     0.829     115.7  0.00e+00     0    -0.93  -1.16  -2.72  -0.05  
  ep044    ep      50.000        65.0     1.029     149.5  0.00e+00     0    -1.51   1.35   0.63   0.89  
  ep129    ep      50.000       180.2     0.789     160.9  0.00e+00     0    -1.24   0.75  -1.72   1.76  
  ep122    ep      51.000       169.2     0.786     169.2  0.00e+00     0    -1.23   0.83  -1.82   1.96  
  ep037    ep      51.000        38.5     0.965     155.8  0.00e+00     0    -1.50   1.49   0.60   0.95  
  ep051    ep      52.000       115.9     1.193     172.6  0.00e+00     0    -1.46   1.21   0.65   1.52  
  ep136    ep      52.000       140.3     0.749     176.3  0.00e+00     0    -1.21   0.87  -1.83   2.00  
  ep150    ep      53.000        64.7     0.629     178.1  0.00e+00     0    -1.06   0.14  -2.40   2.05  
  ep065    ep      53.000       137.9     1.294     184.5  0.00e+00     0    -1.41   0.98   0.39   2.05  
  ep143    ep      54.000        83.0     0.757     190.8  0.00e+00     0    -1.04   0.04  -2.31   2.38  
  ep058    ep      54.000       116.6     1.081     193.4  0.00e+00     0    -1.36   0.93   0.42   1.92  
  ep079    ep      55.000        10.2     0.806     191.0  0.00e+00     0    -1.44   1.52   0.65   1.63  
  ep164    ep      55.000        76.9     0.794     201.5  0.00e+00     0    -1.02   0.06  -2.27   2.51  
  ep072    ep      56.000        73.1     0.982     212.6  0.00e+00     0    -1.23   0.42   1.01   1.46  
  ep157    ep      56.000       301.9     0.541     244.6  0.00e+00     0    -0.77  -0.56  -1.05   1.23  
  ep008    ep      57.000        45.4     0.792     221.6  0.00e+00     0    -1.11   0.24   0.63   1.19  
  ep093    ep      57.000       366.7     0.521     268.7  0.00e+00     0    -0.71  -0.63  -0.81   1.16  
  ep001    ep      58.000        16.9     0.902     228.5  0.00e+00     0    -1.19   0.47   1.06   1.51  
  ep086    ep      58.000       365.0     0.540     284.2  0.00e+00     0    -0.77  -0.31  -0.26   1.25  
  ep100    ep      59.000       271.9     0.500     284.8  0.00e+00     0    -0.74  -0.24  -0.83   1.38  
  ep015    ep      59.000       123.4     0.781     260.2  0.00e+00     0    -1.05  -0.03   1.58   1.20  
  ep030    ep      60.000        27.9     0.818     260.7  0.00e+00     0    -0.90  -0.41   1.70   0.26  
  ep115    ep      60.000       222.9     0.476     293.6  0.00e+00     0    -0.65  -0.40  -1.17   1.26  
  ep108    ep      61.000       208.3     0.452     308.6  0.00e+00     0    -0.60  -0.57  -1.37   1.50  
  ep023    ep      61.000        27.8     1.098     268.5  0.00e+00     0    -0.93  -0.46   1.77   0.74  
  ep045    ep      62.000        26.3     0.665     283.7  0.00e+00     0    -1.05   0.19   1.31   1.76  
  ep130    ep      62.000       316.0     0.374     347.3  0.00e+00     0    -0.61  -0.55  -0.55   1.63  
  ep123    ep      63.000       105.7     0.423     326.4  0.00e+00     0    -0.51  -0.95  -0.77   0.97  
  ep038    ep      63.000        39.9     0.593     298.4  0.00e+00     0    -0.96  -0.00   1.67   1.23  
  ep052    ep      64.000        87.2     0.621     307.3  0.00e+00     0    -0.98   0.03   1.67   1.48  
  ep137    ep      64.000        21.6     0.456     322.8  0.00e+00     0    -0.40  -1.49  -0.55   0.42  
  ep066    ep      65.000        23.3     0.773     346.7  0.00e+00     0    -0.72  -0.38   1.94   0.20  
  ep151    ep      65.000       133.7     0.613     372.3  0.00e+00     0    -0.33  -0.78  -0.34  -0.29  
  ep059    ep      66.000        69.6     0.761     350.3  0.00e+00     0    -0.69  -0.25   1.43   0.37  
  ep144    ep      66.000        34.0     0.585     359.7  0.00e+00     0    -0.34  -1.10  -0.25  -0.16  
  ep080    ep      67.000        16.7     0.997     387.2  0.00e+00     0    -0.74  -0.36   1.73   1.33  
  ep165    ep      67.000       295.2     0.644     457.9  0.00e+00     0    -0.38  -0.29   0.02   0.55  
  ep073    ep      68.000       182.6     0.743     367.2  0.00e+00     0    -0.73  -0.31   2.05   0.49  
  ep158    ep      68.000        67.6     0.577     396.6  0.00e+00     0    -0.21  -1.57   0.12  -0.42  
  ep009    ep      69.000       170.3     0.642     393.7  0.00e+00     0    -0.45  -1.25   1.41   0.16  
  ep094    ep      69.000        59.7     0.573     448.4  0.00e+00     0    -0.49  -0.46   1.00   0.73  
  ep002    ep      70.000       184.9     0.620     413.6  0.00e+00     0    -0.44  -1.18   1.35   0.37  
  ep087    ep      70.000       175.7     0.715     415.1  0.00e+00     0    -0.56  -0.10   1.55   0.00  
  ep016    ep      71.000       281.3     0.622     413.6  0.00e+00     0    -0.46  -1.23   1.29   0.60  
  ep101    ep      71.000       186.3     0.568     437.8  0.00e+00     0    -0.40  -0.81   1.00   0.22  
  ep031    ep      72.000       216.9     0.679     455.2  0.00e+00     0    -0.41  -1.10   1.74   0.29  
  ep116    ep      72.000        27.9     0.537     508.6  0.00e+00     0    -0.24  -1.10   0.93   0.19  
  ep024    ep      73.000       271.5     0.651     467.3  0.00e+00     0    -0.42  -0.96   1.82   0.29  
  ep109    ep      73.000       105.3     0.404     515.8  0.00e+00     0    -0.15  -1.29   0.67  -0.09  
  ep131    ep      74.000       137.0     0.253     536.7  0.00e+00     0    -0.05  -1.19  -0.16  -0.15  
  ep046    ep      74.000       230.8     0.639     506.9  0.00e+00     0    -0.35  -1.00   1.82   0.23  
  ep124    ep      75.000       232.9     0.598     536.5  0.00e+00     0    -0.17  -0.88   0.78  -0.20  
  ep039    ep      75.000       228.7     0.554     539.5  0.00e+00     0    -0.06  -1.66   0.53  -0.03  
  ep053    ep      76.000       219.0     0.612     574.9  0.00e+00     0    -0.02  -1.66   0.60  -0.03  
  ep138    ep      76.000       225.5     0.585     571.7  0.00e+00     0    -0.15  -0.84   0.93  -0.17  
  ep067    ep      77.000       164.2     0.574     628.7  0.00e+00     0     0.03  -1.66   0.35   0.30  
  ep152    ep      77.000       154.1     0.371     632.1  0.00e+00     0     0.03  -1.25   0.12   0.04  
  ep145    ep      78.000       179.5     0.203     810.7  0.00e+00     0     0.19  -0.86   0.23  -0.26  
  ep060    ep      78.000        48.3     0.450     713.5  0.00e+00     0     0.17  -0.95  -0.33  -0.40  
  ep166    ep      79.000        89.3     0.137     815.9  0.00e+00     0     0.24  -0.97  -0.04  -0.37  
  ep081    ep      79.000       190.4     0.495     695.9  0.00e+00     0     0.11  -1.09  -0.12  -0.03  
  ep159    ep      80.000       141.4     0.092     890.6  0.00e+00     0     0.34  -0.89  -0.16  -0.63  
  ep074    ep      80.000       294.4     0.825     692.6  0.00e+00     0     0.11  -1.03  -0.13  -0.14  
  ep010    ep      81.000       305.5     0.385     729.3  0.00e+00     0     0.09  -1.23   0.18   0.42  
  ep095    ep      81.000       435.7     0.284    1121.7  0.00e+00     0     0.52  -0.23  -0.64  -1.10  
  ep088    ep      82.000       406.1     0.341    1166.1  0.00e+00     0     0.52  -0.13  -0.58  -1.08  
  ep003    ep      82.000       292.4     0.501     785.1  0.00e+00     0     0.16  -1.00   0.13   0.01  
  ep017    ep      83.000       266.8     0.424    1146.2  0.00e+00     0     0.52  -0.77  -0.31  -0.64  
  ep102    ep      83.000       123.2     0.419    1045.3  0.00e+00     0     0.40  -0.46  -0.40  -0.42  
  ep117    ep      84.000       337.6     0.075    1257.5  0.00e+00     0     0.54  -0.26  -0.25  -0.82  
  ep032    ep      84.000        26.9     0.122    1046.1  0.00e+00     0     0.42  -0.79  -0.23  -0.38  
  ep025    ep      85.000        42.2     0.216    1084.5  0.00e+00     0     0.40  -0.93   0.07  -0.07  
  ep110    ep      85.000       251.7     0.125    1268.6  0.00e+00     0     0.56  -0.44  -0.19  -0.81  
  ep047    ep      86.000        35.9     0.457    1182.9  0.00e+00     0     0.44  -0.90   0.19  -0.02  
  ep132    ep      86.000       163.3     0.108    1275.8  0.00e+00     0     0.52  -0.45  -0.15  -0.48  
  ep125    ep      87.000        68.0     0.136    1279.7  0.00e+00     0     0.52  -0.51  -0.05  -0.49  
  ep040    ep      87.000       199.1     0.889    1387.7  0.00e+00     0     0.61  -0.88  -0.11  -0.22  
  ep139    ep      88.000        51.6     0.074    1343.1  0.00e+00     0     0.53  -0.50  -0.03  -0.25  
  ep054    ep      88.000       237.4     0.589    1502.2  0.00e+00     0     0.57  -0.67   0.27   0.08  
  ep153    ep      89.000       165.5     0.096    1521.9  0.00e+00     0     0.62  -0.29  -0.09  -0.43  
  ep068    ep      89.000       138.2     0.732    1283.0  0.00e+00     0     0.47  -0.02  -0.54  -0.17  
  ep061    ep      90.000        75.8     0.588    1532.9  0.00e+00     0     0.65  -0.63  -0.15  -0.21  
  ep146    ep      90.000        40.1     0.040    1495.0  0.00e+00     0     0.58  -0.37  -0.09  -0.10  
  ep167    ep      91.000       287.9     0.166    1831.4  0.00e+00     0     0.78   0.00  -0.41  -0.73  
  ep082    ep      91.000       153.1     1.113    1701.2  0.00e+00     0     0.71  -0.78   0.01  -0.04  
  ep075    ep      92.000        70.7     0.289    1583.2  0.00e+00     0     0.63  -0.27  -0.30  -0.10  
  ep160    ep      92.000       293.8     0.144    1946.5  0.00e+00     0     0.81   0.02  -0.37  -0.68  
  ep011    ep      93.000       423.1     1.640    2230.2  0.00e+00     0     0.92  -0.29  -0.12  -0.56  
  ep096    ep      93.000        40.0     0.088    1779.0  0.00e+00     0     0.69  -0.29  -0.13  -0.06  
  ep004    ep      94.000       216.0     0.089    2094.6  0.00e+00     0     0.82   0.24  -0.18  -0.73  
  ep089    ep      94.000       140.4     0.104    1999.8  0.00e+00     0     0.79  -0.02  -0.18  -0.43  
  ep103    ep      95.000       239.2     0.016    2241.7  0.00e+00     0     0.88   0.23  -0.34  -0.62  
  ep018    ep      95.000       174.4     0.051    2162.9  0.00e+00     0     0.84   0.23  -0.15  -0.70  
  ep118    ep      96.000       341.7     0.079    2520.8  0.00e+00     0     0.96   0.41  -0.32  -0.80  
  ep033    ep      96.000       154.1     0.041    2262.2  0.00e+00     0     0.86   0.26  -0.13  -0.65  
  ep026    ep      97.000        20.3     0.114    2201.2  0.00e+00     0     0.82   0.11  -0.08  -0.28  
  ep111    ep      97.000       218.2     0.010    2485.2  0.00e+00     0     0.92   0.30  -0.29  -0.51  
  ep048    ep      98.000        83.8     0.414    2431.6  0.00e+00     0     0.89  -0.02   0.06  -0.22  
  ep133    ep      98.000       224.3     0.190    2641.6  0.00e+00     0     0.96   0.28  -0.23  -0.47  
  ep041    ep      99.000       158.8     0.776    2241.2  0.00e+00     0     0.79   0.82  -0.62  -0.31  
  ep126    ep      99.000       168.5     0.210    2709.9  0.00e+00     0     0.97   0.30  -0.15  -0.42  
  ep055    ep     100.000       174.5     0.331    2880.6  0.00e+00     0     1.00   0.23  -0.15  -0.23  
  ep140    ep     100.000       144.9     0.432    2833.5  0.00e+00     0     0.99   0.23  -0.08  -0.32  
  ep069    ep     101.000        22.8     0.161    2722.4  0.00e+00     0     0.93   0.10  -0.06   0.11  
  ep154    ep     101.000       122.4     0.273    2963.1  0.00e+00     0     1.02   0.43  -0.11  -0.54  
  ep062    ep     102.000       125.2     0.290    3141.4  0.00e+00     0     1.03   0.30  -0.11  -0.12  
  ep147    ep     102.000        91.0     0.044    3079.8  0.00e+00     0     1.02   0.48  -0.19  -0.25  
  ep168    ep     103.000        59.6     0.070    3204.4  0.00e+00     0     1.04   0.43  -0.14  -0.14  
  ep083    ep     103.000        62.8     0.169    3209.8  0.00e+00     0     1.04   0.35  -0.11  -0.07  
  ep161    ep     104.000       135.0     0.265    3547.3  0.00e+00     0     1.11   0.55  -0.10  -0.32  
  ep076    ep     104.000        60.8     0.191    3396.2  0.00e+00     0     1.06   0.39  -0.08   0.00  
  ep097    ep     105.000        12.8     0.051    3479.6  0.00e+00     0     1.08   0.61  -0.06  -0.29  
  ep012    ep     105.000        33.6     0.051    3407.1  0.00e+00     0     1.05   0.48  -0.13   0.05  
  ep090    ep     106.000         3.5     0.216    3679.3  0.00e+00     0     1.11   0.81  -0.20  -0.28  
  ep005    ep     106.000        27.6     0.041    3621.7  0.00e+00     0     1.08   0.47  -0.07   0.13  
  ep104    ep     107.000        10.3     0.023    3879.1  0.00e+00     0     1.14   0.70  -0.08  -0.20  
  ep019    ep     107.000        43.6     0.085    3800.9  0.00e+00     0     1.11   0.51  -0.04   0.13  
  ep034    ep     108.000        63.4     0.021    3980.5  0.00e+00     0     1.12   0.55  -0.03   0.25  
  ep119    ep     108.000        51.6     0.282    4256.6  0.00e+00     0     1.20   0.68  -0.01  -0.13  
  ep112    ep     109.000        36.6     0.167    4471.9  0.00e+00     0     1.23   0.87  -0.03  -0.33  
  ep027    ep     109.000        45.7     0.532    4260.9  0.00e+00     0     1.18   0.41   0.09   0.30  
  ep134    ep     110.000         4.4     0.115    4645.1  0.00e+00     0     1.25   0.91  -0.02  -0.27  
  ep049    ep     110.000        68.8     0.365    4453.4  0.00e+00     0     1.19   0.50   0.09   0.36  
  ep042    ep     111.000        88.3     0.387    4664.3  0.00e+00     0     1.21   0.53   0.11   0.40  
  ep056    ep     112.000        97.4     0.432    4914.8  0.00e+00     0     1.23   0.54   0.15   0.50  
  ep141    ep     112.000       147.2     0.107    4778.2  0.00e+00     0     1.23   0.78   0.05   0.11  
  ep070    ep     113.000       235.5     0.119    4806.5  0.00e+00     0     1.20   0.74   0.04   0.52  
  ep155    ep     113.000       122.9     0.045    5132.7  0.00e+00     0     1.26   0.86   0.06   0.22  
  ep148    ep     114.000        88.4     0.140    5546.6  0.00e+00     0     1.31   0.91   0.10   0.23  
  ep063    ep     114.000       182.2     0.267    5251.6  0.00e+00     0     1.26   0.63   0.16   0.60  
  ep169    ep     115.000       189.8     0.108    5541.8  0.00e+00     0     1.30   0.89   0.12   0.28  
  ep084    ep     115.000       286.7     0.110    5236.2  0.00e+00     0     1.24   0.79   0.08   0.62  
  ep162    ep     116.000       138.1     0.149    6051.4  0.00e+00     0     1.37   1.07   0.12   0.07  
  ep077    ep     116.000       346.9     0.282    5356.6  0.00e+00     0     1.24   0.89   0.06   0.70  
  ep098    ep     117.000       150.9     0.192    6359.2  0.00e+00     0     1.37   0.98   0.18   0.41  
  ep013    ep     117.000       252.8     0.124    5995.2  0.00e+00     0     1.32   1.04   0.09   0.43  
  ep091    ep     118.000       195.1     0.231    6569.4  0.00e+00     0     1.39   0.98   0.21   0.45  
  ep006    ep     118.000       172.3     0.443    6654.2  0.00e+00     0     1.39   0.89   0.25   0.53  
  ep105    ep     119.000       190.6     0.240    6974.1  0.00e+00     0     1.41   1.02   0.24   0.52  
  ep020    ep     119.000       389.9     0.413    6213.8  0.00e+00     0     1.32   1.23   0.04   0.56  
  ep120    ep     120.000       237.2     0.142    7195.8  0.00e+00     0     1.44   1.19   0.21   0.30  
  ep035    ep     120.000       357.7     0.214    6706.6  0.00e+00     0     1.37   1.15   0.14   0.61  

  held out, worst: 154.0 cents, gain error 1.207, frame 0.00e+00, 0 non-positive frequencies
  in sample, worst: 435.7 cents, gain error 1.704, frame 0.00e+00, 0 non-positive frequencies

fitted on all 169. variance explained: 66.4% 7.2% 5.1% 2.7%  (cumulative 81.4%)
block scales: 9.805 12.61 10.71
component sdevs: 1.416 0.4659 0.3927 0.2865

where every model sits in the cube (whitened coordinate / extent, so inside is |x| < 1):
  ep000     -0.48  -0.57   0.70   0.67
  ep001     -0.53   0.16   0.50  -0.74
  ep002     -0.19  -0.56   0.61  -0.14
  ep003      0.08  -0.45   0.05   0.02
  ep004      0.38   0.11  -0.08   0.30
  ep005      0.50   0.22  -0.03  -0.06
  ep006      0.64   0.40   0.12  -0.26
  ep007     -0.48  -0.52   0.57   0.72
  ep008     -0.49   0.06   0.30  -0.58
  ep009     -0.19  -0.59   0.63  -0.04
  ep010      0.05  -0.56   0.07  -0.15
  ep011      0.42  -0.12  -0.06   0.29
  ep012      0.48   0.22  -0.05  -0.03
  ep013      0.60   0.47   0.06  -0.23
  ep014     -0.70   0.57   0.49   0.08
  ep015     -0.46  -0.06   0.73  -0.57
  ep016     -0.19  -0.59   0.58  -0.26
  ep017      0.24  -0.33  -0.15   0.34
  ep018      0.39   0.11  -0.07   0.29
  ep019      0.51   0.24  -0.01  -0.07
  ep020      0.60   0.55   0.03  -0.30
  ep021     -0.83   1.20  -0.12   1.10   outside
  ep022     -0.71   0.85   0.23   0.04
  ep023     -0.41  -0.25   0.81  -0.35
  ep024     -0.18  -0.47   0.82  -0.12
  ep025      0.19  -0.42   0.02   0.07
  ep026      0.38   0.05  -0.04   0.11
  ep027      0.54   0.19   0.04  -0.13
  ep028     -0.86   1.40  -0.25   1.25   outside
  ep029     -0.74   1.02   0.18   0.08   outside
  ep030     -0.40  -0.23   0.78  -0.14
  ep031     -0.17  -0.52   0.79  -0.11
  ep032      0.20  -0.35  -0.12   0.22
  ep033      0.40   0.12  -0.06   0.26
  ep034      0.51   0.26  -0.01  -0.12
  ep035      0.62   0.52   0.08  -0.32
  ep036     -0.83   1.27  -0.06   0.90   outside
  ep037     -0.67   0.62   0.30  -0.49
  ep038     -0.42  -0.05   0.77  -0.59
  ep039     -0.02  -0.75   0.22   0.08
  ep040      0.28  -0.38  -0.06   0.16
  ep041      0.36   0.38  -0.28   0.10
  ep042      0.55   0.24   0.06  -0.18
  ep043     -0.84   1.06  -0.08   0.69   outside
  ep044     -0.67   0.56   0.31  -0.46
  ep045     -0.46   0.03   0.61  -0.84
  ep046     -0.15  -0.48   0.82  -0.08
  ep047      0.21  -0.41   0.08   0.04
  ep048      0.41  -0.00   0.03   0.10
  ep049      0.54   0.23   0.05  -0.16
  ep050     -0.73   0.81  -0.08   0.62
  ep051     -0.65   0.49   0.32  -0.76
  ep052     -0.43  -0.04   0.77  -0.71
  ep053      0.00  -0.76   0.25   0.07
  ep054      0.27  -0.30   0.11   0.02
  ep055      0.46   0.12  -0.07   0.11
  ep056      0.56   0.25   0.07  -0.23
  ep057     -0.74   0.74   0.05   0.18
  ep058     -0.60   0.37   0.22  -0.92
  ep059     -0.30  -0.15   0.66  -0.18
  ep060      0.09  -0.42  -0.16   0.23
  ep061      0.30  -0.27  -0.08   0.14
  ep062      0.47   0.15  -0.05   0.06
  ep063      0.57   0.29   0.08  -0.28
  ep064     -0.72   0.67  -0.07   0.30
  ep065     -0.63   0.38   0.20  -0.99
  ep066     -0.31  -0.21   0.89  -0.11
  ep067      0.03  -0.76   0.14  -0.07
  ep068      0.22  -0.00  -0.25   0.09
  ep069      0.43   0.05  -0.03  -0.04
  ep070      0.55   0.34   0.03  -0.25
  ep071     -0.53  -0.51   0.75   0.85
  ep072     -0.54   0.13   0.48  -0.72
  ep073     -0.32  -0.19   0.94  -0.25
  ep074      0.06  -0.47  -0.07   0.10
  ep075      0.29  -0.11  -0.14   0.07
  ep076      0.49   0.18  -0.03  -0.00
  ep077      0.56   0.40   0.04  -0.34
  ep078     -0.47  -0.69   0.66   0.86
  ep079     -0.64   0.63   0.33  -0.80
  ep080     -0.32  -0.21   0.79  -0.61
  ep081      0.06  -0.49  -0.07   0.06
  ep082      0.33  -0.34  -0.01   0.08
  ep083      0.48   0.17  -0.05   0.03
  ep084      0.57   0.36   0.05  -0.30
  ep085     -0.41  -0.75  -1.42   0.21   outside
  ep086     -0.34  -0.17  -0.11  -0.58
  ep087     -0.24  -0.08   0.71  -0.02
  ep088      0.24  -0.04  -0.27   0.50
  ep089      0.36  -0.00  -0.08   0.18
  ep090      0.51   0.37  -0.08   0.10
  ep091      0.63   0.45   0.11  -0.23
  ep092     -0.45  -0.66  -1.53   0.02   outside
  ep093     -0.31  -0.31  -0.37  -0.51
  ep094     -0.21  -0.24   0.46  -0.32
  ep095      0.24  -0.09  -0.30   0.51
  ep096      0.32  -0.12  -0.06   0.06
  ep097      0.49   0.29  -0.02   0.12
  ep098      0.62   0.45   0.09  -0.21
  ep099     -0.44  -0.40  -1.22   0.24   outside
  ep100     -0.32  -0.13  -0.37  -0.62
  ep101     -0.17  -0.39   0.45  -0.09
  ep102      0.19  -0.20  -0.19   0.22
  ep103      0.40   0.12  -0.16   0.28
  ep104      0.52   0.33  -0.03   0.08
  ep105      0.64   0.47   0.12  -0.26
  ep106     -0.73   0.69  -0.22   0.80
  ep107     -0.41  -0.52  -1.25  -0.01   outside
  ep108     -0.26  -0.27  -0.63  -0.65
  ep109     -0.06  -0.59   0.29   0.08
  ep110      0.26  -0.19  -0.09   0.37
  ep111      0.42   0.15  -0.13   0.23
  ep112      0.56   0.40  -0.01   0.12
  ep113     -0.76   0.87  -0.17   1.10   outside
  ep114     -0.39  -0.61  -0.76   0.61
  ep115     -0.28  -0.20  -0.54  -0.55
  ep116     -0.10  -0.52   0.41  -0.05
  ep117      0.25  -0.11  -0.12   0.36
  ep118      0.44   0.20  -0.14   0.35
  ep119      0.55   0.32   0.00   0.04
  ep120      0.66   0.54   0.11  -0.17
  ep121     -0.73   0.72  -0.04   0.75
  ep122     -0.55   0.35  -0.82  -0.91
  ep123     -0.22  -0.45  -0.36  -0.41
  ep124     -0.07  -0.41   0.35   0.10
  ep125      0.25  -0.22  -0.03   0.24
  ep126      0.44   0.15  -0.07   0.19
  ep128     -0.73   0.75  -0.12   0.87
  ep129     -0.55   0.31  -0.77  -0.83
  ep130     -0.26  -0.27  -0.25  -0.71
  ep131     -0.01  -0.54  -0.09   0.11
  ep132      0.24  -0.20  -0.08   0.24
  ep133      0.44   0.14  -0.10   0.21
  ep134      0.57   0.42  -0.00   0.09
  ep135     -0.51  -0.63   0.05   1.15   outside
  ep136     -0.54   0.37  -0.82  -0.93
  ep137     -0.17  -0.68  -0.27  -0.15
  ep138     -0.06  -0.39   0.42   0.10
  ep139      0.25  -0.22  -0.02   0.13
  ep140      0.45   0.11  -0.04   0.15
  ep141      0.56   0.36   0.03  -0.07
  ep142     -0.49  -0.62  -0.08   1.02   outside
  ep143     -0.46  -0.01  -1.04  -1.11   outside
  ep144     -0.14  -0.51  -0.12   0.09
  ep145      0.09  -0.39   0.09   0.15
  ep146      0.27  -0.16  -0.05   0.08
  ep147      0.47   0.23  -0.08   0.10
  ep148      0.60   0.42   0.06  -0.13
  ep149     -0.49  -0.67   0.44   1.26   outside
  ep150     -0.47   0.04  -1.09  -0.96   outside
  ep151     -0.14  -0.36  -0.16   0.13
  ep152      0.03  -0.57   0.04   0.02
  ep153      0.29  -0.13  -0.04   0.20
  ep154      0.47   0.21  -0.05   0.24
  ep155      0.58   0.39   0.03  -0.13
  ep156     -0.45  -0.62  -1.53   0.11   outside
  ep157     -0.34  -0.27  -0.48  -0.54
  ep158     -0.08  -0.71   0.03   0.25
  ep159      0.16  -0.39  -0.09   0.32
  ep160      0.37   0.02  -0.17   0.31
  ep161      0.51   0.26  -0.04   0.13
  ep162      0.62   0.49   0.07  -0.07
  ep163     -0.48  -0.47  -1.57   0.17   outside
  ep164     -0.45  -0.00  -1.02  -1.17   outside
  ep165     -0.16  -0.15   0.01  -0.23
  ep166      0.12  -0.43  -0.03   0.20
  ep167      0.36   0.02  -0.19   0.33
  ep168      0.48   0.20  -0.06   0.06
  ep169      0.59   0.41   0.06  -0.15
  18 of 169 outside the cube at extent 2.20
