bake — variant diagonal with decay, K=4, extent 2.20, reference banjo060, D=144 over 74 models (banjo only), blocks weighted by total variance

map round trip (log then exp, no PCA): worst 2.60e+00 over cents and relative gain

held out 2 models, fitted on 72. variance explained by the 4 components: 48.8% 9.2% 5.7% 4.0%  (cumulative 67.7%)

reconstruction from each model's own coordinates:
  model    family   param       cents  gain err    min hz     frame   neg   coords (whitened)
  banjo026 banjo   49.000       142.3     1.118     150.5  0.00e+00     0    -1.22  -1.59   0.15   0.77  held out
  banjo045 banjo   52.000        22.4     1.046     164.3  0.00e+00     0    -1.17  -1.16   0.45   1.32  held out
  banjo018 banjo   48.000        65.0     1.071     126.2  0.00e+00     0    -1.56  -0.78  -2.12  -0.82  
  banjo019 banjo   48.000        93.4     1.280     123.9  0.00e+00     0    -1.59  -0.85  -1.91  -0.84  
  banjo025 banjo   49.000        27.1     1.377     139.2  0.00e+00     0    -1.44  -0.70  -1.36   1.79  
  banjo031 banjo   50.000        78.9     1.242     140.7  0.00e+00     0    -1.42  -0.82  -1.15  -1.22  
  banjo032 banjo   50.000        93.0     1.049     139.5  0.00e+00     0    -1.35  -1.44  -0.26   0.64  
  banjo038 banjo   51.000        24.2     1.093     155.2  0.00e+00     0    -1.33  -0.56  -0.56   0.95  
  banjo039 banjo   51.000       101.9     0.974     165.4  0.00e+00     0    -1.09  -1.47   0.23   2.10  
  banjo046 banjo   52.000        67.1     0.981     171.9  0.00e+00     0    -1.03  -1.43   0.08   2.58  
  banjo052 banjo   53.000        27.0     0.618     172.6  0.00e+00     0    -1.11  -1.07   0.34  -0.04  
  banjo053 banjo   53.000        34.2     0.875     178.0  0.00e+00     0    -0.94  -1.63  -0.30  -0.75  
  banjo058 banjo   54.000        21.4     0.922     183.9  0.00e+00     0    -0.96  -1.20  -0.37  -0.81  
  banjo059 banjo   54.000        49.2     0.982     190.3  0.00e+00     0    -0.83  -1.69  -0.10  -1.25  
  banjo064 banjo   55.000       102.0     1.081     184.8  0.00e+00     0    -1.15  -0.19   0.40   1.29  
  banjo065 banjo   55.000        21.5     1.021     193.8  0.00e+00     0    -1.08  -0.24   0.71   0.63  
  banjo070 banjo   56.000        10.9     0.615     207.8  0.00e+00     0    -0.99  -0.10   0.40  -0.28  
  banjo069 banjo   56.000        44.3     0.785     202.0  0.00e+00     0    -1.00  -0.20  -0.00  -0.17  
  banjo001 banjo   57.000        26.1     0.628     222.3  0.00e+00     0    -0.85  -0.33   0.57   0.19  
  banjo000 banjo   57.000        44.5     0.706     225.2  0.00e+00     0    -0.85  -0.10   0.18   0.09  
  banjo006 banjo   58.000        55.1     0.711     225.0  0.00e+00     0    -0.82  -0.36   0.36  -1.00  
  banjo007 banjo   58.000        18.5     0.735     230.4  0.00e+00     0    -0.72  -0.76   0.72  -0.17  
  banjo012 banjo   59.000        14.0     0.754     244.7  0.00e+00     0    -0.65  -0.63   0.62  -0.75  
  banjo013 banjo   59.000        81.5     0.656     257.9  0.00e+00     0    -0.55  -0.68   0.41  -0.41  
  banjo020 banjo   60.000        24.2     0.763     262.4  0.00e+00     0    -0.46  -0.96  -0.17  -2.06  
  banjo021 banjo   60.000        34.2     0.540     265.8  0.00e+00     0    -0.58  -0.28   0.81   0.14  
  banjo027 banjo   61.000       119.9     0.766     295.0  0.00e+00     0    -0.29  -1.01   0.53  -1.22  
  banjo028 banjo   61.000       100.7     0.755     292.0  0.00e+00     0    -0.37  -0.50  -0.06  -0.43  
  banjo034 banjo   62.000        50.7     0.693     299.5  0.00e+00     0    -0.66   1.42  -0.62  -2.38  
  banjo033 banjo   62.000        45.8     0.816     285.4  0.00e+00     0    -0.90   2.61  -1.56   0.43  
  banjo041 banjo   63.000        32.1     0.335     304.4  0.00e+00     0    -0.65   1.36   0.52  -0.22  
  banjo040 banjo   63.000        59.2     0.590     321.1  0.00e+00     0    -0.65   1.95  -0.03   0.38  
  banjo048 banjo   64.000        62.8     0.380     340.7  0.00e+00     0    -0.50   1.39   0.98   0.27  
  banjo047 banjo   64.000        62.0     0.543     317.4  0.00e+00     0    -0.53   1.02   0.66   0.84  
  banjo054 banjo   65.000        99.1     0.683     328.3  0.00e+00     0    -0.51   1.20   0.69  -0.45  
  banjo055 banjo   65.000        32.7     0.458     341.8  0.00e+00     0    -0.44   1.12   0.98   0.65  
  banjo061 banjo   66.000       167.8     0.939     405.8  0.00e+00     0    -0.17   1.47  -0.80   0.55  
  banjo060 banjo   66.000       138.8     0.466     340.3  0.00e+00     0    -0.48   1.38   0.60   0.97  
  banjo066 banjo   67.000         7.9     0.755     390.0  0.00e+00     0    -0.25   1.17   0.99   0.13  
  banjo071 banjo   68.000        30.3     0.830     419.9  0.00e+00     0     0.06   0.40  -0.53  -1.06  
  banjo072 banjo   68.000        61.7     0.423     399.8  0.00e+00     0    -0.12   0.72   0.78   0.63  
  banjo002 banjo   69.000        43.2     0.797     428.3  0.00e+00     0    -0.08   1.59  -1.31   2.28  
  banjo003 banjo   69.000       113.3     0.543     466.8  0.00e+00     0     0.12   0.64   1.31  -0.40  
  banjo008 banjo   70.000        25.3     0.694     459.0  0.00e+00     0     0.12   0.72   0.39   1.96  
  banjo009 banjo   70.000        49.8     0.563     478.6  0.00e+00     0     0.31  -0.04   0.51   2.11  
  banjo015 banjo   71.000       137.8     0.621     532.8  0.00e+00     0     0.28   1.30  -0.55   0.97  
  banjo014 banjo   71.000        73.4     0.440     511.8  0.00e+00     0     0.19   1.08   1.12  -0.25  
  banjo023 banjo   72.000        68.7     0.945     541.7  0.00e+00     0     0.54   0.39  -2.61  -0.72  
  banjo022 banjo   72.000        35.1     0.630     509.1  0.00e+00     0     0.09   1.63   0.97   0.03  
  banjo029 banjo   73.000        60.5     1.013     530.8  0.00e+00     0     0.26   0.99   1.06  -1.45  
  banjo036 banjo   74.000        34.6     0.202     572.6  0.00e+00     0     0.56  -0.07   1.31  -1.55  
  banjo035 banjo   74.000        13.2     0.719     579.2  0.00e+00     0     0.42   1.17  -0.46  -1.40  
  banjo043 banjo   75.000        37.2     0.422     630.0  0.00e+00     0     0.54   1.16  -0.07  -1.21  
  banjo042 banjo   75.000        63.7     0.715     640.6  0.00e+00     0     0.69   0.46  -0.13  -1.35  
  banjo050 banjo   76.000        70.2     0.489     683.0  0.00e+00     0     0.90  -0.14  -0.01  -0.06  
  banjo049 banjo   76.000        83.8     0.552     622.8  0.00e+00     0     0.66   0.01   1.96  -1.02  
  banjo056 banjo   77.000        23.3     0.430     684.2  0.00e+00     0     0.84  -0.09   1.52  -0.48  
  banjo057 banjo   77.000        92.4     0.791     733.1  0.00e+00     0     1.06  -0.06  -1.47   0.41  
  banjo063 banjo   78.000        54.8     0.660     760.3  0.00e+00     0     1.20  -0.89   0.24   0.55  
  banjo062 banjo   78.000        23.7     0.289     725.9  0.00e+00     0     1.14  -1.12   0.76  -0.08  
  banjo067 banjo   79.000        34.3     0.310     763.7  0.00e+00     0     1.04  -0.16   1.20   0.32  
  banjo068 banjo   79.000        29.5     0.295     791.6  0.00e+00     0     1.13  -0.29   0.65  -0.73  
  banjo073 banjo   80.000        57.8     0.223     853.6  0.00e+00     0     1.38  -0.75  -0.55   0.32  
  banjo005 banjo   81.000        46.9     0.628     850.8  0.00e+00     0     1.17   0.97  -3.19  -0.46  
  banjo004 banjo   81.000        45.0     0.918     851.1  0.00e+00     0     1.25  -0.41   1.31  -0.23  
  banjo011 banjo   82.000        19.4     0.103     938.0  0.00e+00     0     1.48  -0.51  -0.44   0.68  
  banjo010 banjo   82.000        46.4     0.673     902.5  0.00e+00     0     1.42  -0.72   0.73   0.62  
  banjo017 banjo   83.000        25.7     0.291     996.5  0.00e+00     0     1.73  -1.37  -0.32   0.46  
  banjo016 banjo   83.000         5.5     0.431     980.0  0.00e+00     0     1.44   0.34  -1.61  -0.08  
  banjo024 banjo   84.000        55.4     1.208    1007.3  0.00e+00     0     1.48   0.27  -0.89   0.40  
  banjo030 banjo   85.000       132.1     0.085    1021.8  0.00e+00     0     1.61  -0.18  -1.72  -0.05  
  banjo037 banjo   86.000        40.0     1.439    1141.8  0.00e+00     0     1.93  -1.45   0.33   0.67  
  banjo044 banjo   87.000        40.8     0.947    1207.3  0.00e+00     0     1.92  -0.76  -0.40   0.38  
  banjo051 banjo   88.000        90.9     0.964    1243.1  0.00e+00     0     2.00  -0.94  -0.32   0.39  

  held out, worst: 142.3 cents, gain error 1.118, frame 0.00e+00, 0 non-positive frequencies
  in sample, worst: 167.8 cents, gain error 1.439, frame 0.00e+00, 0 non-positive frequencies

fitted on all 74. variance explained: 48.4% 9.5% 5.6% 4.0%  (cumulative 67.4%)
block scales: 4.531 10.93 9.763
component sdevs: 1.213 0.5362 0.4119 0.3499

where every model sits in the cube (whitened coordinate / extent, so inside is |x| < 1):
  banjo000  -0.37  -0.01  -0.07  -0.01
  banjo001  -0.37  -0.10  -0.25   0.03
  banjo002  -0.02   0.71   0.58   1.06   outside
  banjo003   0.07   0.31  -0.60  -0.19
  banjo004   0.58  -0.21  -0.60  -0.11
  banjo005   0.55   0.44   1.46  -0.12   outside
  banjo006  -0.35  -0.11  -0.14  -0.51
  banjo007  -0.31  -0.28  -0.31  -0.15
  banjo008   0.07   0.32  -0.20   0.85
  banjo009   0.15  -0.04  -0.26   0.99
  banjo010   0.65  -0.35  -0.34   0.25
  banjo011   0.68  -0.25   0.20   0.31
  banjo012  -0.28  -0.23  -0.27  -0.40
  banjo013  -0.24  -0.29  -0.18  -0.17
  banjo014   0.11   0.51  -0.52  -0.15
  banjo015   0.14   0.57   0.22   0.52
  banjo016   0.67   0.15   0.73   0.01
  banjo017   0.79  -0.64   0.15   0.18
  banjo018  -0.69  -0.28   1.00  -0.40   outside
  banjo019  -0.70  -0.31   0.91  -0.42
  banjo020  -0.19  -0.38   0.11  -0.97
  banjo021  -0.25  -0.10  -0.36   0.03
  banjo022   0.06   0.75  -0.46   0.03
  banjo023   0.26   0.19   1.20  -0.24   outside
  banjo024   0.68   0.10   0.40   0.21
  banjo025  -0.64  -0.29   0.62   0.79
  banjo026  -0.55  -0.74  -0.06   0.35
  banjo027  -0.12  -0.42  -0.22  -0.57
  banjo028  -0.15  -0.19   0.05  -0.24
  banjo029   0.14   0.47  -0.48  -0.67
  banjo030   0.74  -0.09   0.79   0.00
  banjo031  -0.63  -0.29   0.56  -0.62
  banjo032  -0.60  -0.58   0.15   0.14
  banjo033  -0.38   1.21   0.69   0.28   outside
  banjo034  -0.27   0.71   0.31  -1.07   outside
  banjo035   0.21   0.55   0.22  -0.60
  banjo036   0.27  -0.02  -0.58  -0.75
  banjo037   0.88  -0.69  -0.15   0.26
  banjo038  -0.58  -0.20   0.27   0.35
  banjo039  -0.49  -0.65  -0.11   0.87
  banjo040  -0.28   0.87  -0.00   0.28
  banjo041  -0.28   0.66  -0.24  -0.13
  banjo042   0.33   0.22   0.06  -0.55
  banjo043   0.27   0.54   0.03  -0.52
  banjo044   0.88  -0.37   0.18   0.16
  banjo045  -0.52  -0.50  -0.21   0.58
  banjo046  -0.46  -0.63  -0.04   1.10   outside
  banjo047  -0.22   0.47  -0.31   0.37
  banjo048  -0.21   0.63  -0.47   0.16
  banjo049   0.31  -0.01  -0.90  -0.42
  banjo050   0.42  -0.07   0.00  -0.01
  banjo051   0.91  -0.45   0.15   0.16
  banjo052  -0.49  -0.43  -0.13  -0.10
  banjo053  -0.41  -0.67   0.17  -0.44
  banjo054  -0.22   0.57  -0.32  -0.21
  banjo055  -0.19   0.51  -0.46   0.29
  banjo056   0.39  -0.04  -0.70  -0.24
  banjo057   0.49  -0.03   0.67   0.21
  banjo058  -0.42  -0.50   0.19  -0.37
  banjo059  -0.36  -0.71   0.08  -0.61
  banjo060  -0.20   0.63  -0.29   0.48
  banjo061  -0.06   0.68   0.35   0.27
  banjo062   0.53  -0.51  -0.34  -0.09
  banjo063   0.55  -0.42  -0.11   0.22
  banjo064  -0.51  -0.06  -0.19   0.56
  banjo065  -0.48  -0.10  -0.32   0.28
  banjo066  -0.09   0.55  -0.45   0.01
  banjo067   0.48  -0.08  -0.55   0.11
  banjo068   0.53  -0.14  -0.29  -0.34
  banjo069  -0.44  -0.05   0.01  -0.12
  banjo070  -0.43  -0.00  -0.17  -0.19
  banjo071   0.04   0.21   0.25  -0.46
  banjo072  -0.04   0.35  -0.36   0.25
  banjo073   0.64  -0.35   0.25   0.14
  7 of 74 outside the cube at extent 2.20
