bake — variant diagonal with decay, K=4, extent 2.20, reference violin011, D=144 over 49 models (violin only), blocks weighted by total variance

map round trip (log then exp, no PCA): worst 6.17e-01 over cents and relative gain

held out 2 models, fitted on 47. variance explained by the 4 components: 51.5% 9.2% 7.3% 4.5%  (cumulative 72.5%)

reconstruction from each model's own coordinates:
  model    family   param       cents  gain err    min hz     frame   neg   coords (whitened)
  violin045 violin  56.000       180.5     0.736     232.0  0.00e+00     0    -1.09  -0.17   1.50  -0.53  held out
  violin013 violin  61.000       161.3     0.597     254.8  0.00e+00     0    -1.20  -1.57  -0.56   0.86  held out
  violin036 violin  55.000       102.4    20.195     213.5  0.00e+00     0    -2.23  -0.78  -4.18  -2.56  
  violin037 violin  55.000        99.4     0.716     186.2  0.00e+00     0    -1.54  -0.05   1.28  -0.01  
  violin038 violin  55.000        68.3     0.698     189.6  0.00e+00     0    -1.52   0.03   1.25  -0.15  
  violin044 violin  56.000        65.0     0.427     202.6  0.00e+00     0    -1.71  -0.38  -0.39   0.21  
  violin001 violin  58.000        34.6     0.618     230.8  0.00e+00     0    -1.38  -2.22  -1.32   0.25  
  violin014 violin  61.000       135.2     0.729     259.5  0.00e+00     0    -1.23  -0.04   0.19  -0.12  
  violin015 violin  61.000        54.4     0.758     287.8  0.00e+00     0    -0.66  -0.23   1.56  -1.97  
  violin019 violin  62.000       159.7     0.724     269.4  0.00e+00     0    -1.24  -0.11   0.15   1.59  
  violin020 violin  62.000       230.4     0.419     336.3  0.00e+00     0    -0.54   0.06   1.39  -0.84  
  violin026 violin  64.000        99.5     0.517     312.1  0.00e+00     0    -0.74  -1.19   0.41   0.87  
  violin025 violin  64.000       125.6     0.812     358.1  0.00e+00     0    -1.26   0.13  -1.94   1.47  
  violin030 violin  65.000        10.9     0.540     353.1  0.00e+00     0    -0.68   0.69   0.94  -0.43  
  violin031 violin  65.000        55.1     0.577     362.0  0.00e+00     0    -0.50  -0.24   1.17   0.84  
  violin032 violin  66.000       224.3     0.416     422.2  0.00e+00     0    -0.33   0.37   0.95  -0.70  
  violin033 violin  66.000       136.4     0.544     402.9  0.00e+00     0    -0.71   0.03  -0.12   2.45  
  violin034 violin  66.000       125.8     0.421     346.0  0.00e+00     0    -0.35  -0.81   1.27  -1.35  
  violin040 violin  67.000        61.2     0.899     408.0  0.00e+00     0    -0.40  -0.77  -0.01  -0.57  
  violin039 violin  67.000        90.6     0.688     416.4  0.00e+00     0    -0.60   0.49   0.15   0.65  
  violin002 violin  70.000        98.3     0.566     443.9  0.00e+00     0    -0.61   0.69  -0.12   1.09  
  violin003 violin  70.000        59.9     0.754     452.9  0.00e+00     0    -0.03  -0.66   0.84  -1.34  
  violin006 violin  71.000       149.8     0.557     456.2  0.00e+00     0    -0.40   0.29   0.13   0.12  
  violin007 violin  71.000        38.5     0.603     483.9  0.00e+00     0     0.06  -1.33   0.51  -0.16  
  violin011 violin  72.000       105.4     0.603     555.1  0.00e+00     0     0.20  -1.45   0.29   1.18  
  violin010 violin  72.000       124.4     0.520     490.9  0.00e+00     0    -0.51   0.87  -0.31   0.90  
  violin016 violin  73.000       123.8     0.336     595.8  0.00e+00     0     0.55  -1.76   0.74  -0.73  
  violin024 violin  75.000       119.6     0.860     583.5  0.00e+00     0     0.14   0.68   0.93  -0.82  
  violin023 violin  75.000        90.8     0.271     660.8  0.00e+00     0    -0.02   1.23  -0.04   0.67  
  violin029 violin  76.000       118.6     0.532     706.8  0.00e+00     0     0.56  -0.20   0.73  -0.96  
  violin027 violin  76.000        14.6     0.329     667.7  0.00e+00     0    -0.05   1.31  -0.15   0.90  
  violin028 violin  76.000        76.2     0.578     693.6  0.00e+00     0    -0.02   1.51  -0.20   0.47  
  violin047 violin  80.000        81.7     0.364     796.0  0.00e+00     0     0.47   0.61   0.16  -0.38  
  violin046 violin  80.000        94.1     0.480     883.2  0.00e+00     0     0.44   1.39  -0.12  -0.13  
  violin004 violin  82.000        37.6     0.709     958.7  0.00e+00     0     0.45   1.54  -0.57  -0.09  
  violin005 violin  82.000        79.3     0.619     978.5  0.00e+00     0     0.75   0.29  -0.33  -0.20  
  violin008 violin  83.000        19.3     0.582    1005.1  0.00e+00     0     0.68   1.26  -0.26  -1.02  
  violin009 violin  83.000        63.5     0.329    1024.2  0.00e+00     0     0.54   1.44  -0.28   1.87  
  violin012 violin  84.000       106.8     3.407    1103.5  0.00e+00     0     1.60  -2.19   1.07   1.18  
  violin017 violin  85.000        23.0     0.909    1126.2  0.00e+00     0     0.91   1.30   0.01  -1.04  
  violin018 violin  85.000       156.8     0.545    1016.9  0.00e+00     0     0.75   1.40   0.22  -0.47  
  violin021 violin  86.000        60.1     0.694    1143.1  0.00e+00     0     0.90   0.53  -0.76  -0.87  
  violin022 violin  86.000        20.9     0.500    1170.9  0.00e+00     0     0.97   0.53  -0.54  -0.57  
  violin035 violin  90.000        43.0     0.655    1453.8  0.00e+00     0     1.30   0.21  -0.85  -0.53  
  violin041 violin  91.000        64.2     0.546    1512.3  0.00e+00     0     1.52  -0.92  -0.91   0.16  
  violin042 violin  91.000        84.3     0.648    1499.4  0.00e+00     0     1.37  -0.45  -1.22  -0.16  
  violin043 violin  91.000        21.7     0.596    1543.2  0.00e+00     0     1.69  -1.36  -0.34   1.31  
  violin048 violin  92.000        36.4     0.983    1632.0  0.00e+00     0     1.78  -0.94  -0.31  -0.09  
  violin000 violin  93.000        86.8     0.583    1674.0  0.00e+00     0     1.63  -0.81  -1.07   0.09  

  held out, worst: 180.5 cents, gain error 0.736, frame 0.00e+00, 0 non-positive frequencies
  in sample, worst: 230.4 cents, gain error 20.195, frame 0.00e+00, 0 non-positive frequencies

fitted on all 49. variance explained: 50.9% 9.3% 7.4% 4.4%  (cumulative 72.0%)
block scales: 4.516 10.99 6.163
component sdevs: 1.249 0.5334 0.475 0.3687

where every model sits in the cube (whitened coordinate / extent, so inside is |x| < 1):
  violin000   0.75  -0.44  -0.43  -0.02
  violin001  -0.61  -1.00  -0.50   0.02
  violin002  -0.25   0.31  -0.16  -0.57
  violin003   0.01  -0.23   0.40   0.53
  violin004   0.23   0.66  -0.36  -0.03
  violin005   0.36   0.15  -0.11   0.20
  violin006  -0.16   0.15   0.04  -0.08
  violin007   0.05  -0.57   0.21  -0.06
  violin008   0.33   0.57  -0.14   0.46
  violin009   0.27   0.64  -0.23  -0.75
  violin010  -0.21   0.38  -0.25  -0.49
  violin011   0.11  -0.61   0.24  -0.33
  violin012   0.74  -0.93   0.60  -0.39
  violin013  -0.54  -0.84  -0.31  -0.61
  violin014  -0.53   0.03   0.04  -0.01
  violin015  -0.27   0.03   0.73   0.83
  violin016   0.26  -0.73   0.45   0.39
  violin017   0.44   0.59  -0.03   0.46
  violin018   0.37   0.61  -0.08  -0.04
  violin019  -0.54  -0.07  -0.04  -0.78
  violin020  -0.22   0.15   0.71   0.50
  violin021   0.43   0.19  -0.35   0.37
  violin022   0.46   0.19  -0.26   0.23
  violin023   0.02   0.56  -0.09  -0.28
  violin024   0.09   0.37   0.38   0.30
  violin025  -0.55  -0.00  -0.88  -0.50
  violin026  -0.32  -0.53   0.17  -0.51
  violin027  -0.00   0.59  -0.14  -0.39
  violin028   0.02   0.67  -0.18  -0.22
  violin029   0.27  -0.05   0.38   0.44
  violin030  -0.28   0.38   0.34   0.09
  violin031  -0.20   0.01   0.48  -0.35
  violin032  -0.12   0.26   0.42   0.33
  violin033  -0.30   0.03  -0.08  -0.94
  violin034  -0.14  -0.27   0.63   0.54
  violin035   0.61   0.05  -0.37   0.26
  violin036  -0.98  -0.36  -1.77   1.54   outside
  violin037  -0.68   0.06   0.53  -0.13
  violin038  -0.66   0.12   0.53  -0.01
  violin039  -0.25   0.26   0.06  -0.22
  violin040  -0.16  -0.31   0.09   0.36
  violin041   0.70  -0.48  -0.35  -0.04
  violin042   0.64  -0.29  -0.52   0.07
  violin043   0.78  -0.64  -0.09  -0.47
  violin044  -0.75  -0.16  -0.22  -0.14
  violin045  -0.47   0.07   0.80   0.41
  violin046   0.23   0.62  -0.16  -0.01
  violin047   0.24   0.29  -0.05   0.01
  violin048   0.82  -0.47  -0.09   0.04
  1 of 49 outside the cube at extent 2.20
