grade — gonly space, K=4, extent 2.20; 6 bands/octave over 40..20000 Hz, kernel 0.0833 oct, strike 0 listen 0, 1/omega, damping 5.0/s at 0.200 s

variety per unit of travel: mean 1.632, 5th pct 0.198, 95th pct 3.713
spread: 18.73x   (FM 1.83x, Saw 2.03x, Shapes 8.47x in Kyklophoria's table; 1.0 is isotropic)
twins: 4.3% of random pairs within 0.05
axes:  axis 0 3.818  axis 1 0.557  axis 2 1.138  axis 3 0.140
modes skipped as unrenderable (non-positive or above the top band): 0.00 per evaluation over 41604 evaluations

continuity (cont_check): largest step at step/500 and step/2000, ratio ~4 smooth, ~1 cliff
  axis    spec/500   spec/2000   ratio      logf/500   logf/2000   ratio
  0        0.06966     0.01747    3.99       0.00000     0.00000    0.00
  1        0.00234     0.00059    4.00       0.00000     0.00000    0.00
  2        0.00900     0.00225    4.00       0.00000     0.00000    0.00
  3        0.00038     0.00009    3.99       0.00000     0.00000    0.00

where the frequencies move fastest along each axis (log-frequency step per 1/500 of travel, in tenths of the axis):
  axis 0: 0.0000 0.0000 0.0000 0.0000 0.0000 0.0000 0.0000 0.0000 0.0000 0.0000   peak 0.0000
  axis 1: 0.0000 0.0000 0.0000 0.0000 0.0000 0.0000 0.0000 0.0000 0.0000 0.0000   peak 0.0000
  axis 2: 0.0000 0.0000 0.0000 0.0000 0.0000 0.0000 0.0000 0.0000 0.0000 0.0000   peak 0.0000
  axis 3: 0.0000 0.0000 0.0000 0.0000 0.0000 0.0000 0.0000 0.0000 0.0000 0.0000   peak 0.0000

veering map — second difference of each aligned slot's log frequency along each sweep, in cents.
a smooth trajectory is under 100; a slot that trades places with its neighbour is hundreds.
listed: every (family, parameter, slot) over 300 cents, and each family's worst.
  bar: (0.927, slot 2: 1133) (0.927, slot 4: 1136)
    2 over 300 cents; worst 1136 cents at parameter 0.927, slot 4
  plate: (1.182, slot 0: 2812) (1.182, slot 1: 598) (1.182, slot 4: 1388) (1.182, slot 5: 1050) (1.182, slot 6: 1406) (1.182, slot 7: 1528) (1.182, slot 9: 1014) (1.182, slot 11: 1956) (1.182, slot 15: 1027) (1.182, slot 16: 2013) (1.182, slot 18: 2636) (1.182, slot 19: 579) (1.182, slot 20: 4300) (1.182, slot 21: 1115) (1.182, slot 23: 1815) (1.182, slot 24: 1362) (1.182, slot 26: 3187) (1.364, slot 1: 328) (1.364, slot 6: 1564) (1.364, slot 9: 1986) (1.364, slot 12: 563) (1.364, slot 15: 949) (1.364, slot 17: 329) (1.364, slot 21: 1705) (1.364, slot 23: 1316) (1.364, slot 24: 1131) (1.546, slot 1: 618) (1.546, slot 9: 1727) (1.546, slot 21: 744) (1.727, slot 1: 347) (1.727, slot 18: 446) (1.909, slot 1: 765) (1.909, slot 9: 1464) (1.909, slot 12: 1483) (1.909, slot 18: 867) (2.091, slot 9: 1479) (2.091, slot 12: 1399) (2.091, slot 18: 332) (2.273, slot 12: 1145) (2.273, slot 20: 1766) (2.454, slot 12: 1143) (2.454, slot 20: 1756)
    42 over 300 cents; worst 4300 cents at parameter 1.182, slot 20
  bell: (0.218, slot 35: 448) (0.436, slot 32: 727) (0.545, slot 32: 643) (0.545, slot 36: 309) (0.655, slot 22: 781) (0.655, slot 33: 756) (0.764, slot 22: 759) (0.764, slot 30: 347) (0.764, slot 33: 782) (1.091, slot 29: 661)
    10 over 300 cents; worst 782 cents at parameter 0.764, slot 33

profiles: per axis, 500 steps, spectrum step then log-frequency step
axis 0 spec: 0.00096 0.00096 0.00096 0.00096 0.00096 0.00095 0.00095 0.00095 0.00095 0.00095 0.00095 0.00094 0.00094 0.00094 0.00094 0.00094 0.00094 0.00093 0.00093 0.00093 0.00093 0.00093 0.00093 0.00092 0.00092 0.00092 0.00092 0.00092 0.00091 0.00091 0.00091 0.00091 0.00091 0.00091 0.00090 0.00090 0.00090 0.00090 0.00090 0.00089 0.00089 0.00089 0.00089 0.00089 0.00088 0.00088 0.00088 0.00088 0.00088 0.00087 0.00087 0.00087 0.00087 0.00087 0.00086 0.00086 0.00086 0.00086 0.00086 0.00085 0.00085 0.00085 0.00085 0.00085 0.00084 0.00084 0.00084 0.00084 0.00084 0.00083 0.00083 0.00083 0.00083 0.00082 0.00082 0.00082 0.00082 0.00082 0.00081 0.00081 0.00081 0.00081 0.00080 0.00080 0.00080 0.00080 0.00080 0.00079 0.00079 0.00079 0.00079 0.00078 0.00078 0.00078 0.00078 0.00078 0.00077 0.00077 0.00077 0.00077 0.00076 0.00076 0.00076 0.00076 0.00075 0.00075 0.00075 0.00075 0.00075 0.00074 0.00074 0.00074 0.00074 0.00073 0.00073 0.00073 0.00073 0.00072 0.00072 0.00072 0.00072 0.00072 0.00071 0.00071 0.00071 0.00071 0.00070 0.00070 0.00070 0.00070 0.00069 0.00069 0.00069 0.00069 0.00069 0.00068 0.00068 0.00068 0.00068 0.00067 0.00067 0.00067 0.00067 0.00066 0.00066 0.00066 0.00066 0.00066 0.00065 0.00065 0.00065 0.00065 0.00064 0.00064 0.00064 0.00064 0.00064 0.00063 0.00063 0.00063 0.00063 0.00063 0.00062 0.00062 0.00062 0.00062 0.00062 0.00061 0.00061 0.00061 0.00061 0.00061 0.00061 0.00060 0.00060 0.00060 0.00060 0.00060 0.00060 0.00059 0.00059 0.00059 0.00059 0.00059 0.00059 0.00059 0.00059 0.00058 0.00058 0.00058 0.00058 0.00058 0.00058 0.00058 0.00058 0.00058 0.00058 0.00058 0.00058 0.00057 0.00057 0.00057 0.00057 0.00057 0.00057 0.00057 0.00057 0.00057 0.00057 0.00057 0.00057 0.00058 0.00058 0.00058 0.00058 0.00058 0.00058 0.00058 0.00058 0.00058 0.00058 0.00059 0.00059 0.00059 0.00059 0.00059 0.00060 0.00060 0.00060 0.00060 0.00061 0.00061 0.00061 0.00062 0.00062 0.00062 0.00063 0.00063 0.00064 0.00064 0.00065 0.00065 0.00066 0.00066 0.00067 0.00067 0.00068 0.00068 0.00069 0.00070 0.00071 0.00071 0.00072 0.00073 0.00074 0.00074 0.00075 0.00076 0.00077 0.00078 0.00079 0.00080 0.00081 0.00082 0.00084 0.00085 0.00086 0.00087 0.00089 0.00090 0.00091 0.00093 0.00094 0.00096 0.00098 0.00099 0.00101 0.00103 0.00105 0.00107 0.00109 0.00111 0.00113 0.00115 0.00118 0.00120 0.00123 0.00125 0.00128 0.00131 0.00134 0.00137 0.00140 0.00144 0.00147 0.00151 0.00155 0.00158 0.00163 0.00167 0.00171 0.00176 0.00181 0.00186 0.00192 0.00197 0.00203 0.00209 0.00216 0.00223 0.00230 0.00238 0.00246 0.00254 0.00263 0.00272 0.00282 0.00293 0.00304 0.00316 0.00328 0.00341 0.00355 0.00370 0.00386 0.00403 0.00422 0.00441 0.00462 0.00484 0.00508 0.00534 0.00561 0.00591 0.00623 0.00658 0.00695 0.00735 0.00779 0.00827 0.00879 0.00936 0.00998 0.01066 0.01140 0.01221 0.01310 0.01408 0.01516 0.01635 0.01767 0.01912 0.02072 0.02249 0.02444 0.02658 0.02894 0.03151 0.03431 0.03733 0.04056 0.04395 0.04745 0.05098 0.05442 0.05761 0.06039 0.06254 0.06390 0.06430 0.06363 0.06187 0.05909 0.05542 0.05107 0.04631 0.04150 0.03702 0.03341 0.03123 0.03097 0.03275 0.03628 0.04102 0.04641 0.05197 0.05729 0.06200 0.06578 0.06838 0.06966 0.06961 0.06831 0.06594 0.06275 0.05901 0.05495 0.05078 0.04666 0.04270 0.03897 0.03552 0.03234 0.02946 0.02685 0.02449 0.02238 0.02047 0.01877 0.01724 0.01586 0.01462 0.01351 0.01251 0.01160 0.01078 0.01004 0.00937 0.00876 0.00820 0.00769 0.00723 0.00681 0.00642 0.00606 0.00574 0.00544 0.00516 0.00491 0.00467 0.00445 0.00425 0.00407 0.00390 0.00374 0.00359 0.00346 0.00333 0.00321 0.00310 0.00300 0.00291 0.00282 0.00274 0.00267 0.00260 0.00253 0.00248 0.00242 0.00237 0.00232 0.00228 0.00224 0.00220 0.00217 0.00214 0.00211 0.00209 0.00206 0.00204 0.00202 0.00201 0.00199 0.00198 0.00197 0.00196 0.00195 0.00194 0.00193 0.00193 0.00192 0.00192 0.00192 0.00192 0.00192 0.00192 0.00192 0.00192 0.00192 0.00192 0.00193 0.00193 0.00194 0.00194 0.00195 0.00196 0.00196 0.00197 0.00198 0.00198 0.00199 0.00200 0.00201 0.00202 0.00203 0.00204 0.00205 0.00206 0.00207 0.00208
axis 0 logf: 0.00000 0.00000 0.00000 0.00000 0.00000 0.00000 0.00000 0.00000 0.00000 0.00000 0.00000 0.00000 0.00000 0.00000 0.00000 0.00000 0.00000 0.00000 0.00000 0.00000 0.00000 0.00000 0.00000 0.00000 0.00000 0.00000 0.00000 0.00000 0.00000 0.00000 0.00000 0.00000 0.00000 0.00000 0.00000 0.00000 0.00000 0.00000 0.00000 0.00000 0.00000 0.00000 0.00000 0.00000 0.00000 0.00000 0.00000 0.00000 0.00000 0.00000 0.00000 0.00000 0.00000 0.00000 0.00000 0.00000 0.00000 0.00000 0.00000 0.00000 0.00000 0.00000 0.00000 0.00000 0.00000 0.00000 0.00000 0.00000 0.00000 0.00000 0.00000 0.00000 0.00000 0.00000 0.00000 0.00000 0.00000 0.00000 0.00000 0.00000 0.00000 0.00000 0.00000 0.00000 0.00000 0.00000 0.00000 0.00000 0.00000 0.00000 0.00000 0.00000 0.00000 0.00000 0.00000 0.00000 0.00000 0.00000 0.00000 0.00000 0.00000 0.00000 0.00000 0.00000 0.00000 0.00000 0.00000 0.00000 0.00000 0.00000 0.00000 0.00000 0.00000 0.00000 0.00000 0.00000 0.00000 0.00000 0.00000 0.00000 0.00000 0.00000 0.00000 0.00000 0.00000 0.00000 0.00000 0.00000 0.00000 0.00000 0.00000 0.00000 0.00000 0.00000 0.00000 0.00000 0.00000 0.00000 0.00000 0.00000 0.00000 0.00000 0.00000 0.00000 0.00000 0.00000 0.00000 0.00000 0.00000 0.00000 0.00000 0.00000 0.00000 0.00000 0.00000 0.00000 0.00000 0.00000 0.00000 0.00000 0.00000 0.00000 0.00000 0.00000 0.00000 0.00000 0.00000 0.00000 0.00000 0.00000 0.00000 0.00000 0.00000 0.00000 0.00000 0.00000 0.00000 0.00000 0.00000 0.00000 0.00000 0.00000 0.00000 0.00000 0.00000 0.00000 0.00000 0.00000 0.00000 0.00000 0.00000 0.00000 0.00000 0.00000 0.00000 0.00000 0.00000 0.00000 0.00000 0.00000 0.00000 0.00000 0.00000 0.00000 0.00000 0.00000 0.00000 0.00000 0.00000 0.00000 0.00000 0.00000 0.00000 0.00000 0.00000 0.00000 0.00000 0.00000 0.00000 0.00000 0.00000 0.00000 0.00000 0.00000 0.00000 0.00000 0.00000 0.00000 0.00000 0.00000 0.00000 0.00000 0.00000 0.00000 0.00000 0.00000 0.00000 0.00000 0.00000 0.00000 0.00000 0.00000 0.00000 0.00000 0.00000 0.00000 0.00000 0.00000 0.00000 0.00000 0.00000 0.00000 0.00000 0.00000 0.00000 0.00000 0.00000 0.00000 0.00000 0.00000 0.00000 0.00000 0.00000 0.00000 0.00000 0.00000 0.00000 0.00000 0.00000 0.00000 0.00000 0.00000 0.00000 0.00000 0.00000 0.00000 0.00000 0.00000 0.00000 0.00000 0.00000 0.00000 0.00000 0.00000 0.00000 0.00000 0.00000 0.00000 0.00000 0.00000 0.00000 0.00000 0.00000 0.00000 0.00000 0.00000 0.00000 0.00000 0.00000 0.00000 0.00000 0.00000 0.00000 0.00000 0.00000 0.00000 0.00000 0.00000 0.00000 0.00000 0.00000 0.00000 0.00000 0.00000 0.00000 0.00000 0.00000 0.00000 0.00000 0.00000 0.00000 0.00000 0.00000 0.00000 0.00000 0.00000 0.00000 0.00000 0.00000 0.00000 0.00000 0.00000 0.00000 0.00000 0.00000 0.00000 0.00000 0.00000 0.00000 0.00000 0.00000 0.00000 0.00000 0.00000 0.00000 0.00000 0.00000 0.00000 0.00000 0.00000 0.00000 0.00000 0.00000 0.00000 0.00000 0.00000 0.00000 0.00000 0.00000 0.00000 0.00000 0.00000 0.00000 0.00000 0.00000 0.00000 0.00000 0.00000 0.00000 0.00000 0.00000 0.00000 0.00000 0.00000 0.00000 0.00000 0.00000 0.00000 0.00000 0.00000 0.00000 0.00000 0.00000 0.00000 0.00000 0.00000 0.00000 0.00000 0.00000 0.00000 0.00000 0.00000 0.00000 0.00000 0.00000 0.00000 0.00000 0.00000 0.00000 0.00000 0.00000 0.00000 0.00000 0.00000 0.00000 0.00000 0.00000 0.00000 0.00000 0.00000 0.00000 0.00000 0.00000 0.00000 0.00000 0.00000 0.00000 0.00000 0.00000 0.00000 0.00000 0.00000 0.00000 0.00000 0.00000 0.00000 0.00000 0.00000 0.00000 0.00000 0.00000 0.00000 0.00000 0.00000 0.00000 0.00000 0.00000 0.00000 0.00000 0.00000 0.00000 0.00000 0.00000 0.00000 0.00000 0.00000 0.00000 0.00000 0.00000 0.00000 0.00000 0.00000 0.00000 0.00000 0.00000 0.00000 0.00000 0.00000 0.00000 0.00000 0.00000 0.00000 0.00000 0.00000 0.00000 0.00000 0.00000 0.00000 0.00000 0.00000 0.00000 0.00000 0.00000 0.00000 0.00000 0.00000 0.00000 0.00000 0.00000 0.00000 0.00000 0.00000 0.00000 0.00000 0.00000 0.00000 0.00000 0.00000 0.00000 0.00000 0.00000 0.00000 0.00000 0.00000 0.00000 0.00000 0.00000 0.00000 0.00000 0.00000
axis 1 spec: 0.00234 0.00233 0.00232 0.00232 0.00231 0.00230 0.00229 0.00228 0.00228 0.00227 0.00226 0.00225 0.00225 0.00224 0.00223 0.00222 0.00222 0.00221 0.00220 0.00219 0.00219 0.00218 0.00217 0.00216 0.00216 0.00215 0.00214 0.00213 0.00213 0.00212 0.00211 0.00210 0.00210 0.00209 0.00208 0.00207 0.00207 0.00206 0.00205 0.00205 0.00204 0.00203 0.00202 0.00202 0.00201 0.00200 0.00200 0.00199 0.00198 0.00197 0.00197 0.00196 0.00195 0.00195 0.00194 0.00193 0.00192 0.00192 0.00191 0.00190 0.00190 0.00189 0.00188 0.00188 0.00187 0.00186 0.00186 0.00185 0.00184 0.00184 0.00183 0.00182 0.00181 0.00181 0.00180 0.00179 0.00179 0.00178 0.00177 0.00177 0.00176 0.00175 0.00175 0.00174 0.00173 0.00173 0.00172 0.00172 0.00171 0.00170 0.00170 0.00169 0.00168 0.00168 0.00167 0.00166 0.00166 0.00165 0.00164 0.00164 0.00163 0.00163 0.00162 0.00161 0.00161 0.00160 0.00159 0.00159 0.00158 0.00158 0.00157 0.00156 0.00156 0.00155 0.00155 0.00154 0.00153 0.00153 0.00152 0.00151 0.00151 0.00150 0.00150 0.00149 0.00149 0.00148 0.00147 0.00147 0.00146 0.00146 0.00145 0.00144 0.00144 0.00143 0.00143 0.00142 0.00142 0.00141 0.00140 0.00140 0.00139 0.00139 0.00138 0.00138 0.00137 0.00137 0.00136 0.00135 0.00135 0.00134 0.00134 0.00133 0.00133 0.00132 0.00132 0.00131 0.00131 0.00130 0.00130 0.00129 0.00129 0.00128 0.00127 0.00127 0.00126 0.00126 0.00125 0.00125 0.00124 0.00124 0.00123 0.00123 0.00122 0.00122 0.00121 0.00121 0.00120 0.00120 0.00119 0.00119 0.00118 0.00118 0.00118 0.00117 0.00117 0.00116 0.00116 0.00115 0.00115 0.00114 0.00114 0.00113 0.00113 0.00112 0.00112 0.00111 0.00111 0.00111 0.00110 0.00110 0.00109 0.00109 0.00108 0.00108 0.00107 0.00107 0.00107 0.00106 0.00106 0.00105 0.00105 0.00105 0.00104 0.00104 0.00103 0.00103 0.00102 0.00102 0.00102 0.00101 0.00101 0.00100 0.00100 0.00100 0.00099 0.00099 0.00098 0.00098 0.00098 0.00097 0.00097 0.00097 0.00096 0.00096 0.00095 0.00095 0.00095 0.00094 0.00094 0.00094 0.00093 0.00093 0.00093 0.00092 0.00092 0.00091 0.00091 0.00091 0.00090 0.00090 0.00090 0.00089 0.00089 0.00089 0.00088 0.00088 0.00088 0.00087 0.00087 0.00087 0.00086 0.00086 0.00086 0.00086 0.00085 0.00085 0.00085 0.00084 0.00084 0.00084 0.00083 0.00083 0.00083 0.00082 0.00082 0.00082 0.00082 0.00081 0.00081 0.00081 0.00080 0.00080 0.00080 0.00080 0.00079 0.00079 0.00079 0.00079 0.00078 0.00078 0.00078 0.00078 0.00077 0.00077 0.00077 0.00077 0.00076 0.00076 0.00076 0.00076 0.00075 0.00075 0.00075 0.00075 0.00074 0.00074 0.00074 0.00074 0.00073 0.00073 0.00073 0.00073 0.00073 0.00072 0.00072 0.00072 0.00072 0.00072 0.00071 0.00071 0.00071 0.00071 0.00070 0.00070 0.00070 0.00070 0.00070 0.00070 0.00069 0.00069 0.00069 0.00069 0.00069 0.00068 0.00068 0.00068 0.00068 0.00068 0.00068 0.00067 0.00067 0.00067 0.00067 0.00067 0.00066 0.00066 0.00066 0.00066 0.00066 0.00066 0.00066 0.00065 0.00065 0.00065 0.00065 0.00065 0.00065 0.00065 0.00064 0.00064 0.00064 0.00064 0.00064 0.00064 0.00064 0.00063 0.00063 0.00063 0.00063 0.00063 0.00063 0.00063 0.00062 0.00062 0.00062 0.00062 0.00062 0.00062 0.00062 0.00062 0.00062 0.00061 0.00061 0.00061 0.00061 0.00061 0.00061 0.00061 0.00061 0.00061 0.00060 0.00060 0.00060 0.00060 0.00060 0.00060 0.00060 0.00060 0.00060 0.00060 0.00059 0.00059 0.00059 0.00059 0.00059 0.00059 0.00059 0.00059 0.00059 0.00059 0.00059 0.00058 0.00058 0.00058 0.00058 0.00058 0.00058 0.00058 0.00058 0.00058 0.00058 0.00058 0.00058 0.00058 0.00057 0.00057 0.00057 0.00057 0.00057 0.00057 0.00057 0.00057 0.00057 0.00057 0.00057 0.00057 0.00057 0.00056 0.00056 0.00056 0.00056 0.00056 0.00056 0.00056 0.00056 0.00056 0.00056 0.00056 0.00056 0.00056 0.00056 0.00056 0.00055 0.00055 0.00055 0.00055 0.00055 0.00055 0.00055 0.00055 0.00055 0.00055 0.00055 0.00055 0.00055 0.00055 0.00055 0.00054 0.00054 0.00054 0.00054 0.00054 0.00054 0.00054 0.00054 0.00054 0.00054 0.00054 0.00054 0.00054 0.00054 0.00054 0.00054 0.00053 0.00053 0.00053 0.00053 0.00053 0.00053 0.00053 0.00053 0.00053 0.00053 0.00053 0.00053 0.00053 0.00053 0.00053 0.00053 0.00053
axis 1 logf: 0.00000 0.00000 0.00000 0.00000 0.00000 0.00000 0.00000 0.00000 0.00000 0.00000 0.00000 0.00000 0.00000 0.00000 0.00000 0.00000 0.00000 0.00000 0.00000 0.00000 0.00000 0.00000 0.00000 0.00000 0.00000 0.00000 0.00000 0.00000 0.00000 0.00000 0.00000 0.00000 0.00000 0.00000 0.00000 0.00000 0.00000 0.00000 0.00000 0.00000 0.00000 0.00000 0.00000 0.00000 0.00000 0.00000 0.00000 0.00000 0.00000 0.00000 0.00000 0.00000 0.00000 0.00000 0.00000 0.00000 0.00000 0.00000 0.00000 0.00000 0.00000 0.00000 0.00000 0.00000 0.00000 0.00000 0.00000 0.00000 0.00000 0.00000 0.00000 0.00000 0.00000 0.00000 0.00000 0.00000 0.00000 0.00000 0.00000 0.00000 0.00000 0.00000 0.00000 0.00000 0.00000 0.00000 0.00000 0.00000 0.00000 0.00000 0.00000 0.00000 0.00000 0.00000 0.00000 0.00000 0.00000 0.00000 0.00000 0.00000 0.00000 0.00000 0.00000 0.00000 0.00000 0.00000 0.00000 0.00000 0.00000 0.00000 0.00000 0.00000 0.00000 0.00000 0.00000 0.00000 0.00000 0.00000 0.00000 0.00000 0.00000 0.00000 0.00000 0.00000 0.00000 0.00000 0.00000 0.00000 0.00000 0.00000 0.00000 0.00000 0.00000 0.00000 0.00000 0.00000 0.00000 0.00000 0.00000 0.00000 0.00000 0.00000 0.00000 0.00000 0.00000 0.00000 0.00000 0.00000 0.00000 0.00000 0.00000 0.00000 0.00000 0.00000 0.00000 0.00000 0.00000 0.00000 0.00000 0.00000 0.00000 0.00000 0.00000 0.00000 0.00000 0.00000 0.00000 0.00000 0.00000 0.00000 0.00000 0.00000 0.00000 0.00000 0.00000 0.00000 0.00000 0.00000 0.00000 0.00000 0.00000 0.00000 0.00000 0.00000 0.00000 0.00000 0.00000 0.00000 0.00000 0.00000 0.00000 0.00000 0.00000 0.00000 0.00000 0.00000 0.00000 0.00000 0.00000 0.00000 0.00000 0.00000 0.00000 0.00000 0.00000 0.00000 0.00000 0.00000 0.00000 0.00000 0.00000 0.00000 0.00000 0.00000 0.00000 0.00000 0.00000 0.00000 0.00000 0.00000 0.00000 0.00000 0.00000 0.00000 0.00000 0.00000 0.00000 0.00000 0.00000 0.00000 0.00000 0.00000 0.00000 0.00000 0.00000 0.00000 0.00000 0.00000 0.00000 0.00000 0.00000 0.00000 0.00000 0.00000 0.00000 0.00000 0.00000 0.00000 0.00000 0.00000 0.00000 0.00000 0.00000 0.00000 0.00000 0.00000 0.00000 0.00000 0.00000 0.00000 0.00000 0.00000 0.00000 0.00000 0.00000 0.00000 0.00000 0.00000 0.00000 0.00000 0.00000 0.00000 0.00000 0.00000 0.00000 0.00000 0.00000 0.00000 0.00000 0.00000 0.00000 0.00000 0.00000 0.00000 0.00000 0.00000 0.00000 0.00000 0.00000 0.00000 0.00000 0.00000 0.00000 0.00000 0.00000 0.00000 0.00000 0.00000 0.00000 0.00000 0.00000 0.00000 0.00000 0.00000 0.00000 0.00000 0.00000 0.00000 0.00000 0.00000 0.00000 0.00000 0.00000 0.00000 0.00000 0.00000 0.00000 0.00000 0.00000 0.00000 0.00000 0.00000 0.00000 0.00000 0.00000 0.00000 0.00000 0.00000 0.00000 0.00000 0.00000 0.00000 0.00000 0.00000 0.00000 0.00000 0.00000 0.00000 0.00000 0.00000 0.00000 0.00000 0.00000 0.00000 0.00000 0.00000 0.00000 0.00000 0.00000 0.00000 0.00000 0.00000 0.00000 0.00000 0.00000 0.00000 0.00000 0.00000 0.00000 0.00000 0.00000 0.00000 0.00000 0.00000 0.00000 0.00000 0.00000 0.00000 0.00000 0.00000 0.00000 0.00000 0.00000 0.00000 0.00000 0.00000 0.00000 0.00000 0.00000 0.00000 0.00000 0.00000 0.00000 0.00000 0.00000 0.00000 0.00000 0.00000 0.00000 0.00000 0.00000 0.00000 0.00000 0.00000 0.00000 0.00000 0.00000 0.00000 0.00000 0.00000 0.00000 0.00000 0.00000 0.00000 0.00000 0.00000 0.00000 0.00000 0.00000 0.00000 0.00000 0.00000 0.00000 0.00000 0.00000 0.00000 0.00000 0.00000 0.00000 0.00000 0.00000 0.00000 0.00000 0.00000 0.00000 0.00000 0.00000 0.00000 0.00000 0.00000 0.00000 0.00000 0.00000 0.00000 0.00000 0.00000 0.00000 0.00000 0.00000 0.00000 0.00000 0.00000 0.00000 0.00000 0.00000 0.00000 0.00000 0.00000 0.00000 0.00000 0.00000 0.00000 0.00000 0.00000 0.00000 0.00000 0.00000 0.00000 0.00000 0.00000 0.00000 0.00000 0.00000 0.00000 0.00000 0.00000 0.00000 0.00000 0.00000 0.00000 0.00000 0.00000 0.00000 0.00000 0.00000 0.00000 0.00000 0.00000 0.00000 0.00000 0.00000 0.00000 0.00000 0.00000 0.00000 0.00000 0.00000 0.00000 0.00000 0.00000 0.00000 0.00000 0.00000 0.00000 0.00000 0.00000 0.00000 0.00000 0.00000 0.00000
axis 2 spec: 0.00042 0.00042 0.00042 0.00042 0.00042 0.00042 0.00042 0.00042 0.00042 0.00042 0.00042 0.00042 0.00042 0.00042 0.00042 0.00042 0.00042 0.00042 0.00042 0.00042 0.00042 0.00042 0.00043 0.00043 0.00043 0.00043 0.00043 0.00043 0.00043 0.00043 0.00043 0.00043 0.00043 0.00043 0.00043 0.00043 0.00043 0.00043 0.00043 0.00043 0.00043 0.00043 0.00043 0.00043 0.00043 0.00043 0.00043 0.00043 0.00043 0.00043 0.00044 0.00044 0.00044 0.00044 0.00044 0.00044 0.00044 0.00044 0.00044 0.00044 0.00044 0.00044 0.00044 0.00044 0.00044 0.00044 0.00044 0.00044 0.00044 0.00044 0.00045 0.00045 0.00045 0.00045 0.00045 0.00045 0.00045 0.00045 0.00045 0.00045 0.00045 0.00045 0.00045 0.00045 0.00045 0.00045 0.00045 0.00046 0.00046 0.00046 0.00046 0.00046 0.00046 0.00046 0.00046 0.00046 0.00046 0.00046 0.00046 0.00046 0.00047 0.00047 0.00047 0.00047 0.00047 0.00047 0.00047 0.00047 0.00047 0.00047 0.00048 0.00048 0.00048 0.00048 0.00048 0.00048 0.00048 0.00048 0.00048 0.00048 0.00049 0.00049 0.00049 0.00049 0.00049 0.00049 0.00049 0.00049 0.00050 0.00050 0.00050 0.00050 0.00050 0.00050 0.00050 0.00051 0.00051 0.00051 0.00051 0.00051 0.00051 0.00052 0.00052 0.00052 0.00052 0.00052 0.00052 0.00053 0.00053 0.00053 0.00053 0.00053 0.00053 0.00054 0.00054 0.00054 0.00054 0.00054 0.00055 0.00055 0.00055 0.00055 0.00056 0.00056 0.00056 0.00056 0.00056 0.00057 0.00057 0.00057 0.00057 0.00058 0.00058 0.00058 0.00058 0.00059 0.00059 0.00059 0.00060 0.00060 0.00060 0.00060 0.00061 0.00061 0.00061 0.00062 0.00062 0.00062 0.00063 0.00063 0.00063 0.00064 0.00064 0.00064 0.00065 0.00065 0.00065 0.00066 0.00066 0.00066 0.00067 0.00067 0.00067 0.00068 0.00068 0.00069 0.00069 0.00069 0.00070 0.00070 0.00071 0.00071 0.00072 0.00072 0.00073 0.00073 0.00073 0.00074 0.00074 0.00075 0.00075 0.00076 0.00076 0.00077 0.00077 0.00078 0.00078 0.00079 0.00079 0.00080 0.00081 0.00081 0.00082 0.00082 0.00083 0.00083 0.00084 0.00085 0.00085 0.00086 0.00087 0.00087 0.00088 0.00088 0.00089 0.00090 0.00090 0.00091 0.00092 0.00093 0.00093 0.00094 0.00095 0.00095 0.00096 0.00097 0.00098 0.00099 0.00099 0.00100 0.00101 0.00102 0.00103 0.00103 0.00104 0.00105 0.00106 0.00107 0.00108 0.00109 0.00110 0.00111 0.00112 0.00112 0.00113 0.00114 0.00115 0.00116 0.00117 0.00119 0.00120 0.00121 0.00122 0.00123 0.00124 0.00125 0.00126 0.00127 0.00128 0.00130 0.00131 0.00132 0.00133 0.00134 0.00136 0.00137 0.00138 0.00140 0.00141 0.00142 0.00144 0.00145 0.00146 0.00148 0.00149 0.00151 0.00152 0.00154 0.00155 0.00157 0.00158 0.00160 0.00161 0.00163 0.00165 0.00166 0.00168 0.00170 0.00171 0.00173 0.00175 0.00177 0.00179 0.00180 0.00182 0.00184 0.00186 0.00188 0.00190 0.00192 0.00194 0.00196 0.00198 0.00200 0.00203 0.00205 0.00207 0.00209 0.00211 0.00214 0.00216 0.00218 0.00221 0.00223 0.00226 0.00228 0.00231 0.00233 0.00236 0.00239 0.00241 0.00244 0.00247 0.00249 0.00252 0.00255 0.00258 0.00261 0.00264 0.00267 0.00270 0.00273 0.00276 0.00280 0.00283 0.00286 0.00289 0.00293 0.00296 0.00300 0.00303 0.00307 0.00310 0.00314 0.00318 0.00322 0.00325 0.00329 0.00333 0.00337 0.00341 0.00345 0.00349 0.00354 0.00358 0.00362 0.00367 0.00371 0.00375 0.00380 0.00385 0.00389 0.00394 0.00399 0.00403 0.00408 0.00413 0.00418 0.00423 0.00429 0.00434 0.00439 0.00444 0.00450 0.00455 0.00461 0.00466 0.00472 0.00477 0.00483 0.00489 0.00495 0.00501 0.00507 0.00513 0.00519 0.00525 0.00531 0.00537 0.00544 0.00550 0.00557 0.00563 0.00569 0.00576 0.00583 0.00589 0.00596 0.00603 0.00609 0.00616 0.00623 0.00630 0.00637 0.00643 0.00650 0.00657 0.00664 0.00671 0.00678 0.00685 0.00692 0.00699 0.00706 0.00712 0.00719 0.00726 0.00733 0.00740 0.00746 0.00753 0.00759 0.00766 0.00772 0.00779 0.00785 0.00791 0.00797 0.00803 0.00809 0.00815 0.00821 0.00826 0.00831 0.00837 0.00842 0.00847 0.00851 0.00856 0.00860 0.00864 0.00868 0.00872 0.00876 0.00879 0.00882 0.00885 0.00888 0.00890 0.00892 0.00894 0.00896 0.00897 0.00898 0.00899 0.00900 0.00900 0.00900 0.00900 0.00899 0.00898 0.00897 0.00896 0.00894 0.00892 0.00889 0.00887 0.00884 0.00881 0.00877
axis 2 logf: 0.00000 0.00000 0.00000 0.00000 0.00000 0.00000 0.00000 0.00000 0.00000 0.00000 0.00000 0.00000 0.00000 0.00000 0.00000 0.00000 0.00000 0.00000 0.00000 0.00000 0.00000 0.00000 0.00000 0.00000 0.00000 0.00000 0.00000 0.00000 0.00000 0.00000 0.00000 0.00000 0.00000 0.00000 0.00000 0.00000 0.00000 0.00000 0.00000 0.00000 0.00000 0.00000 0.00000 0.00000 0.00000 0.00000 0.00000 0.00000 0.00000 0.00000 0.00000 0.00000 0.00000 0.00000 0.00000 0.00000 0.00000 0.00000 0.00000 0.00000 0.00000 0.00000 0.00000 0.00000 0.00000 0.00000 0.00000 0.00000 0.00000 0.00000 0.00000 0.00000 0.00000 0.00000 0.00000 0.00000 0.00000 0.00000 0.00000 0.00000 0.00000 0.00000 0.00000 0.00000 0.00000 0.00000 0.00000 0.00000 0.00000 0.00000 0.00000 0.00000 0.00000 0.00000 0.00000 0.00000 0.00000 0.00000 0.00000 0.00000 0.00000 0.00000 0.00000 0.00000 0.00000 0.00000 0.00000 0.00000 0.00000 0.00000 0.00000 0.00000 0.00000 0.00000 0.00000 0.00000 0.00000 0.00000 0.00000 0.00000 0.00000 0.00000 0.00000 0.00000 0.00000 0.00000 0.00000 0.00000 0.00000 0.00000 0.00000 0.00000 0.00000 0.00000 0.00000 0.00000 0.00000 0.00000 0.00000 0.00000 0.00000 0.00000 0.00000 0.00000 0.00000 0.00000 0.00000 0.00000 0.00000 0.00000 0.00000 0.00000 0.00000 0.00000 0.00000 0.00000 0.00000 0.00000 0.00000 0.00000 0.00000 0.00000 0.00000 0.00000 0.00000 0.00000 0.00000 0.00000 0.00000 0.00000 0.00000 0.00000 0.00000 0.00000 0.00000 0.00000 0.00000 0.00000 0.00000 0.00000 0.00000 0.00000 0.00000 0.00000 0.00000 0.00000 0.00000 0.00000 0.00000 0.00000 0.00000 0.00000 0.00000 0.00000 0.00000 0.00000 0.00000 0.00000 0.00000 0.00000 0.00000 0.00000 0.00000 0.00000 0.00000 0.00000 0.00000 0.00000 0.00000 0.00000 0.00000 0.00000 0.00000 0.00000 0.00000 0.00000 0.00000 0.00000 0.00000 0.00000 0.00000 0.00000 0.00000 0.00000 0.00000 0.00000 0.00000 0.00000 0.00000 0.00000 0.00000 0.00000 0.00000 0.00000 0.00000 0.00000 0.00000 0.00000 0.00000 0.00000 0.00000 0.00000 0.00000 0.00000 0.00000 0.00000 0.00000 0.00000 0.00000 0.00000 0.00000 0.00000 0.00000 0.00000 0.00000 0.00000 0.00000 0.00000 0.00000 0.00000 0.00000 0.00000 0.00000 0.00000 0.00000 0.00000 0.00000 0.00000 0.00000 0.00000 0.00000 0.00000 0.00000 0.00000 0.00000 0.00000 0.00000 0.00000 0.00000 0.00000 0.00000 0.00000 0.00000 0.00000 0.00000 0.00000 0.00000 0.00000 0.00000 0.00000 0.00000 0.00000 0.00000 0.00000 0.00000 0.00000 0.00000 0.00000 0.00000 0.00000 0.00000 0.00000 0.00000 0.00000 0.00000 0.00000 0.00000 0.00000 0.00000 0.00000 0.00000 0.00000 0.00000 0.00000 0.00000 0.00000 0.00000 0.00000 0.00000 0.00000 0.00000 0.00000 0.00000 0.00000 0.00000 0.00000 0.00000 0.00000 0.00000 0.00000 0.00000 0.00000 0.00000 0.00000 0.00000 0.00000 0.00000 0.00000 0.00000 0.00000 0.00000 0.00000 0.00000 0.00000 0.00000 0.00000 0.00000 0.00000 0.00000 0.00000 0.00000 0.00000 0.00000 0.00000 0.00000 0.00000 0.00000 0.00000 0.00000 0.00000 0.00000 0.00000 0.00000 0.00000 0.00000 0.00000 0.00000 0.00000 0.00000 0.00000 0.00000 0.00000 0.00000 0.00000 0.00000 0.00000 0.00000 0.00000 0.00000 0.00000 0.00000 0.00000 0.00000 0.00000 0.00000 0.00000 0.00000 0.00000 0.00000 0.00000 0.00000 0.00000 0.00000 0.00000 0.00000 0.00000 0.00000 0.00000 0.00000 0.00000 0.00000 0.00000 0.00000 0.00000 0.00000 0.00000 0.00000 0.00000 0.00000 0.00000 0.00000 0.00000 0.00000 0.00000 0.00000 0.00000 0.00000 0.00000 0.00000 0.00000 0.00000 0.00000 0.00000 0.00000 0.00000 0.00000 0.00000 0.00000 0.00000 0.00000 0.00000 0.00000 0.00000 0.00000 0.00000 0.00000 0.00000 0.00000 0.00000 0.00000 0.00000 0.00000 0.00000 0.00000 0.00000 0.00000 0.00000 0.00000 0.00000 0.00000 0.00000 0.00000 0.00000 0.00000 0.00000 0.00000 0.00000 0.00000 0.00000 0.00000 0.00000 0.00000 0.00000 0.00000 0.00000 0.00000 0.00000 0.00000 0.00000 0.00000 0.00000 0.00000 0.00000 0.00000 0.00000 0.00000 0.00000 0.00000 0.00000 0.00000 0.00000 0.00000 0.00000 0.00000 0.00000 0.00000 0.00000 0.00000 0.00000 0.00000 0.00000 0.00000 0.00000 0.00000 0.00000 0.00000 0.00000 0.00000 0.00000 0.00000
axis 3 spec: 0.00033 0.00032 0.00032 0.00032 0.00032 0.00032 0.00032 0.00032 0.00032 0.00032 0.00032 0.00032 0.00032 0.00032 0.00032 0.00032 0.00032 0.00032 0.00032 0.00032 0.00032 0.00032 0.00032 0.00032 0.00032 0.00032 0.00032 0.00032 0.00032 0.00032 0.00032 0.00032 0.00032 0.00032 0.00032 0.00032 0.00032 0.00032 0.00032 0.00032 0.00032 0.00032 0.00031 0.00031 0.00031 0.00031 0.00031 0.00031 0.00031 0.00031 0.00031 0.00031 0.00031 0.00031 0.00031 0.00031 0.00031 0.00031 0.00031 0.00031 0.00031 0.00032 0.00032 0.00032 0.00032 0.00032 0.00032 0.00032 0.00032 0.00032 0.00032 0.00032 0.00032 0.00032 0.00032 0.00032 0.00032 0.00032 0.00032 0.00032 0.00032 0.00032 0.00032 0.00032 0.00032 0.00032 0.00032 0.00032 0.00032 0.00032 0.00032 0.00032 0.00032 0.00032 0.00032 0.00032 0.00032 0.00032 0.00032 0.00032 0.00032 0.00032 0.00032 0.00032 0.00032 0.00032 0.00032 0.00032 0.00032 0.00032 0.00032 0.00032 0.00032 0.00032 0.00032 0.00032 0.00032 0.00032 0.00032 0.00032 0.00032 0.00032 0.00032 0.00032 0.00032 0.00032 0.00032 0.00032 0.00032 0.00032 0.00032 0.00032 0.00032 0.00032 0.00032 0.00032 0.00032 0.00032 0.00032 0.00032 0.00032 0.00032 0.00032 0.00032 0.00032 0.00032 0.00032 0.00032 0.00032 0.00032 0.00032 0.00032 0.00032 0.00032 0.00032 0.00032 0.00032 0.00032 0.00032 0.00032 0.00032 0.00032 0.00032 0.00032 0.00032 0.00032 0.00032 0.00031 0.00031 0.00031 0.00031 0.00031 0.00031 0.00031 0.00031 0.00031 0.00031 0.00031 0.00031 0.00031 0.00031 0.00031 0.00031 0.00031 0.00031 0.00031 0.00031 0.00031 0.00031 0.00031 0.00031 0.00031 0.00031 0.00030 0.00030 0.00030 0.00030 0.00030 0.00030 0.00030 0.00030 0.00030 0.00030 0.00030 0.00030 0.00030 0.00030 0.00030 0.00030 0.00030 0.00029 0.00029 0.00029 0.00029 0.00029 0.00029 0.00029 0.00029 0.00029 0.00029 0.00029 0.00029 0.00029 0.00029 0.00028 0.00028 0.00028 0.00028 0.00028 0.00028 0.00028 0.00028 0.00028 0.00028 0.00028 0.00028 0.00027 0.00027 0.00027 0.00027 0.00027 0.00027 0.00027 0.00027 0.00027 0.00027 0.00027 0.00026 0.00026 0.00026 0.00026 0.00026 0.00026 0.00026 0.00026 0.00026 0.00026 0.00025 0.00025 0.00025 0.00025 0.00025 0.00025 0.00025 0.00025 0.00025 0.00025 0.00024 0.00024 0.00024 0.00024 0.00024 0.00024 0.00024 0.00024 0.00024 0.00024 0.00023 0.00023 0.00023 0.00023 0.00023 0.00023 0.00023 0.00023 0.00023 0.00022 0.00022 0.00022 0.00022 0.00022 0.00022 0.00022 0.00022 0.00022 0.00022 0.00021 0.00021 0.00021 0.00021 0.00021 0.00021 0.00021 0.00021 0.00021 0.00021 0.00020 0.00020 0.00020 0.00020 0.00020 0.00020 0.00020 0.00020 0.00020 0.00020 0.00020 0.00020 0.00019 0.00019 0.00019 0.00019 0.00019 0.00019 0.00019 0.00019 0.00019 0.00019 0.00019 0.00019 0.00019 0.00019 0.00018 0.00018 0.00018 0.00018 0.00018 0.00018 0.00018 0.00018 0.00018 0.00018 0.00018 0.00018 0.00018 0.00018 0.00018 0.00018 0.00018 0.00018 0.00018 0.00018 0.00018 0.00018 0.00018 0.00018 0.00018 0.00018 0.00018 0.00018 0.00018 0.00018 0.00018 0.00018 0.00018 0.00018 0.00018 0.00018 0.00018 0.00018 0.00018 0.00018 0.00018 0.00018 0.00018 0.00018 0.00018 0.00018 0.00019 0.00019 0.00019 0.00019 0.00019 0.00019 0.00019 0.00019 0.00019 0.00019 0.00019 0.00019 0.00020 0.00020 0.00020 0.00020 0.00020 0.00020 0.00020 0.00020 0.00020 0.00020 0.00021 0.00021 0.00021 0.00021 0.00021 0.00021 0.00021 0.00022 0.00022 0.00022 0.00022 0.00022 0.00022 0.00022 0.00022 0.00023 0.00023 0.00023 0.00023 0.00023 0.00023 0.00024 0.00024 0.00024 0.00024 0.00024 0.00024 0.00025 0.00025 0.00025 0.00025 0.00025 0.00025 0.00026 0.00026 0.00026 0.00026 0.00026 0.00026 0.00027 0.00027 0.00027 0.00027 0.00027 0.00027 0.00028 0.00028 0.00028 0.00028 0.00028 0.00029 0.00029 0.00029 0.00029 0.00029 0.00029 0.00030 0.00030 0.00030 0.00030 0.00030 0.00031 0.00031 0.00031 0.00031 0.00031 0.00031 0.00032 0.00032 0.00032 0.00032 0.00032 0.00033 0.00033 0.00033 0.00033 0.00033 0.00034 0.00034 0.00034 0.00034 0.00034 0.00034 0.00035 0.00035 0.00035 0.00035 0.00035 0.00036 0.00036 0.00036 0.00036 0.00036 0.00036 0.00037 0.00037 0.00037 0.00037 0.00037 0.00038
axis 3 logf: 0.00000 0.00000 0.00000 0.00000 0.00000 0.00000 0.00000 0.00000 0.00000 0.00000 0.00000 0.00000 0.00000 0.00000 0.00000 0.00000 0.00000 0.00000 0.00000 0.00000 0.00000 0.00000 0.00000 0.00000 0.00000 0.00000 0.00000 0.00000 0.00000 0.00000 0.00000 0.00000 0.00000 0.00000 0.00000 0.00000 0.00000 0.00000 0.00000 0.00000 0.00000 0.00000 0.00000 0.00000 0.00000 0.00000 0.00000 0.00000 0.00000 0.00000 0.00000 0.00000 0.00000 0.00000 0.00000 0.00000 0.00000 0.00000 0.00000 0.00000 0.00000 0.00000 0.00000 0.00000 0.00000 0.00000 0.00000 0.00000 0.00000 0.00000 0.00000 0.00000 0.00000 0.00000 0.00000 0.00000 0.00000 0.00000 0.00000 0.00000 0.00000 0.00000 0.00000 0.00000 0.00000 0.00000 0.00000 0.00000 0.00000 0.00000 0.00000 0.00000 0.00000 0.00000 0.00000 0.00000 0.00000 0.00000 0.00000 0.00000 0.00000 0.00000 0.00000 0.00000 0.00000 0.00000 0.00000 0.00000 0.00000 0.00000 0.00000 0.00000 0.00000 0.00000 0.00000 0.00000 0.00000 0.00000 0.00000 0.00000 0.00000 0.00000 0.00000 0.00000 0.00000 0.00000 0.00000 0.00000 0.00000 0.00000 0.00000 0.00000 0.00000 0.00000 0.00000 0.00000 0.00000 0.00000 0.00000 0.00000 0.00000 0.00000 0.00000 0.00000 0.00000 0.00000 0.00000 0.00000 0.00000 0.00000 0.00000 0.00000 0.00000 0.00000 0.00000 0.00000 0.00000 0.00000 0.00000 0.00000 0.00000 0.00000 0.00000 0.00000 0.00000 0.00000 0.00000 0.00000 0.00000 0.00000 0.00000 0.00000 0.00000 0.00000 0.00000 0.00000 0.00000 0.00000 0.00000 0.00000 0.00000 0.00000 0.00000 0.00000 0.00000 0.00000 0.00000 0.00000 0.00000 0.00000 0.00000 0.00000 0.00000 0.00000 0.00000 0.00000 0.00000 0.00000 0.00000 0.00000 0.00000 0.00000 0.00000 0.00000 0.00000 0.00000 0.00000 0.00000 0.00000 0.00000 0.00000 0.00000 0.00000 0.00000 0.00000 0.00000 0.00000 0.00000 0.00000 0.00000 0.00000 0.00000 0.00000 0.00000 0.00000 0.00000 0.00000 0.00000 0.00000 0.00000 0.00000 0.00000 0.00000 0.00000 0.00000 0.00000 0.00000 0.00000 0.00000 0.00000 0.00000 0.00000 0.00000 0.00000 0.00000 0.00000 0.00000 0.00000 0.00000 0.00000 0.00000 0.00000 0.00000 0.00000 0.00000 0.00000 0.00000 0.00000 0.00000 0.00000 0.00000 0.00000 0.00000 0.00000 0.00000 0.00000 0.00000 0.00000 0.00000 0.00000 0.00000 0.00000 0.00000 0.00000 0.00000 0.00000 0.00000 0.00000 0.00000 0.00000 0.00000 0.00000 0.00000 0.00000 0.00000 0.00000 0.00000 0.00000 0.00000 0.00000 0.00000 0.00000 0.00000 0.00000 0.00000 0.00000 0.00000 0.00000 0.00000 0.00000 0.00000 0.00000 0.00000 0.00000 0.00000 0.00000 0.00000 0.00000 0.00000 0.00000 0.00000 0.00000 0.00000 0.00000 0.00000 0.00000 0.00000 0.00000 0.00000 0.00000 0.00000 0.00000 0.00000 0.00000 0.00000 0.00000 0.00000 0.00000 0.00000 0.00000 0.00000 0.00000 0.00000 0.00000 0.00000 0.00000 0.00000 0.00000 0.00000 0.00000 0.00000 0.00000 0.00000 0.00000 0.00000 0.00000 0.00000 0.00000 0.00000 0.00000 0.00000 0.00000 0.00000 0.00000 0.00000 0.00000 0.00000 0.00000 0.00000 0.00000 0.00000 0.00000 0.00000 0.00000 0.00000 0.00000 0.00000 0.00000 0.00000 0.00000 0.00000 0.00000 0.00000 0.00000 0.00000 0.00000 0.00000 0.00000 0.00000 0.00000 0.00000 0.00000 0.00000 0.00000 0.00000 0.00000 0.00000 0.00000 0.00000 0.00000 0.00000 0.00000 0.00000 0.00000 0.00000 0.00000 0.00000 0.00000 0.00000 0.00000 0.00000 0.00000 0.00000 0.00000 0.00000 0.00000 0.00000 0.00000 0.00000 0.00000 0.00000 0.00000 0.00000 0.00000 0.00000 0.00000 0.00000 0.00000 0.00000 0.00000 0.00000 0.00000 0.00000 0.00000 0.00000 0.00000 0.00000 0.00000 0.00000 0.00000 0.00000 0.00000 0.00000 0.00000 0.00000 0.00000 0.00000 0.00000 0.00000 0.00000 0.00000 0.00000 0.00000 0.00000 0.00000 0.00000 0.00000 0.00000 0.00000 0.00000 0.00000 0.00000 0.00000 0.00000 0.00000 0.00000 0.00000 0.00000 0.00000 0.00000 0.00000 0.00000 0.00000 0.00000 0.00000 0.00000 0.00000 0.00000 0.00000 0.00000 0.00000 0.00000 0.00000 0.00000 0.00000 0.00000 0.00000 0.00000 0.00000 0.00000 0.00000 0.00000 0.00000 0.00000 0.00000 0.00000 0.00000 0.00000 0.00000 0.00000 0.00000 0.00000 0.00000 0.00000 0.00000 0.00000 0.00000 0.00000 0.00000 0.00000
