grade — diagonal space, K=4, extent 2.20; 6 bands/octave over 40..20000 Hz, kernel 0.0833 oct, strike 0 listen 0, 1/omega, damping 5.0/s at 0.200 s

pitch normalised: the lowest audible mode of every point is moved to 440 Hz before banding

ring: modes weighed by their energy over the whole decay (the space's own zeta)

variety per unit of travel: mean 1.335, 5th pct 0.476, 95th pct 2.115
spread: 4.44x   (FM 1.83x, Saw 2.03x, Shapes 8.47x in Kyklophoria's table; 1.0 is isotropic)
twins: 2.6% of random pairs within 0.05
axes:  axis 0 2.282  axis 1 0.665  axis 2 1.521  axis 3 1.095
modes skipped as unrenderable (non-positive or above the top band): 0.00 per evaluation over 41604 evaluations

continuity (cont_check): largest step at step/500 and step/2000, ratio ~4 smooth, ~1 cliff
  axis    spec/500   spec/2000   ratio      logf/500   logf/2000   ratio
  0        0.02121     0.00530    4.00       0.03692     0.00923    4.00
  1        0.00199     0.00050    4.00       0.01012     0.00253    4.00
  2        0.00720     0.00180    4.00       0.00349     0.00087    4.00
  3        0.00471     0.00118    4.00       0.00056     0.00014    4.00

where the frequencies move fastest along each axis (log-frequency step per 1/500 of travel, in tenths of the axis):
  axis 0: 0.0369 0.0369 0.0369 0.0369 0.0369 0.0369 0.0369 0.0369 0.0369 0.0369   peak 0.0369
  axis 1: 0.0101 0.0101 0.0101 0.0101 0.0101 0.0101 0.0101 0.0101 0.0101 0.0101   peak 0.0101
  axis 2: 0.0035 0.0035 0.0035 0.0035 0.0035 0.0035 0.0035 0.0035 0.0035 0.0035   peak 0.0035
  axis 3: 0.0006 0.0006 0.0006 0.0006 0.0006 0.0006 0.0006 0.0006 0.0006 0.0006   peak 0.0006

veering map — second difference of each aligned slot's log frequency along each sweep, in cents.
a smooth trajectory is under 100; a slot that trades places with its neighbour is hundreds.
listed: every (family, parameter, slot) over 300 cents, and each family's worst.
  bar: (0.927, slot 2: 1133) (0.927, slot 4: 1136)
    2 over 300 cents; worst 1136 cents at parameter 0.927, slot 4
  plate: (1.182, slot 0: 2812) (1.182, slot 1: 598) (1.182, slot 4: 1388) (1.182, slot 5: 1050) (1.182, slot 6: 1406) (1.182, slot 7: 1528) (1.182, slot 9: 1014) (1.182, slot 11: 1956) (1.182, slot 15: 1027) (1.182, slot 16: 2013) (1.182, slot 18: 2636) (1.182, slot 19: 579) (1.182, slot 20: 4300) (1.182, slot 21: 1115) (1.182, slot 23: 1815) (1.182, slot 24: 1362) (1.182, slot 26: 3187) (1.364, slot 1: 328) (1.364, slot 6: 1564) (1.364, slot 9: 1986) (1.364, slot 12: 563) (1.364, slot 15: 949) (1.364, slot 17: 329) (1.364, slot 21: 1705) (1.364, slot 23: 1316) (1.364, slot 24: 1131) (1.546, slot 1: 618) (1.546, slot 9: 1727) (1.546, slot 21: 744) (1.727, slot 1: 347) (1.727, slot 18: 446) (1.909, slot 1: 765) (1.909, slot 9: 1464) (1.909, slot 12: 1483) (1.909, slot 18: 867) (2.091, slot 9: 1479) (2.091, slot 12: 1399) (2.091, slot 18: 332) (2.273, slot 12: 1145) (2.273, slot 20: 1766) (2.454, slot 12: 1143) (2.454, slot 20: 1756)
    42 over 300 cents; worst 4300 cents at parameter 1.182, slot 20
  bell: (0.218, slot 35: 448) (0.436, slot 32: 727) (0.545, slot 32: 643) (0.545, slot 36: 309) (0.655, slot 22: 781) (0.655, slot 33: 756) (0.764, slot 22: 759) (0.764, slot 30: 347) (0.764, slot 33: 782) (1.091, slot 29: 661)
    10 over 300 cents; worst 782 cents at parameter 0.764, slot 33
  tine: (0.068, slot 4: 451)
    1 over 300 cents; worst 451 cents at parameter 0.068, slot 4
  banjo: (49.000, slot 8: 392)
    1 over 300 cents; worst 392 cents at parameter 49.000, slot 8
  ep: (44.000, slot 7: 325) (47.000, slot 5: 316) (47.000, slot 5: 301) (48.000, slot 5: 322) (49.000, slot 9: 313) (56.000, slot 8: 305) (56.000, slot 8: 313) (57.000, slot 8: 318) (68.000, slot 5: 325) (68.000, slot 4: 314) (69.000, slot 4: 340) (77.000, slot 3: 346) (83.000, slot 1: 300) (93.000, slot 1: 303) (93.000, slot 1: 303) (94.000, slot 0: 300) (94.000, slot 1: 301)
    17 over 300 cents; worst 346 cents at parameter 77.000, slot 3
  guitar: (55.000, slot 2: 300) (64.000, slot 0: 363) (68.000, slot 0: 318) (69.000, slot 0: 325) (71.000, slot 0: 324) (71.000, slot 7: 305) (71.000, slot 8: 300) (71.000, slot 14: 300) (71.000, slot 17: 300) (71.000, slot 19: 300) (71.000, slot 21: 300) (71.000, slot 23: 300) (71.000, slot 25: 300) (71.000, slot 29: 300) (71.000, slot 35: 300) (71.000, slot 36: 300) (71.000, slot 39: 300) (71.000, slot 40: 300) (71.000, slot 43: 300) (71.000, slot 44: 300) (71.000, slot 47: 300) (74.000, slot 6: 316) (74.000, slot 7: 310) (74.000, slot 8: 300) (74.000, slot 9: 304) (74.000, slot 14: 300) (74.000, slot 17: 300) (74.000, slot 19: 300) (74.000, slot 21: 300) (74.000, slot 23: 300) (74.000, slot 25: 300) (74.000, slot 29: 300) (74.000, slot 35: 300) (74.000, slot 36: 300) (74.000, slot 39: 300) (74.000, slot 40: 300) (74.000, slot 43: 300) (74.000, slot 44: 300) (74.000, slot 47: 300) (75.000, slot 0: 310) (76.000, slot 6: 303) (76.000, slot 7: 312) (76.000, slot 8: 326) (76.000, slot 13: 300) (76.000, slot 17: 300) (76.000, slot 18: 300) (76.000, slot 20: 300) (76.000, slot 22: 300) (76.000, slot 24: 300) (76.000, slot 27: 300) (76.000, slot 30: 300) (76.000, slot 32: 300) (76.000, slot 35: 300) (76.000, slot 37: 300) (76.000, slot 38: 300) (76.000, slot 40: 300) (76.000, slot 41: 300) (76.000, slot 42: 300) (76.000, slot 44: 300) (76.000, slot 45: 300) (80.000, slot 7: 312) (80.000, slot 9: 300) (80.000, slot 11: 300) (80.000, slot 13: 300) (80.000, slot 14: 300) (80.000, slot 15: 300) (80.000, slot 16: 300) (80.000, slot 17: 300) (80.000, slot 18: 300) (80.000, slot 19: 300) (80.000, slot 20: 300) (80.000, slot 22: 300) (80.000, slot 23: 300) (80.000, slot 24: 300) (80.000, slot 26: 300) (80.000, slot 27: 300) (80.000, slot 28: 300) (80.000, slot 29: 300) (80.000, slot 30: 300) (80.000, slot 31: 300) (80.000, slot 32: 300) (80.000, slot 33: 300) (80.000, slot 35: 300) (80.000, slot 36: 300) (80.000, slot 37: 300) (80.000, slot 38: 300) (80.000, slot 39: 300) (80.000, slot 40: 300) (80.000, slot 41: 300) (80.000, slot 42: 300) (80.000, slot 44: 300) (80.000, slot 45: 300) (80.000, slot 46: 300) (80.000, slot 47: 300)
    94 over 300 cents; worst 363 cents at parameter 64.000, slot 0
  mandolin:
    0 over 300 cents; worst 213 cents at parameter 70.000, slot 2
  wurli: (48.000, slot 13: 301) (55.000, slot 0: 368) (72.000, slot 6: 306)
    3 over 300 cents; worst 368 cents at parameter 55.000, slot 0

profiles: per axis, 500 steps, spectrum step then log-frequency step
axis 0 spec: 0.01439 0.01482 0.01526 0.01569 0.01612 0.01655 0.01697 0.01739 0.01779 0.01819 0.01857 0.01893 0.01927 0.01959 0.01989 0.02016 0.02041 0.02062 0.02081 0.02096 0.02107 0.02116 0.02120 0.02121 0.02119 0.02113 0.02103 0.02090 0.02074 0.02055 0.02033 0.02008 0.01980 0.01950 0.01918 0.01884 0.01848 0.01811 0.01773 0.01734 0.01695 0.01654 0.01614 0.01573 0.01532 0.01492 0.01452 0.01413 0.01374 0.01336 0.01298 0.01262 0.01227 0.01193 0.01160 0.01128 0.01097 0.01068 0.01039 0.01012 0.00987 0.00962 0.00939 0.00918 0.00897 0.00878 0.00860 0.00843 0.00827 0.00812 0.00799 0.00786 0.00775 0.00764 0.00755 0.00746 0.00738 0.00731 0.00725 0.00719 0.00714 0.00710 0.00706 0.00703 0.00701 0.00698 0.00697 0.00695 0.00694 0.00694 0.00693 0.00693 0.00693 0.00694 0.00694 0.00695 0.00696 0.00697 0.00698 0.00699 0.00700 0.00701 0.00703 0.00704 0.00705 0.00707 0.00708 0.00709 0.00710 0.00712 0.00713 0.00714 0.00715 0.00716 0.00717 0.00718 0.00719 0.00719 0.00720 0.00720 0.00721 0.00721 0.00721 0.00721 0.00721 0.00721 0.00720 0.00720 0.00719 0.00719 0.00718 0.00717 0.00716 0.00715 0.00713 0.00712 0.00710 0.00709 0.00707 0.00705 0.00703 0.00701 0.00698 0.00696 0.00693 0.00691 0.00688 0.00685 0.00682 0.00679 0.00676 0.00673 0.00669 0.00666 0.00662 0.00659 0.00655 0.00651 0.00647 0.00643 0.00639 0.00635 0.00631 0.00627 0.00622 0.00618 0.00614 0.00609 0.00605 0.00600 0.00595 0.00591 0.00586 0.00581 0.00577 0.00572 0.00567 0.00562 0.00557 0.00552 0.00547 0.00542 0.00537 0.00532 0.00528 0.00523 0.00518 0.00513 0.00508 0.00503 0.00498 0.00493 0.00488 0.00483 0.00478 0.00473 0.00468 0.00463 0.00458 0.00453 0.00448 0.00443 0.00438 0.00434 0.00429 0.00424 0.00419 0.00415 0.00410 0.00405 0.00401 0.00396 0.00391 0.00387 0.00382 0.00378 0.00373 0.00369 0.00365 0.00360 0.00356 0.00352 0.00348 0.00343 0.00339 0.00335 0.00331 0.00327 0.00323 0.00319 0.00315 0.00311 0.00307 0.00303 0.00300 0.00296 0.00292 0.00289 0.00285 0.00281 0.00278 0.00274 0.00271 0.00267 0.00264 0.00261 0.00257 0.00254 0.00251 0.00247 0.00244 0.00241 0.00238 0.00235 0.00232 0.00229 0.00226 0.00223 0.00220 0.00217 0.00214 0.00212 0.00209 0.00206 0.00203 0.00201 0.00198 0.00196 0.00193 0.00191 0.00188 0.00186 0.00183 0.00181 0.00178 0.00176 0.00174 0.00171 0.00169 0.00167 0.00165 0.00163 0.00160 0.00158 0.00156 0.00154 0.00152 0.00150 0.00148 0.00146 0.00144 0.00142 0.00140 0.00139 0.00137 0.00135 0.00133 0.00131 0.00130 0.00128 0.00126 0.00125 0.00123 0.00121 0.00120 0.00118 0.00117 0.00115 0.00114 0.00112 0.00111 0.00109 0.00108 0.00106 0.00105 0.00104 0.00102 0.00101 0.00100 0.00098 0.00097 0.00096 0.00094 0.00093 0.00092 0.00091 0.00090 0.00088 0.00087 0.00086 0.00085 0.00084 0.00083 0.00082 0.00081 0.00080 0.00079 0.00078 0.00077 0.00076 0.00075 0.00074 0.00073 0.00072 0.00071 0.00070 0.00069 0.00068 0.00067 0.00067 0.00066 0.00065 0.00064 0.00063 0.00062 0.00062 0.00061 0.00060 0.00059 0.00059 0.00058 0.00057 0.00056 0.00056 0.00055 0.00054 0.00054 0.00053 0.00052 0.00052 0.00051 0.00051 0.00050 0.00049 0.00049 0.00048 0.00048 0.00047 0.00046 0.00046 0.00045 0.00045 0.00044 0.00044 0.00043 0.00043 0.00042 0.00042 0.00041 0.00041 0.00040 0.00040 0.00039 0.00039 0.00039 0.00038 0.00038 0.00037 0.00037 0.00036 0.00036 0.00036 0.00035 0.00035 0.00035 0.00034 0.00034 0.00033 0.00033 0.00033 0.00032 0.00032 0.00032 0.00031 0.00031 0.00031 0.00030 0.00030 0.00030 0.00030 0.00029 0.00029 0.00029 0.00028 0.00028 0.00028 0.00028 0.00027 0.00027 0.00027 0.00027 0.00026 0.00026 0.00026 0.00026 0.00025 0.00025 0.00025 0.00025 0.00025 0.00024 0.00024 0.00024 0.00024 0.00024 0.00023 0.00023 0.00023 0.00023 0.00023 0.00022 0.00022 0.00022 0.00022 0.00022 0.00022 0.00022 0.00021 0.00021 0.00021 0.00021 0.00021 0.00021 0.00020 0.00020 0.00020 0.00020 0.00020 0.00020 0.00020 0.00020 0.00019 0.00019 0.00019 0.00019 0.00019 0.00019 0.00019 0.00019 0.00019 0.00018 0.00018 0.00018 0.00018 0.00018 0.00018 0.00018 0.00018 0.00018 0.00018 0.00018 0.00017 0.00017 0.00017 0.00017 0.00017 0.00017 0.00017 0.00017 0.00017
axis 0 logf: 0.03692 0.03692 0.03692 0.03692 0.03692 0.03692 0.03692 0.03692 0.03692 0.03692 0.03692 0.03692 0.03692 0.03692 0.03692 0.03692 0.03692 0.03692 0.03692 0.03692 0.03692 0.03692 0.03692 0.03692 0.03692 0.03692 0.03692 0.03692 0.03692 0.03692 0.03692 0.03692 0.03692 0.03692 0.03692 0.03692 0.03692 0.03692 0.03692 0.03692 0.03692 0.03692 0.03692 0.03692 0.03692 0.03692 0.03692 0.03692 0.03692 0.03692 0.03692 0.03692 0.03692 0.03692 0.03692 0.03692 0.03692 0.03692 0.03692 0.03692 0.03692 0.03692 0.03692 0.03692 0.03692 0.03692 0.03692 0.03692 0.03692 0.03692 0.03692 0.03692 0.03692 0.03692 0.03692 0.03692 0.03692 0.03692 0.03692 0.03692 0.03692 0.03692 0.03692 0.03692 0.03692 0.03692 0.03692 0.03692 0.03692 0.03692 0.03692 0.03692 0.03692 0.03692 0.03692 0.03692 0.03692 0.03692 0.03692 0.03692 0.03692 0.03692 0.03692 0.03692 0.03692 0.03692 0.03692 0.03692 0.03692 0.03692 0.03692 0.03692 0.03692 0.03692 0.03692 0.03692 0.03692 0.03692 0.03692 0.03692 0.03692 0.03692 0.03692 0.03692 0.03692 0.03692 0.03692 0.03692 0.03692 0.03692 0.03692 0.03692 0.03692 0.03692 0.03692 0.03692 0.03692 0.03692 0.03692 0.03692 0.03692 0.03692 0.03692 0.03692 0.03692 0.03692 0.03692 0.03692 0.03692 0.03692 0.03692 0.03692 0.03692 0.03692 0.03692 0.03692 0.03692 0.03692 0.03692 0.03692 0.03692 0.03692 0.03692 0.03692 0.03692 0.03692 0.03692 0.03692 0.03692 0.03692 0.03692 0.03692 0.03692 0.03692 0.03692 0.03692 0.03692 0.03692 0.03692 0.03692 0.03692 0.03692 0.03692 0.03692 0.03692 0.03692 0.03692 0.03692 0.03692 0.03692 0.03692 0.03692 0.03692 0.03692 0.03692 0.03692 0.03692 0.03692 0.03692 0.03692 0.03692 0.03692 0.03692 0.03692 0.03692 0.03692 0.03692 0.03692 0.03692 0.03692 0.03692 0.03692 0.03692 0.03692 0.03692 0.03692 0.03692 0.03692 0.03692 0.03692 0.03692 0.03692 0.03692 0.03692 0.03692 0.03692 0.03692 0.03692 0.03692 0.03692 0.03692 0.03692 0.03692 0.03692 0.03692 0.03692 0.03692 0.03692 0.03692 0.03692 0.03692 0.03692 0.03692 0.03692 0.03692 0.03692 0.03692 0.03692 0.03692 0.03692 0.03692 0.03692 0.03692 0.03692 0.03692 0.03692 0.03692 0.03692 0.03692 0.03692 0.03692 0.03692 0.03692 0.03692 0.03692 0.03692 0.03692 0.03692 0.03692 0.03692 0.03692 0.03692 0.03692 0.03692 0.03692 0.03692 0.03692 0.03692 0.03692 0.03692 0.03692 0.03692 0.03692 0.03692 0.03692 0.03692 0.03692 0.03692 0.03692 0.03692 0.03692 0.03692 0.03692 0.03692 0.03692 0.03692 0.03692 0.03692 0.03692 0.03692 0.03692 0.03692 0.03692 0.03692 0.03692 0.03692 0.03692 0.03692 0.03692 0.03692 0.03692 0.03692 0.03692 0.03692 0.03692 0.03692 0.03692 0.03692 0.03692 0.03692 0.03692 0.03692 0.03692 0.03692 0.03692 0.03692 0.03692 0.03692 0.03692 0.03692 0.03692 0.03692 0.03692 0.03692 0.03692 0.03692 0.03692 0.03692 0.03692 0.03692 0.03692 0.03692 0.03692 0.03692 0.03692 0.03692 0.03692 0.03692 0.03692 0.03692 0.03692 0.03692 0.03692 0.03692 0.03692 0.03692 0.03692 0.03692 0.03692 0.03692 0.03692 0.03692 0.03692 0.03692 0.03692 0.03692 0.03692 0.03692 0.03692 0.03692 0.03692 0.03692 0.03692 0.03692 0.03692 0.03692 0.03692 0.03692 0.03692 0.03692 0.03692 0.03692 0.03692 0.03692 0.03692 0.03692 0.03692 0.03692 0.03692 0.03692 0.03692 0.03692 0.03692 0.03692 0.03692 0.03692 0.03692 0.03692 0.03692 0.03692 0.03692 0.03692 0.03692 0.03692 0.03692 0.03692 0.03692 0.03692 0.03692 0.03692 0.03692 0.03692 0.03692 0.03692 0.03692 0.03692 0.03692 0.03692 0.03692 0.03692 0.03692 0.03692 0.03692 0.03692 0.03692 0.03692 0.03692 0.03692 0.03692 0.03692 0.03692 0.03692 0.03692 0.03692 0.03692 0.03692 0.03692 0.03692 0.03692 0.03692 0.03692 0.03692 0.03692 0.03692 0.03692 0.03692 0.03692 0.03692 0.03692 0.03692 0.03692 0.03692 0.03692 0.03692 0.03692 0.03692 0.03692 0.03692 0.03692 0.03692 0.03692 0.03692 0.03692 0.03692 0.03692 0.03692 0.03692 0.03692 0.03692 0.03692 0.03692 0.03692 0.03692 0.03692 0.03692 0.03692 0.03692 0.03692 0.03692 0.03692 0.03692 0.03692 0.03692 0.03692 0.03692 0.03692 0.03692 0.03692 0.03692 0.03692 0.03692 0.03692 0.03692 0.03692 0.03692 0.03692 0.03692 0.03692 0.03692 0.03692
axis 1 spec: 0.00199 0.00198 0.00198 0.00197 0.00197 0.00196 0.00196 0.00195 0.00195 0.00194 0.00193 0.00193 0.00192 0.00192 0.00191 0.00191 0.00190 0.00190 0.00189 0.00189 0.00188 0.00188 0.00187 0.00187 0.00186 0.00185 0.00185 0.00184 0.00184 0.00183 0.00183 0.00182 0.00182 0.00181 0.00181 0.00180 0.00180 0.00179 0.00178 0.00178 0.00177 0.00177 0.00176 0.00176 0.00175 0.00175 0.00174 0.00174 0.00173 0.00172 0.00172 0.00171 0.00171 0.00170 0.00170 0.00169 0.00169 0.00168 0.00168 0.00167 0.00167 0.00166 0.00166 0.00165 0.00164 0.00164 0.00163 0.00163 0.00162 0.00162 0.00161 0.00161 0.00160 0.00160 0.00159 0.00159 0.00158 0.00158 0.00157 0.00157 0.00156 0.00156 0.00155 0.00155 0.00154 0.00154 0.00153 0.00153 0.00152 0.00152 0.00151 0.00151 0.00150 0.00150 0.00149 0.00149 0.00148 0.00148 0.00147 0.00147 0.00146 0.00146 0.00145 0.00145 0.00144 0.00144 0.00143 0.00143 0.00142 0.00142 0.00141 0.00141 0.00141 0.00140 0.00140 0.00139 0.00139 0.00138 0.00138 0.00137 0.00137 0.00136 0.00136 0.00136 0.00135 0.00135 0.00134 0.00134 0.00133 0.00133 0.00133 0.00132 0.00132 0.00131 0.00131 0.00130 0.00130 0.00130 0.00129 0.00129 0.00128 0.00128 0.00128 0.00127 0.00127 0.00126 0.00126 0.00126 0.00125 0.00125 0.00125 0.00124 0.00124 0.00123 0.00123 0.00123 0.00122 0.00122 0.00122 0.00121 0.00121 0.00121 0.00120 0.00120 0.00120 0.00119 0.00119 0.00119 0.00118 0.00118 0.00118 0.00117 0.00117 0.00117 0.00116 0.00116 0.00116 0.00115 0.00115 0.00115 0.00115 0.00114 0.00114 0.00114 0.00113 0.00113 0.00113 0.00113 0.00112 0.00112 0.00112 0.00112 0.00111 0.00111 0.00111 0.00111 0.00110 0.00110 0.00110 0.00110 0.00109 0.00109 0.00109 0.00109 0.00108 0.00108 0.00108 0.00108 0.00108 0.00107 0.00107 0.00107 0.00107 0.00107 0.00106 0.00106 0.00106 0.00106 0.00106 0.00106 0.00105 0.00105 0.00105 0.00105 0.00105 0.00105 0.00104 0.00104 0.00104 0.00104 0.00104 0.00104 0.00104 0.00104 0.00103 0.00103 0.00103 0.00103 0.00103 0.00103 0.00103 0.00103 0.00103 0.00102 0.00102 0.00102 0.00102 0.00102 0.00102 0.00102 0.00102 0.00102 0.00102 0.00102 0.00102 0.00102 0.00102 0.00102 0.00101 0.00101 0.00101 0.00101 0.00101 0.00101 0.00101 0.00101 0.00101 0.00101 0.00101 0.00101 0.00101 0.00101 0.00101 0.00101 0.00101 0.00101 0.00101 0.00101 0.00101 0.00101 0.00101 0.00101 0.00101 0.00101 0.00102 0.00102 0.00102 0.00102 0.00102 0.00102 0.00102 0.00102 0.00102 0.00102 0.00102 0.00102 0.00102 0.00102 0.00102 0.00103 0.00103 0.00103 0.00103 0.00103 0.00103 0.00103 0.00103 0.00103 0.00103 0.00104 0.00104 0.00104 0.00104 0.00104 0.00104 0.00104 0.00104 0.00105 0.00105 0.00105 0.00105 0.00105 0.00105 0.00105 0.00106 0.00106 0.00106 0.00106 0.00106 0.00106 0.00107 0.00107 0.00107 0.00107 0.00107 0.00107 0.00108 0.00108 0.00108 0.00108 0.00108 0.00109 0.00109 0.00109 0.00109 0.00109 0.00110 0.00110 0.00110 0.00110 0.00110 0.00111 0.00111 0.00111 0.00111 0.00112 0.00112 0.00112 0.00112 0.00113 0.00113 0.00113 0.00113 0.00114 0.00114 0.00114 0.00114 0.00115 0.00115 0.00115 0.00115 0.00116 0.00116 0.00116 0.00116 0.00117 0.00117 0.00117 0.00117 0.00118 0.00118 0.00118 0.00119 0.00119 0.00119 0.00119 0.00120 0.00120 0.00120 0.00121 0.00121 0.00121 0.00121 0.00122 0.00122 0.00122 0.00123 0.00123 0.00123 0.00124 0.00124 0.00124 0.00125 0.00125 0.00125 0.00125 0.00126 0.00126 0.00126 0.00127 0.00127 0.00127 0.00128 0.00128 0.00128 0.00129 0.00129 0.00129 0.00130 0.00130 0.00130 0.00131 0.00131 0.00131 0.00132 0.00132 0.00132 0.00133 0.00133 0.00133 0.00134 0.00134 0.00134 0.00135 0.00135 0.00135 0.00136 0.00136 0.00136 0.00137 0.00137 0.00138 0.00138 0.00138 0.00139 0.00139 0.00139 0.00140 0.00140 0.00140 0.00141 0.00141 0.00141 0.00142 0.00142 0.00143 0.00143 0.00143 0.00144 0.00144 0.00144 0.00145 0.00145 0.00145 0.00146 0.00146 0.00147 0.00147 0.00147 0.00148 0.00148 0.00148 0.00149 0.00149 0.00149 0.00150 0.00150 0.00151 0.00151 0.00151 0.00152 0.00152 0.00152 0.00153 0.00153 0.00153 0.00154 0.00154 0.00155 0.00155 0.00155 0.00156 0.00156 0.00156 0.00157 0.00157 0.00158 0.00158 0.00158 0.00159
axis 1 logf: 0.01012 0.01012 0.01012 0.01012 0.01012 0.01012 0.01012 0.01012 0.01012 0.01012 0.01012 0.01012 0.01012 0.01012 0.01012 0.01012 0.01012 0.01012 0.01012 0.01012 0.01012 0.01012 0.01012 0.01012 0.01012 0.01012 0.01012 0.01012 0.01012 0.01012 0.01012 0.01012 0.01012 0.01012 0.01012 0.01012 0.01012 0.01012 0.01012 0.01012 0.01012 0.01012 0.01012 0.01012 0.01012 0.01012 0.01012 0.01012 0.01012 0.01012 0.01012 0.01012 0.01012 0.01012 0.01012 0.01012 0.01012 0.01012 0.01012 0.01012 0.01012 0.01012 0.01012 0.01012 0.01012 0.01012 0.01012 0.01012 0.01012 0.01012 0.01012 0.01012 0.01012 0.01012 0.01012 0.01012 0.01012 0.01012 0.01012 0.01012 0.01012 0.01012 0.01012 0.01012 0.01012 0.01012 0.01012 0.01012 0.01012 0.01012 0.01012 0.01012 0.01012 0.01012 0.01012 0.01012 0.01012 0.01012 0.01012 0.01012 0.01012 0.01012 0.01012 0.01012 0.01012 0.01012 0.01012 0.01012 0.01012 0.01012 0.01012 0.01012 0.01012 0.01012 0.01012 0.01012 0.01012 0.01012 0.01012 0.01012 0.01012 0.01012 0.01012 0.01012 0.01012 0.01012 0.01012 0.01012 0.01012 0.01012 0.01012 0.01012 0.01012 0.01012 0.01012 0.01012 0.01012 0.01012 0.01012 0.01012 0.01012 0.01012 0.01012 0.01012 0.01012 0.01012 0.01012 0.01012 0.01012 0.01012 0.01012 0.01012 0.01012 0.01012 0.01012 0.01012 0.01012 0.01012 0.01012 0.01012 0.01012 0.01012 0.01012 0.01012 0.01012 0.01012 0.01012 0.01012 0.01012 0.01012 0.01012 0.01012 0.01012 0.01012 0.01012 0.01012 0.01012 0.01012 0.01012 0.01012 0.01012 0.01012 0.01012 0.01012 0.01012 0.01012 0.01012 0.01012 0.01012 0.01012 0.01012 0.01012 0.01012 0.01012 0.01012 0.01012 0.01012 0.01012 0.01012 0.01012 0.01012 0.01012 0.01012 0.01012 0.01012 0.01012 0.01012 0.01012 0.01012 0.01012 0.01012 0.01012 0.01012 0.01012 0.01012 0.01012 0.01012 0.01012 0.01012 0.01012 0.01012 0.01012 0.01012 0.01012 0.01012 0.01012 0.01012 0.01012 0.01012 0.01012 0.01012 0.01012 0.01012 0.01012 0.01012 0.01012 0.01012 0.01012 0.01012 0.01012 0.01012 0.01012 0.01012 0.01012 0.01012 0.01012 0.01012 0.01012 0.01012 0.01012 0.01012 0.01012 0.01012 0.01012 0.01012 0.01012 0.01012 0.01012 0.01012 0.01012 0.01012 0.01012 0.01012 0.01012 0.01012 0.01012 0.01012 0.01012 0.01012 0.01012 0.01012 0.01012 0.01012 0.01012 0.01012 0.01012 0.01012 0.01012 0.01012 0.01012 0.01012 0.01012 0.01012 0.01012 0.01012 0.01012 0.01012 0.01012 0.01012 0.01012 0.01012 0.01012 0.01012 0.01012 0.01012 0.01012 0.01012 0.01012 0.01012 0.01012 0.01012 0.01012 0.01012 0.01012 0.01012 0.01012 0.01012 0.01012 0.01012 0.01012 0.01012 0.01012 0.01012 0.01012 0.01012 0.01012 0.01012 0.01012 0.01012 0.01012 0.01012 0.01012 0.01012 0.01012 0.01012 0.01012 0.01012 0.01012 0.01012 0.01012 0.01012 0.01012 0.01012 0.01012 0.01012 0.01012 0.01012 0.01012 0.01012 0.01012 0.01012 0.01012 0.01012 0.01012 0.01012 0.01012 0.01012 0.01012 0.01012 0.01012 0.01012 0.01012 0.01012 0.01012 0.01012 0.01012 0.01012 0.01012 0.01012 0.01012 0.01012 0.01012 0.01012 0.01012 0.01012 0.01012 0.01012 0.01012 0.01012 0.01012 0.01012 0.01012 0.01012 0.01012 0.01012 0.01012 0.01012 0.01012 0.01012 0.01012 0.01012 0.01012 0.01012 0.01012 0.01012 0.01012 0.01012 0.01012 0.01012 0.01012 0.01012 0.01012 0.01012 0.01012 0.01012 0.01012 0.01012 0.01012 0.01012 0.01012 0.01012 0.01012 0.01012 0.01012 0.01012 0.01012 0.01012 0.01012 0.01012 0.01012 0.01012 0.01012 0.01012 0.01012 0.01012 0.01012 0.01012 0.01012 0.01012 0.01012 0.01012 0.01012 0.01012 0.01012 0.01012 0.01012 0.01012 0.01012 0.01012 0.01012 0.01012 0.01012 0.01012 0.01012 0.01012 0.01012 0.01012 0.01012 0.01012 0.01012 0.01012 0.01012 0.01012 0.01012 0.01012 0.01012 0.01012 0.01012 0.01012 0.01012 0.01012 0.01012 0.01012 0.01012 0.01012 0.01012 0.01012 0.01012 0.01012 0.01012 0.01012 0.01012 0.01012 0.01012 0.01012 0.01012 0.01012 0.01012 0.01012 0.01012 0.01012 0.01012 0.01012 0.01012 0.01012 0.01012 0.01012 0.01012 0.01012 0.01012 0.01012 0.01012 0.01012 0.01012 0.01012 0.01012 0.01012 0.01012 0.01012 0.01012 0.01012 0.01012 0.01012 0.01012 0.01012 0.01012 0.01012 0.01012 0.01012 0.01012
axis 2 spec: 0.00018 0.00018 0.00018 0.00018 0.00018 0.00019 0.00019 0.00019 0.00019 0.00019 0.00019 0.00019 0.00019 0.00019 0.00019 0.00019 0.00019 0.00019 0.00019 0.00019 0.00020 0.00020 0.00020 0.00020 0.00020 0.00020 0.00020 0.00020 0.00020 0.00020 0.00020 0.00020 0.00021 0.00021 0.00021 0.00021 0.00021 0.00021 0.00021 0.00021 0.00021 0.00022 0.00022 0.00022 0.00022 0.00022 0.00022 0.00022 0.00022 0.00022 0.00023 0.00023 0.00023 0.00023 0.00023 0.00023 0.00023 0.00024 0.00024 0.00024 0.00024 0.00024 0.00024 0.00025 0.00025 0.00025 0.00025 0.00025 0.00025 0.00026 0.00026 0.00026 0.00026 0.00026 0.00027 0.00027 0.00027 0.00027 0.00027 0.00028 0.00028 0.00028 0.00028 0.00029 0.00029 0.00029 0.00029 0.00030 0.00030 0.00030 0.00030 0.00031 0.00031 0.00031 0.00032 0.00032 0.00032 0.00033 0.00033 0.00033 0.00033 0.00034 0.00034 0.00034 0.00035 0.00035 0.00036 0.00036 0.00036 0.00037 0.00037 0.00037 0.00038 0.00038 0.00039 0.00039 0.00040 0.00040 0.00040 0.00041 0.00041 0.00042 0.00042 0.00043 0.00043 0.00044 0.00044 0.00045 0.00045 0.00046 0.00046 0.00047 0.00047 0.00048 0.00049 0.00049 0.00050 0.00050 0.00051 0.00052 0.00052 0.00053 0.00053 0.00054 0.00055 0.00055 0.00056 0.00057 0.00058 0.00058 0.00059 0.00060 0.00061 0.00061 0.00062 0.00063 0.00064 0.00065 0.00065 0.00066 0.00067 0.00068 0.00069 0.00070 0.00071 0.00072 0.00072 0.00073 0.00074 0.00075 0.00076 0.00077 0.00078 0.00079 0.00081 0.00082 0.00083 0.00084 0.00085 0.00086 0.00087 0.00088 0.00090 0.00091 0.00092 0.00093 0.00095 0.00096 0.00097 0.00098 0.00100 0.00101 0.00103 0.00104 0.00105 0.00107 0.00108 0.00110 0.00111 0.00113 0.00114 0.00116 0.00117 0.00119 0.00121 0.00122 0.00124 0.00126 0.00127 0.00129 0.00131 0.00133 0.00135 0.00137 0.00138 0.00140 0.00142 0.00144 0.00146 0.00148 0.00150 0.00152 0.00154 0.00157 0.00159 0.00161 0.00163 0.00165 0.00168 0.00170 0.00172 0.00175 0.00177 0.00180 0.00182 0.00185 0.00187 0.00190 0.00192 0.00195 0.00198 0.00200 0.00203 0.00206 0.00209 0.00211 0.00214 0.00217 0.00220 0.00223 0.00226 0.00229 0.00232 0.00236 0.00239 0.00242 0.00245 0.00248 0.00252 0.00255 0.00259 0.00262 0.00266 0.00269 0.00273 0.00276 0.00280 0.00284 0.00287 0.00291 0.00295 0.00299 0.00303 0.00307 0.00311 0.00315 0.00319 0.00323 0.00327 0.00331 0.00335 0.00340 0.00344 0.00348 0.00353 0.00357 0.00362 0.00366 0.00371 0.00375 0.00380 0.00384 0.00389 0.00394 0.00399 0.00403 0.00408 0.00413 0.00418 0.00423 0.00428 0.00433 0.00438 0.00443 0.00448 0.00453 0.00458 0.00463 0.00468 0.00473 0.00478 0.00483 0.00488 0.00493 0.00499 0.00504 0.00509 0.00514 0.00519 0.00524 0.00530 0.00535 0.00540 0.00545 0.00550 0.00555 0.00560 0.00565 0.00570 0.00575 0.00580 0.00585 0.00590 0.00595 0.00600 0.00604 0.00609 0.00614 0.00618 0.00623 0.00627 0.00632 0.00636 0.00640 0.00645 0.00649 0.00653 0.00657 0.00660 0.00664 0.00668 0.00671 0.00675 0.00678 0.00681 0.00684 0.00687 0.00690 0.00693 0.00696 0.00698 0.00701 0.00703 0.00705 0.00707 0.00709 0.00711 0.00712 0.00714 0.00715 0.00716 0.00717 0.00718 0.00719 0.00719 0.00720 0.00720 0.00720 0.00720 0.00720 0.00720 0.00719 0.00719 0.00718 0.00717 0.00716 0.00715 0.00714 0.00712 0.00710 0.00709 0.00707 0.00705 0.00703 0.00700 0.00698 0.00695 0.00693 0.00690 0.00687 0.00684 0.00681 0.00678 0.00674 0.00671 0.00667 0.00664 0.00660 0.00656 0.00652 0.00648 0.00644 0.00640 0.00635 0.00631 0.00627 0.00622 0.00618 0.00613 0.00608 0.00604 0.00599 0.00594 0.00589 0.00584 0.00579 0.00575 0.00570 0.00565 0.00559 0.00554 0.00549 0.00544 0.00539 0.00534 0.00529 0.00524 0.00518 0.00513 0.00508 0.00503 0.00498 0.00493 0.00487 0.00482 0.00477 0.00472 0.00467 0.00462 0.00457 0.00452 0.00447 0.00442 0.00437 0.00432 0.00427 0.00422 0.00417 0.00412 0.00407 0.00403 0.00398 0.00393 0.00388 0.00384 0.00379 0.00374 0.00370 0.00365 0.00361 0.00356 0.00352 0.00348 0.00343 0.00339 0.00335 0.00331 0.00326 0.00322 0.00318 0.00314 0.00310 0.00306 0.00302 0.00298 0.00294 0.00291 0.00287 0.00283 0.00279 0.00276 0.00272 0.00269 0.00265 0.00262 0.00258 0.00255 0.00251 0.00248 0.00245
axis 2 logf: 0.00349 0.00349 0.00349 0.00349 0.00349 0.00349 0.00349 0.00349 0.00349 0.00349 0.00349 0.00349 0.00349 0.00349 0.00349 0.00349 0.00349 0.00349 0.00349 0.00349 0.00349 0.00349 0.00349 0.00349 0.00349 0.00349 0.00349 0.00349 0.00349 0.00349 0.00349 0.00349 0.00349 0.00349 0.00349 0.00349 0.00349 0.00349 0.00349 0.00349 0.00349 0.00349 0.00349 0.00349 0.00349 0.00349 0.00349 0.00349 0.00349 0.00349 0.00349 0.00349 0.00349 0.00349 0.00349 0.00349 0.00349 0.00349 0.00349 0.00349 0.00349 0.00349 0.00349 0.00349 0.00349 0.00349 0.00349 0.00349 0.00349 0.00349 0.00349 0.00349 0.00349 0.00349 0.00349 0.00349 0.00349 0.00349 0.00349 0.00349 0.00349 0.00349 0.00349 0.00349 0.00349 0.00349 0.00349 0.00349 0.00349 0.00349 0.00349 0.00349 0.00349 0.00349 0.00349 0.00349 0.00349 0.00349 0.00349 0.00349 0.00349 0.00349 0.00349 0.00349 0.00349 0.00349 0.00349 0.00349 0.00349 0.00349 0.00349 0.00349 0.00349 0.00349 0.00349 0.00349 0.00349 0.00349 0.00349 0.00349 0.00349 0.00349 0.00349 0.00349 0.00349 0.00349 0.00349 0.00349 0.00349 0.00349 0.00349 0.00349 0.00349 0.00349 0.00349 0.00349 0.00349 0.00349 0.00349 0.00349 0.00349 0.00349 0.00349 0.00349 0.00349 0.00349 0.00349 0.00349 0.00349 0.00349 0.00349 0.00349 0.00349 0.00349 0.00349 0.00349 0.00349 0.00349 0.00349 0.00349 0.00349 0.00349 0.00349 0.00349 0.00349 0.00349 0.00349 0.00349 0.00349 0.00349 0.00349 0.00349 0.00349 0.00349 0.00349 0.00349 0.00349 0.00349 0.00349 0.00349 0.00349 0.00349 0.00349 0.00349 0.00349 0.00349 0.00349 0.00349 0.00349 0.00349 0.00349 0.00349 0.00349 0.00349 0.00349 0.00349 0.00349 0.00349 0.00349 0.00349 0.00349 0.00349 0.00349 0.00349 0.00349 0.00349 0.00349 0.00349 0.00349 0.00349 0.00349 0.00349 0.00349 0.00349 0.00349 0.00349 0.00349 0.00349 0.00349 0.00349 0.00349 0.00349 0.00349 0.00349 0.00349 0.00349 0.00349 0.00349 0.00349 0.00349 0.00349 0.00349 0.00349 0.00349 0.00349 0.00349 0.00349 0.00349 0.00349 0.00349 0.00349 0.00349 0.00349 0.00349 0.00349 0.00349 0.00349 0.00349 0.00349 0.00349 0.00349 0.00349 0.00349 0.00349 0.00349 0.00349 0.00349 0.00349 0.00349 0.00349 0.00349 0.00349 0.00349 0.00349 0.00349 0.00349 0.00349 0.00349 0.00349 0.00349 0.00349 0.00349 0.00349 0.00349 0.00349 0.00349 0.00349 0.00349 0.00349 0.00349 0.00349 0.00349 0.00349 0.00349 0.00349 0.00349 0.00349 0.00349 0.00349 0.00349 0.00349 0.00349 0.00349 0.00349 0.00349 0.00349 0.00349 0.00349 0.00349 0.00349 0.00349 0.00349 0.00349 0.00349 0.00349 0.00349 0.00349 0.00349 0.00349 0.00349 0.00349 0.00349 0.00349 0.00349 0.00349 0.00349 0.00349 0.00349 0.00349 0.00349 0.00349 0.00349 0.00349 0.00349 0.00349 0.00349 0.00349 0.00349 0.00349 0.00349 0.00349 0.00349 0.00349 0.00349 0.00349 0.00349 0.00349 0.00349 0.00349 0.00349 0.00349 0.00349 0.00349 0.00349 0.00349 0.00349 0.00349 0.00349 0.00349 0.00349 0.00349 0.00349 0.00349 0.00349 0.00349 0.00349 0.00349 0.00349 0.00349 0.00349 0.00349 0.00349 0.00349 0.00349 0.00349 0.00349 0.00349 0.00349 0.00349 0.00349 0.00349 0.00349 0.00349 0.00349 0.00349 0.00349 0.00349 0.00349 0.00349 0.00349 0.00349 0.00349 0.00349 0.00349 0.00349 0.00349 0.00349 0.00349 0.00349 0.00349 0.00349 0.00349 0.00349 0.00349 0.00349 0.00349 0.00349 0.00349 0.00349 0.00349 0.00349 0.00349 0.00349 0.00349 0.00349 0.00349 0.00349 0.00349 0.00349 0.00349 0.00349 0.00349 0.00349 0.00349 0.00349 0.00349 0.00349 0.00349 0.00349 0.00349 0.00349 0.00349 0.00349 0.00349 0.00349 0.00349 0.00349 0.00349 0.00349 0.00349 0.00349 0.00349 0.00349 0.00349 0.00349 0.00349 0.00349 0.00349 0.00349 0.00349 0.00349 0.00349 0.00349 0.00349 0.00349 0.00349 0.00349 0.00349 0.00349 0.00349 0.00349 0.00349 0.00349 0.00349 0.00349 0.00349 0.00349 0.00349 0.00349 0.00349 0.00349 0.00349 0.00349 0.00349 0.00349 0.00349 0.00349 0.00349 0.00349 0.00349 0.00349 0.00349 0.00349 0.00349 0.00349 0.00349 0.00349 0.00349 0.00349 0.00349 0.00349 0.00349 0.00349 0.00349 0.00349 0.00349 0.00349 0.00349 0.00349 0.00349 0.00349 0.00349 0.00349 0.00349 0.00349 0.00349 0.00349 0.00349 0.00349 0.00349
axis 3 spec: 0.00412 0.00414 0.00416 0.00417 0.00419 0.00421 0.00423 0.00424 0.00426 0.00428 0.00429 0.00431 0.00433 0.00434 0.00436 0.00437 0.00439 0.00440 0.00442 0.00443 0.00445 0.00446 0.00447 0.00448 0.00450 0.00451 0.00452 0.00453 0.00454 0.00455 0.00457 0.00458 0.00459 0.00459 0.00460 0.00461 0.00462 0.00463 0.00464 0.00464 0.00465 0.00466 0.00466 0.00467 0.00467 0.00468 0.00468 0.00469 0.00469 0.00470 0.00470 0.00470 0.00470 0.00470 0.00471 0.00471 0.00471 0.00471 0.00471 0.00471 0.00471 0.00470 0.00470 0.00470 0.00470 0.00469 0.00469 0.00469 0.00468 0.00468 0.00467 0.00467 0.00466 0.00465 0.00465 0.00464 0.00463 0.00463 0.00462 0.00461 0.00460 0.00459 0.00458 0.00457 0.00456 0.00455 0.00454 0.00453 0.00452 0.00450 0.00449 0.00448 0.00446 0.00445 0.00444 0.00442 0.00441 0.00440 0.00438 0.00437 0.00435 0.00433 0.00432 0.00430 0.00429 0.00427 0.00425 0.00424 0.00422 0.00420 0.00418 0.00416 0.00415 0.00413 0.00411 0.00409 0.00407 0.00405 0.00403 0.00401 0.00399 0.00397 0.00395 0.00393 0.00391 0.00389 0.00387 0.00385 0.00383 0.00381 0.00379 0.00377 0.00375 0.00373 0.00371 0.00369 0.00366 0.00364 0.00362 0.00360 0.00358 0.00356 0.00354 0.00351 0.00349 0.00347 0.00345 0.00343 0.00340 0.00338 0.00336 0.00334 0.00332 0.00330 0.00327 0.00325 0.00323 0.00321 0.00319 0.00316 0.00314 0.00312 0.00310 0.00308 0.00306 0.00304 0.00301 0.00299 0.00297 0.00295 0.00293 0.00291 0.00289 0.00287 0.00284 0.00282 0.00280 0.00278 0.00276 0.00274 0.00272 0.00270 0.00268 0.00266 0.00264 0.00262 0.00260 0.00258 0.00256 0.00254 0.00252 0.00250 0.00248 0.00246 0.00244 0.00242 0.00240 0.00239 0.00237 0.00235 0.00233 0.00231 0.00229 0.00227 0.00226 0.00224 0.00222 0.00220 0.00218 0.00217 0.00215 0.00213 0.00211 0.00210 0.00208 0.00206 0.00205 0.00203 0.00201 0.00200 0.00198 0.00196 0.00195 0.00193 0.00192 0.00190 0.00188 0.00187 0.00185 0.00184 0.00182 0.00181 0.00179 0.00178 0.00176 0.00175 0.00173 0.00172 0.00170 0.00169 0.00168 0.00166 0.00165 0.00163 0.00162 0.00161 0.00159 0.00158 0.00157 0.00155 0.00154 0.00153 0.00152 0.00150 0.00149 0.00148 0.00146 0.00145 0.00144 0.00143 0.00142 0.00140 0.00139 0.00138 0.00137 0.00136 0.00135 0.00133 0.00132 0.00131 0.00130 0.00129 0.00128 0.00127 0.00126 0.00125 0.00124 0.00123 0.00122 0.00121 0.00120 0.00119 0.00118 0.00117 0.00116 0.00115 0.00114 0.00113 0.00112 0.00111 0.00110 0.00109 0.00108 0.00107 0.00106 0.00106 0.00105 0.00104 0.00103 0.00102 0.00101 0.00100 0.00100 0.00099 0.00098 0.00097 0.00096 0.00096 0.00095 0.00094 0.00093 0.00093 0.00092 0.00091 0.00090 0.00090 0.00089 0.00088 0.00087 0.00087 0.00086 0.00085 0.00085 0.00084 0.00083 0.00083 0.00082 0.00081 0.00081 0.00080 0.00079 0.00079 0.00078 0.00078 0.00077 0.00076 0.00076 0.00075 0.00075 0.00074 0.00073 0.00073 0.00072 0.00072 0.00071 0.00071 0.00070 0.00070 0.00069 0.00068 0.00068 0.00067 0.00067 0.00066 0.00066 0.00065 0.00065 0.00064 0.00064 0.00064 0.00063 0.00063 0.00062 0.00062 0.00061 0.00061 0.00060 0.00060 0.00059 0.00059 0.00059 0.00058 0.00058 0.00057 0.00057 0.00057 0.00056 0.00056 0.00055 0.00055 0.00055 0.00054 0.00054 0.00053 0.00053 0.00053 0.00052 0.00052 0.00052 0.00051 0.00051 0.00051 0.00050 0.00050 0.00050 0.00049 0.00049 0.00049 0.00048 0.00048 0.00048 0.00047 0.00047 0.00047 0.00046 0.00046 0.00046 0.00046 0.00045 0.00045 0.00045 0.00044 0.00044 0.00044 0.00044 0.00043 0.00043 0.00043 0.00043 0.00042 0.00042 0.00042 0.00042 0.00041 0.00041 0.00041 0.00041 0.00040 0.00040 0.00040 0.00040 0.00039 0.00039 0.00039 0.00039 0.00039 0.00038 0.00038 0.00038 0.00038 0.00038 0.00037 0.00037 0.00037 0.00037 0.00037 0.00036 0.00036 0.00036 0.00036 0.00036 0.00035 0.00035 0.00035 0.00035 0.00035 0.00035 0.00034 0.00034 0.00034 0.00034 0.00034 0.00034 0.00033 0.00033 0.00033 0.00033 0.00033 0.00033 0.00032 0.00032 0.00032 0.00032 0.00032 0.00032 0.00032 0.00031 0.00031 0.00031 0.00031 0.00031 0.00031 0.00031 0.00030 0.00030 0.00030 0.00030 0.00030 0.00030 0.00030 0.00030 0.00029 0.00029 0.00029 0.00029 0.00029 0.00029 0.00029 0.00029 0.00028
axis 3 logf: 0.00056 0.00056 0.00056 0.00056 0.00056 0.00056 0.00056 0.00056 0.00056 0.00056 0.00056 0.00056 0.00056 0.00056 0.00056 0.00056 0.00056 0.00056 0.00056 0.00056 0.00056 0.00056 0.00056 0.00056 0.00056 0.00056 0.00056 0.00056 0.00056 0.00056 0.00056 0.00056 0.00056 0.00056 0.00056 0.00056 0.00056 0.00056 0.00056 0.00056 0.00056 0.00056 0.00056 0.00056 0.00056 0.00056 0.00056 0.00056 0.00056 0.00056 0.00056 0.00056 0.00056 0.00056 0.00056 0.00056 0.00056 0.00056 0.00056 0.00056 0.00056 0.00056 0.00056 0.00056 0.00056 0.00056 0.00056 0.00056 0.00056 0.00056 0.00056 0.00056 0.00056 0.00056 0.00056 0.00056 0.00056 0.00056 0.00056 0.00056 0.00056 0.00056 0.00056 0.00056 0.00056 0.00056 0.00056 0.00056 0.00056 0.00056 0.00056 0.00056 0.00056 0.00056 0.00056 0.00056 0.00056 0.00056 0.00056 0.00056 0.00056 0.00056 0.00056 0.00056 0.00056 0.00056 0.00056 0.00056 0.00056 0.00056 0.00056 0.00056 0.00056 0.00056 0.00056 0.00056 0.00056 0.00056 0.00056 0.00056 0.00056 0.00056 0.00056 0.00056 0.00056 0.00056 0.00056 0.00056 0.00056 0.00056 0.00056 0.00056 0.00056 0.00056 0.00056 0.00056 0.00056 0.00056 0.00056 0.00056 0.00056 0.00056 0.00056 0.00056 0.00056 0.00056 0.00056 0.00056 0.00056 0.00056 0.00056 0.00056 0.00056 0.00056 0.00056 0.00056 0.00056 0.00056 0.00056 0.00056 0.00056 0.00056 0.00056 0.00056 0.00056 0.00056 0.00056 0.00056 0.00056 0.00056 0.00056 0.00056 0.00056 0.00056 0.00056 0.00056 0.00056 0.00056 0.00056 0.00056 0.00056 0.00056 0.00056 0.00056 0.00056 0.00056 0.00056 0.00056 0.00056 0.00056 0.00056 0.00056 0.00056 0.00056 0.00056 0.00056 0.00056 0.00056 0.00056 0.00056 0.00056 0.00056 0.00056 0.00056 0.00056 0.00056 0.00056 0.00056 0.00056 0.00056 0.00056 0.00056 0.00056 0.00056 0.00056 0.00056 0.00056 0.00056 0.00056 0.00056 0.00056 0.00056 0.00056 0.00056 0.00056 0.00056 0.00056 0.00056 0.00056 0.00056 0.00056 0.00056 0.00056 0.00056 0.00056 0.00056 0.00056 0.00056 0.00056 0.00056 0.00056 0.00056 0.00056 0.00056 0.00056 0.00056 0.00056 0.00056 0.00056 0.00056 0.00056 0.00056 0.00056 0.00056 0.00056 0.00056 0.00056 0.00056 0.00056 0.00056 0.00056 0.00056 0.00056 0.00056 0.00056 0.00056 0.00056 0.00056 0.00056 0.00056 0.00056 0.00056 0.00056 0.00056 0.00056 0.00056 0.00056 0.00056 0.00056 0.00056 0.00056 0.00056 0.00056 0.00056 0.00056 0.00056 0.00056 0.00056 0.00056 0.00056 0.00056 0.00056 0.00056 0.00056 0.00056 0.00056 0.00056 0.00056 0.00056 0.00056 0.00056 0.00056 0.00056 0.00056 0.00056 0.00056 0.00056 0.00056 0.00056 0.00056 0.00056 0.00056 0.00056 0.00056 0.00056 0.00056 0.00056 0.00056 0.00056 0.00056 0.00056 0.00056 0.00056 0.00056 0.00056 0.00056 0.00056 0.00056 0.00056 0.00056 0.00056 0.00056 0.00056 0.00056 0.00056 0.00056 0.00056 0.00056 0.00056 0.00056 0.00056 0.00056 0.00056 0.00056 0.00056 0.00056 0.00056 0.00056 0.00056 0.00056 0.00056 0.00056 0.00056 0.00056 0.00056 0.00056 0.00056 0.00056 0.00056 0.00056 0.00056 0.00056 0.00056 0.00056 0.00056 0.00056 0.00056 0.00056 0.00056 0.00056 0.00056 0.00056 0.00056 0.00056 0.00056 0.00056 0.00056 0.00056 0.00056 0.00056 0.00056 0.00056 0.00056 0.00056 0.00056 0.00056 0.00056 0.00056 0.00056 0.00056 0.00056 0.00056 0.00056 0.00056 0.00056 0.00056 0.00056 0.00056 0.00056 0.00056 0.00056 0.00056 0.00056 0.00056 0.00056 0.00056 0.00056 0.00056 0.00056 0.00056 0.00056 0.00056 0.00056 0.00056 0.00056 0.00056 0.00056 0.00056 0.00056 0.00056 0.00056 0.00056 0.00056 0.00056 0.00056 0.00056 0.00056 0.00056 0.00056 0.00056 0.00056 0.00056 0.00056 0.00056 0.00056 0.00056 0.00056 0.00056 0.00056 0.00056 0.00056 0.00056 0.00056 0.00056 0.00056 0.00056 0.00056 0.00056 0.00056 0.00056 0.00056 0.00056 0.00056 0.00056 0.00056 0.00056 0.00056 0.00056 0.00056 0.00056 0.00056 0.00056 0.00056 0.00056 0.00056 0.00056 0.00056 0.00056 0.00056 0.00056 0.00056 0.00056 0.00056 0.00056 0.00056 0.00056 0.00056 0.00056 0.00056 0.00056 0.00056 0.00056 0.00056 0.00056 0.00056 0.00056 0.00056 0.00056 0.00056 0.00056 0.00056 0.00056 0.00056 0.00056 0.00056 0.00056 0.00056 0.00056 0.00056 0.00056
