grade — gonly space, K=4, extent 2.20; 6 bands/octave over 40..20000 Hz, kernel 0.0833 oct, strike 0 listen 0, 1/omega, damping 5.0/s at 0.200 s

pitch normalised: the lowest audible mode of every point is moved to 440 Hz before banding

variety per unit of travel: mean 0.385, 5th pct 0.138, 95th pct 0.660
spread: 4.80x   (FM 1.83x, Saw 2.03x, Shapes 8.47x in Kyklophoria's table; 1.0 is isotropic)
twins: 4.8% of random pairs within 0.05
axes:  axis 0 0.607  axis 1 0.125  axis 2 0.395  axis 3 0.215
modes skipped as unrenderable (non-positive or above the top band): 0.00 per evaluation over 41604 evaluations

continuity (cont_check): largest step at step/500 and step/2000, ratio ~4 smooth, ~1 cliff
  axis    spec/500   spec/2000   ratio      logf/500   logf/2000   ratio
  0        0.00201     0.00050    4.00       0.00000     0.00000    0.00
  1        0.00027     0.00007    4.00       0.00000     0.00000    0.00
  2        0.00112     0.00028    4.00       0.00000     0.00000    0.00
  3        0.00044     0.00011    4.00       0.00000     0.00000    0.00

where the frequencies move fastest along each axis (log-frequency step per 1/500 of travel, in tenths of the axis):
  axis 0: 0.0000 0.0000 0.0000 0.0000 0.0000 0.0000 0.0000 0.0000 0.0000 0.0000   peak 0.0000
  axis 1: 0.0000 0.0000 0.0000 0.0000 0.0000 0.0000 0.0000 0.0000 0.0000 0.0000   peak 0.0000
  axis 2: 0.0000 0.0000 0.0000 0.0000 0.0000 0.0000 0.0000 0.0000 0.0000 0.0000   peak 0.0000
  axis 3: 0.0000 0.0000 0.0000 0.0000 0.0000 0.0000 0.0000 0.0000 0.0000 0.0000   peak 0.0000

veering map — second difference of each aligned slot's log frequency along each sweep, in cents.
a smooth trajectory is under 100; a slot that trades places with its neighbour is hundreds.
listed: every (family, parameter, slot) over 300 cents, and each family's worst.
  bar: (0.927, slot 2: 1133) (0.927, slot 4: 1136)
    2 over 300 cents; worst 1136 cents at parameter 0.927, slot 4
  plate: (1.182, slot 0: 2812) (1.182, slot 1: 598) (1.182, slot 4: 1388) (1.182, slot 5: 1050) (1.182, slot 6: 1406) (1.182, slot 7: 1528) (1.182, slot 9: 1014) (1.182, slot 11: 1956) (1.182, slot 15: 1027) (1.182, slot 16: 2013) (1.182, slot 18: 2636) (1.182, slot 19: 579) (1.182, slot 20: 4300) (1.182, slot 21: 1115) (1.182, slot 23: 1815) (1.182, slot 24: 1362) (1.182, slot 26: 3187) (1.364, slot 1: 328) (1.364, slot 6: 1564) (1.364, slot 9: 1986) (1.364, slot 12: 563) (1.364, slot 15: 949) (1.364, slot 17: 329) (1.364, slot 21: 1705) (1.364, slot 23: 1316) (1.364, slot 24: 1131) (1.546, slot 1: 618) (1.546, slot 9: 1727) (1.546, slot 21: 744) (1.727, slot 1: 347) (1.727, slot 18: 446) (1.909, slot 1: 765) (1.909, slot 9: 1464) (1.909, slot 12: 1483) (1.909, slot 18: 867) (2.091, slot 9: 1479) (2.091, slot 12: 1399) (2.091, slot 18: 332) (2.273, slot 12: 1145) (2.273, slot 20: 1766) (2.454, slot 12: 1143) (2.454, slot 20: 1756)
    42 over 300 cents; worst 4300 cents at parameter 1.182, slot 20
  bell: (0.218, slot 35: 448) (0.436, slot 32: 727) (0.545, slot 32: 643) (0.545, slot 36: 309) (0.655, slot 22: 781) (0.655, slot 33: 756) (0.764, slot 22: 759) (0.764, slot 30: 347) (0.764, slot 33: 782) (1.091, slot 29: 661)
    10 over 300 cents; worst 782 cents at parameter 0.764, slot 33
  tine: (0.068, slot 4: 451)
    1 over 300 cents; worst 451 cents at parameter 0.068, slot 4

profiles: per axis, 500 steps, spectrum step then log-frequency step
axis 0 spec: 0.00197 0.00194 0.00191 0.00189 0.00186 0.00183 0.00180 0.00178 0.00175 0.00172 0.00169 0.00167 0.00164 0.00161 0.00158 0.00156 0.00153 0.00150 0.00147 0.00145 0.00142 0.00139 0.00136 0.00134 0.00131 0.00128 0.00126 0.00123 0.00120 0.00118 0.00115 0.00113 0.00110 0.00107 0.00105 0.00103 0.00100 0.00098 0.00095 0.00093 0.00091 0.00089 0.00087 0.00085 0.00083 0.00081 0.00079 0.00077 0.00075 0.00074 0.00072 0.00071 0.00069 0.00068 0.00067 0.00066 0.00065 0.00064 0.00064 0.00063 0.00063 0.00063 0.00063 0.00063 0.00063 0.00063 0.00064 0.00064 0.00065 0.00066 0.00067 0.00068 0.00069 0.00070 0.00071 0.00072 0.00074 0.00075 0.00077 0.00078 0.00080 0.00082 0.00083 0.00085 0.00087 0.00089 0.00090 0.00092 0.00094 0.00096 0.00098 0.00100 0.00102 0.00104 0.00106 0.00107 0.00109 0.00111 0.00113 0.00115 0.00117 0.00119 0.00121 0.00123 0.00125 0.00126 0.00128 0.00130 0.00132 0.00134 0.00136 0.00137 0.00139 0.00141 0.00143 0.00144 0.00146 0.00148 0.00149 0.00151 0.00153 0.00154 0.00156 0.00157 0.00159 0.00160 0.00162 0.00163 0.00165 0.00166 0.00168 0.00169 0.00170 0.00172 0.00173 0.00174 0.00175 0.00177 0.00178 0.00179 0.00180 0.00181 0.00182 0.00183 0.00184 0.00185 0.00186 0.00187 0.00188 0.00189 0.00190 0.00191 0.00192 0.00192 0.00193 0.00194 0.00194 0.00195 0.00196 0.00196 0.00197 0.00197 0.00198 0.00198 0.00199 0.00199 0.00199 0.00200 0.00200 0.00200 0.00200 0.00201 0.00201 0.00201 0.00201 0.00201 0.00201 0.00201 0.00201 0.00201 0.00201 0.00201 0.00201 0.00201 0.00201 0.00200 0.00200 0.00200 0.00199 0.00199 0.00199 0.00198 0.00198 0.00197 0.00197 0.00196 0.00196 0.00195 0.00195 0.00194 0.00194 0.00193 0.00192 0.00191 0.00191 0.00190 0.00189 0.00188 0.00187 0.00187 0.00186 0.00185 0.00184 0.00183 0.00182 0.00181 0.00180 0.00179 0.00178 0.00176 0.00175 0.00174 0.00173 0.00172 0.00171 0.00169 0.00168 0.00167 0.00165 0.00164 0.00163 0.00161 0.00160 0.00159 0.00157 0.00156 0.00154 0.00153 0.00152 0.00150 0.00149 0.00147 0.00146 0.00144 0.00143 0.00141 0.00139 0.00138 0.00136 0.00135 0.00133 0.00131 0.00130 0.00128 0.00127 0.00125 0.00123 0.00122 0.00120 0.00118 0.00117 0.00115 0.00113 0.00111 0.00110 0.00108 0.00106 0.00105 0.00103 0.00101 0.00100 0.00098 0.00096 0.00094 0.00093 0.00091 0.00089 0.00088 0.00086 0.00084 0.00083 0.00081 0.00079 0.00078 0.00076 0.00075 0.00073 0.00071 0.00070 0.00068 0.00067 0.00065 0.00064 0.00062 0.00061 0.00060 0.00058 0.00057 0.00056 0.00054 0.00053 0.00052 0.00051 0.00050 0.00049 0.00048 0.00047 0.00046 0.00045 0.00044 0.00044 0.00043 0.00043 0.00042 0.00042 0.00042 0.00041 0.00041 0.00041 0.00041 0.00041 0.00041 0.00042 0.00042 0.00042 0.00043 0.00043 0.00044 0.00044 0.00045 0.00046 0.00047 0.00047 0.00048 0.00049 0.00050 0.00051 0.00052 0.00053 0.00054 0.00055 0.00056 0.00057 0.00058 0.00059 0.00060 0.00061 0.00062 0.00063 0.00064 0.00065 0.00067 0.00068 0.00069 0.00070 0.00071 0.00072 0.00073 0.00074 0.00075 0.00076 0.00077 0.00078 0.00079 0.00080 0.00081 0.00082 0.00083 0.00084 0.00085 0.00086 0.00087 0.00088 0.00089 0.00090 0.00091 0.00092 0.00093 0.00094 0.00094 0.00095 0.00096 0.00097 0.00098 0.00098 0.00099 0.00100 0.00100 0.00101 0.00102 0.00103 0.00103 0.00104 0.00104 0.00105 0.00106 0.00106 0.00107 0.00107 0.00108 0.00108 0.00109 0.00109 0.00110 0.00110 0.00110 0.00111 0.00111 0.00112 0.00112 0.00112 0.00113 0.00113 0.00113 0.00113 0.00114 0.00114 0.00114 0.00114 0.00114 0.00114 0.00115 0.00115 0.00115 0.00115 0.00115 0.00115 0.00115 0.00115 0.00115 0.00115 0.00115 0.00115 0.00115 0.00115 0.00115 0.00114 0.00114 0.00114 0.00114 0.00114 0.00113 0.00113 0.00113 0.00113 0.00112 0.00112 0.00112 0.00112 0.00111 0.00111 0.00110 0.00110 0.00110 0.00109 0.00109 0.00108 0.00108 0.00108 0.00107 0.00107 0.00106 0.00106 0.00105 0.00104 0.00104 0.00103 0.00103 0.00102 0.00102 0.00101 0.00100 0.00100 0.00099 0.00098 0.00098 0.00097 0.00096 0.00096 0.00095 0.00094 0.00093 0.00093 0.00092 0.00091 0.00090 0.00090 0.00089 0.00088 0.00087 0.00087 0.00086 0.00085 0.00084 0.00083 0.00082 0.00082 0.00081 0.00080 0.00079
axis 0 logf: 0.00000 0.00000 0.00000 0.00000 0.00000 0.00000 0.00000 0.00000 0.00000 0.00000 0.00000 0.00000 0.00000 0.00000 0.00000 0.00000 0.00000 0.00000 0.00000 0.00000 0.00000 0.00000 0.00000 0.00000 0.00000 0.00000 0.00000 0.00000 0.00000 0.00000 0.00000 0.00000 0.00000 0.00000 0.00000 0.00000 0.00000 0.00000 0.00000 0.00000 0.00000 0.00000 0.00000 0.00000 0.00000 0.00000 0.00000 0.00000 0.00000 0.00000 0.00000 0.00000 0.00000 0.00000 0.00000 0.00000 0.00000 0.00000 0.00000 0.00000 0.00000 0.00000 0.00000 0.00000 0.00000 0.00000 0.00000 0.00000 0.00000 0.00000 0.00000 0.00000 0.00000 0.00000 0.00000 0.00000 0.00000 0.00000 0.00000 0.00000 0.00000 0.00000 0.00000 0.00000 0.00000 0.00000 0.00000 0.00000 0.00000 0.00000 0.00000 0.00000 0.00000 0.00000 0.00000 0.00000 0.00000 0.00000 0.00000 0.00000 0.00000 0.00000 0.00000 0.00000 0.00000 0.00000 0.00000 0.00000 0.00000 0.00000 0.00000 0.00000 0.00000 0.00000 0.00000 0.00000 0.00000 0.00000 0.00000 0.00000 0.00000 0.00000 0.00000 0.00000 0.00000 0.00000 0.00000 0.00000 0.00000 0.00000 0.00000 0.00000 0.00000 0.00000 0.00000 0.00000 0.00000 0.00000 0.00000 0.00000 0.00000 0.00000 0.00000 0.00000 0.00000 0.00000 0.00000 0.00000 0.00000 0.00000 0.00000 0.00000 0.00000 0.00000 0.00000 0.00000 0.00000 0.00000 0.00000 0.00000 0.00000 0.00000 0.00000 0.00000 0.00000 0.00000 0.00000 0.00000 0.00000 0.00000 0.00000 0.00000 0.00000 0.00000 0.00000 0.00000 0.00000 0.00000 0.00000 0.00000 0.00000 0.00000 0.00000 0.00000 0.00000 0.00000 0.00000 0.00000 0.00000 0.00000 0.00000 0.00000 0.00000 0.00000 0.00000 0.00000 0.00000 0.00000 0.00000 0.00000 0.00000 0.00000 0.00000 0.00000 0.00000 0.00000 0.00000 0.00000 0.00000 0.00000 0.00000 0.00000 0.00000 0.00000 0.00000 0.00000 0.00000 0.00000 0.00000 0.00000 0.00000 0.00000 0.00000 0.00000 0.00000 0.00000 0.00000 0.00000 0.00000 0.00000 0.00000 0.00000 0.00000 0.00000 0.00000 0.00000 0.00000 0.00000 0.00000 0.00000 0.00000 0.00000 0.00000 0.00000 0.00000 0.00000 0.00000 0.00000 0.00000 0.00000 0.00000 0.00000 0.00000 0.00000 0.00000 0.00000 0.00000 0.00000 0.00000 0.00000 0.00000 0.00000 0.00000 0.00000 0.00000 0.00000 0.00000 0.00000 0.00000 0.00000 0.00000 0.00000 0.00000 0.00000 0.00000 0.00000 0.00000 0.00000 0.00000 0.00000 0.00000 0.00000 0.00000 0.00000 0.00000 0.00000 0.00000 0.00000 0.00000 0.00000 0.00000 0.00000 0.00000 0.00000 0.00000 0.00000 0.00000 0.00000 0.00000 0.00000 0.00000 0.00000 0.00000 0.00000 0.00000 0.00000 0.00000 0.00000 0.00000 0.00000 0.00000 0.00000 0.00000 0.00000 0.00000 0.00000 0.00000 0.00000 0.00000 0.00000 0.00000 0.00000 0.00000 0.00000 0.00000 0.00000 0.00000 0.00000 0.00000 0.00000 0.00000 0.00000 0.00000 0.00000 0.00000 0.00000 0.00000 0.00000 0.00000 0.00000 0.00000 0.00000 0.00000 0.00000 0.00000 0.00000 0.00000 0.00000 0.00000 0.00000 0.00000 0.00000 0.00000 0.00000 0.00000 0.00000 0.00000 0.00000 0.00000 0.00000 0.00000 0.00000 0.00000 0.00000 0.00000 0.00000 0.00000 0.00000 0.00000 0.00000 0.00000 0.00000 0.00000 0.00000 0.00000 0.00000 0.00000 0.00000 0.00000 0.00000 0.00000 0.00000 0.00000 0.00000 0.00000 0.00000 0.00000 0.00000 0.00000 0.00000 0.00000 0.00000 0.00000 0.00000 0.00000 0.00000 0.00000 0.00000 0.00000 0.00000 0.00000 0.00000 0.00000 0.00000 0.00000 0.00000 0.00000 0.00000 0.00000 0.00000 0.00000 0.00000 0.00000 0.00000 0.00000 0.00000 0.00000 0.00000 0.00000 0.00000 0.00000 0.00000 0.00000 0.00000 0.00000 0.00000 0.00000 0.00000 0.00000 0.00000 0.00000 0.00000 0.00000 0.00000 0.00000 0.00000 0.00000 0.00000 0.00000 0.00000 0.00000 0.00000 0.00000 0.00000 0.00000 0.00000 0.00000 0.00000 0.00000 0.00000 0.00000 0.00000 0.00000 0.00000 0.00000 0.00000 0.00000 0.00000 0.00000 0.00000 0.00000 0.00000 0.00000 0.00000 0.00000 0.00000 0.00000 0.00000 0.00000 0.00000 0.00000 0.00000 0.00000 0.00000 0.00000 0.00000 0.00000 0.00000 0.00000 0.00000 0.00000 0.00000 0.00000 0.00000 0.00000 0.00000 0.00000 0.00000 0.00000 0.00000 0.00000 0.00000 0.00000 0.00000 0.00000 0.00000 0.00000 0.00000 0.00000 0.00000
axis 1 spec: 0.00026 0.00026 0.00026 0.00026 0.00026 0.00026 0.00026 0.00026 0.00026 0.00026 0.00026 0.00026 0.00026 0.00026 0.00026 0.00026 0.00026 0.00027 0.00027 0.00027 0.00027 0.00027 0.00027 0.00027 0.00027 0.00027 0.00027 0.00027 0.00027 0.00027 0.00027 0.00027 0.00027 0.00027 0.00027 0.00027 0.00027 0.00027 0.00027 0.00027 0.00027 0.00027 0.00027 0.00027 0.00027 0.00027 0.00027 0.00027 0.00027 0.00027 0.00027 0.00027 0.00027 0.00027 0.00027 0.00027 0.00027 0.00027 0.00027 0.00027 0.00027 0.00027 0.00027 0.00027 0.00027 0.00027 0.00027 0.00027 0.00027 0.00027 0.00027 0.00027 0.00027 0.00027 0.00027 0.00027 0.00027 0.00027 0.00027 0.00027 0.00027 0.00027 0.00027 0.00027 0.00027 0.00027 0.00027 0.00027 0.00027 0.00027 0.00027 0.00027 0.00027 0.00027 0.00027 0.00027 0.00027 0.00027 0.00027 0.00027 0.00027 0.00027 0.00027 0.00027 0.00027 0.00027 0.00027 0.00027 0.00027 0.00027 0.00027 0.00027 0.00027 0.00027 0.00027 0.00027 0.00027 0.00027 0.00027 0.00027 0.00027 0.00027 0.00027 0.00027 0.00027 0.00026 0.00026 0.00026 0.00026 0.00026 0.00026 0.00026 0.00026 0.00026 0.00026 0.00026 0.00026 0.00026 0.00026 0.00026 0.00026 0.00026 0.00026 0.00026 0.00026 0.00026 0.00026 0.00026 0.00026 0.00026 0.00026 0.00026 0.00026 0.00026 0.00026 0.00026 0.00026 0.00026 0.00026 0.00026 0.00026 0.00026 0.00026 0.00026 0.00026 0.00026 0.00026 0.00026 0.00026 0.00026 0.00026 0.00026 0.00026 0.00026 0.00026 0.00025 0.00025 0.00025 0.00025 0.00025 0.00025 0.00025 0.00025 0.00025 0.00025 0.00025 0.00025 0.00025 0.00025 0.00025 0.00025 0.00025 0.00025 0.00025 0.00025 0.00025 0.00025 0.00025 0.00025 0.00025 0.00025 0.00025 0.00025 0.00025 0.00025 0.00025 0.00025 0.00025 0.00025 0.00025 0.00025 0.00025 0.00025 0.00025 0.00025 0.00024 0.00024 0.00024 0.00024 0.00024 0.00024 0.00024 0.00024 0.00024 0.00024 0.00024 0.00024 0.00024 0.00024 0.00024 0.00024 0.00024 0.00024 0.00024 0.00024 0.00024 0.00024 0.00024 0.00024 0.00024 0.00024 0.00024 0.00024 0.00024 0.00024 0.00024 0.00024 0.00024 0.00024 0.00024 0.00024 0.00024 0.00024 0.00024 0.00023 0.00023 0.00023 0.00023 0.00023 0.00023 0.00023 0.00023 0.00023 0.00023 0.00023 0.00023 0.00023 0.00023 0.00023 0.00023 0.00023 0.00023 0.00023 0.00023 0.00023 0.00023 0.00023 0.00023 0.00023 0.00023 0.00023 0.00023 0.00023 0.00023 0.00023 0.00023 0.00023 0.00023 0.00023 0.00023 0.00023 0.00023 0.00023 0.00023 0.00023 0.00023 0.00023 0.00023 0.00023 0.00023 0.00022 0.00022 0.00022 0.00022 0.00022 0.00022 0.00022 0.00022 0.00022 0.00022 0.00022 0.00022 0.00022 0.00022 0.00022 0.00022 0.00022 0.00022 0.00022 0.00022 0.00022 0.00022 0.00022 0.00022 0.00022 0.00022 0.00022 0.00022 0.00022 0.00022 0.00022 0.00022 0.00022 0.00022 0.00022 0.00022 0.00022 0.00022 0.00022 0.00022 0.00022 0.00022 0.00022 0.00022 0.00022 0.00022 0.00022 0.00022 0.00022 0.00022 0.00022 0.00022 0.00022 0.00022 0.00022 0.00022 0.00022 0.00022 0.00022 0.00022 0.00022 0.00022 0.00022 0.00022 0.00022 0.00022 0.00022 0.00022 0.00022 0.00022 0.00022 0.00022 0.00022 0.00022 0.00022 0.00022 0.00022 0.00022 0.00022 0.00022 0.00022 0.00022 0.00022 0.00022 0.00022 0.00022 0.00022 0.00022 0.00022 0.00022 0.00022 0.00022 0.00022 0.00022 0.00022 0.00022 0.00022 0.00022 0.00022 0.00022 0.00022 0.00022 0.00022 0.00022 0.00022 0.00022 0.00022 0.00022 0.00022 0.00022 0.00022 0.00022 0.00022 0.00022 0.00022 0.00022 0.00022 0.00022 0.00022 0.00022 0.00022 0.00022 0.00022 0.00022 0.00022 0.00022 0.00022 0.00022 0.00022 0.00022 0.00022 0.00022 0.00022 0.00022 0.00022 0.00022 0.00022 0.00022 0.00022 0.00022 0.00022 0.00022 0.00022 0.00022 0.00022 0.00022 0.00022 0.00022 0.00022 0.00022 0.00022 0.00022 0.00022 0.00022 0.00022 0.00022 0.00022 0.00022 0.00022 0.00022 0.00022 0.00022 0.00022 0.00022 0.00022 0.00022 0.00022 0.00022 0.00022 0.00022 0.00022 0.00022 0.00022 0.00022 0.00022 0.00022 0.00022 0.00022 0.00022 0.00022 0.00022 0.00022 0.00022 0.00022 0.00022 0.00022 0.00022 0.00022 0.00022 0.00022 0.00022 0.00022 0.00022 0.00022 0.00022 0.00022 0.00022 0.00022 0.00022 0.00022
axis 1 logf: 0.00000 0.00000 0.00000 0.00000 0.00000 0.00000 0.00000 0.00000 0.00000 0.00000 0.00000 0.00000 0.00000 0.00000 0.00000 0.00000 0.00000 0.00000 0.00000 0.00000 0.00000 0.00000 0.00000 0.00000 0.00000 0.00000 0.00000 0.00000 0.00000 0.00000 0.00000 0.00000 0.00000 0.00000 0.00000 0.00000 0.00000 0.00000 0.00000 0.00000 0.00000 0.00000 0.00000 0.00000 0.00000 0.00000 0.00000 0.00000 0.00000 0.00000 0.00000 0.00000 0.00000 0.00000 0.00000 0.00000 0.00000 0.00000 0.00000 0.00000 0.00000 0.00000 0.00000 0.00000 0.00000 0.00000 0.00000 0.00000 0.00000 0.00000 0.00000 0.00000 0.00000 0.00000 0.00000 0.00000 0.00000 0.00000 0.00000 0.00000 0.00000 0.00000 0.00000 0.00000 0.00000 0.00000 0.00000 0.00000 0.00000 0.00000 0.00000 0.00000 0.00000 0.00000 0.00000 0.00000 0.00000 0.00000 0.00000 0.00000 0.00000 0.00000 0.00000 0.00000 0.00000 0.00000 0.00000 0.00000 0.00000 0.00000 0.00000 0.00000 0.00000 0.00000 0.00000 0.00000 0.00000 0.00000 0.00000 0.00000 0.00000 0.00000 0.00000 0.00000 0.00000 0.00000 0.00000 0.00000 0.00000 0.00000 0.00000 0.00000 0.00000 0.00000 0.00000 0.00000 0.00000 0.00000 0.00000 0.00000 0.00000 0.00000 0.00000 0.00000 0.00000 0.00000 0.00000 0.00000 0.00000 0.00000 0.00000 0.00000 0.00000 0.00000 0.00000 0.00000 0.00000 0.00000 0.00000 0.00000 0.00000 0.00000 0.00000 0.00000 0.00000 0.00000 0.00000 0.00000 0.00000 0.00000 0.00000 0.00000 0.00000 0.00000 0.00000 0.00000 0.00000 0.00000 0.00000 0.00000 0.00000 0.00000 0.00000 0.00000 0.00000 0.00000 0.00000 0.00000 0.00000 0.00000 0.00000 0.00000 0.00000 0.00000 0.00000 0.00000 0.00000 0.00000 0.00000 0.00000 0.00000 0.00000 0.00000 0.00000 0.00000 0.00000 0.00000 0.00000 0.00000 0.00000 0.00000 0.00000 0.00000 0.00000 0.00000 0.00000 0.00000 0.00000 0.00000 0.00000 0.00000 0.00000 0.00000 0.00000 0.00000 0.00000 0.00000 0.00000 0.00000 0.00000 0.00000 0.00000 0.00000 0.00000 0.00000 0.00000 0.00000 0.00000 0.00000 0.00000 0.00000 0.00000 0.00000 0.00000 0.00000 0.00000 0.00000 0.00000 0.00000 0.00000 0.00000 0.00000 0.00000 0.00000 0.00000 0.00000 0.00000 0.00000 0.00000 0.00000 0.00000 0.00000 0.00000 0.00000 0.00000 0.00000 0.00000 0.00000 0.00000 0.00000 0.00000 0.00000 0.00000 0.00000 0.00000 0.00000 0.00000 0.00000 0.00000 0.00000 0.00000 0.00000 0.00000 0.00000 0.00000 0.00000 0.00000 0.00000 0.00000 0.00000 0.00000 0.00000 0.00000 0.00000 0.00000 0.00000 0.00000 0.00000 0.00000 0.00000 0.00000 0.00000 0.00000 0.00000 0.00000 0.00000 0.00000 0.00000 0.00000 0.00000 0.00000 0.00000 0.00000 0.00000 0.00000 0.00000 0.00000 0.00000 0.00000 0.00000 0.00000 0.00000 0.00000 0.00000 0.00000 0.00000 0.00000 0.00000 0.00000 0.00000 0.00000 0.00000 0.00000 0.00000 0.00000 0.00000 0.00000 0.00000 0.00000 0.00000 0.00000 0.00000 0.00000 0.00000 0.00000 0.00000 0.00000 0.00000 0.00000 0.00000 0.00000 0.00000 0.00000 0.00000 0.00000 0.00000 0.00000 0.00000 0.00000 0.00000 0.00000 0.00000 0.00000 0.00000 0.00000 0.00000 0.00000 0.00000 0.00000 0.00000 0.00000 0.00000 0.00000 0.00000 0.00000 0.00000 0.00000 0.00000 0.00000 0.00000 0.00000 0.00000 0.00000 0.00000 0.00000 0.00000 0.00000 0.00000 0.00000 0.00000 0.00000 0.00000 0.00000 0.00000 0.00000 0.00000 0.00000 0.00000 0.00000 0.00000 0.00000 0.00000 0.00000 0.00000 0.00000 0.00000 0.00000 0.00000 0.00000 0.00000 0.00000 0.00000 0.00000 0.00000 0.00000 0.00000 0.00000 0.00000 0.00000 0.00000 0.00000 0.00000 0.00000 0.00000 0.00000 0.00000 0.00000 0.00000 0.00000 0.00000 0.00000 0.00000 0.00000 0.00000 0.00000 0.00000 0.00000 0.00000 0.00000 0.00000 0.00000 0.00000 0.00000 0.00000 0.00000 0.00000 0.00000 0.00000 0.00000 0.00000 0.00000 0.00000 0.00000 0.00000 0.00000 0.00000 0.00000 0.00000 0.00000 0.00000 0.00000 0.00000 0.00000 0.00000 0.00000 0.00000 0.00000 0.00000 0.00000 0.00000 0.00000 0.00000 0.00000 0.00000 0.00000 0.00000 0.00000 0.00000 0.00000 0.00000 0.00000 0.00000 0.00000 0.00000 0.00000 0.00000 0.00000 0.00000 0.00000 0.00000 0.00000 0.00000 0.00000 0.00000 0.00000 0.00000 0.00000 0.00000 0.00000 0.00000
axis 2 spec: 0.00033 0.00034 0.00034 0.00034 0.00034 0.00034 0.00035 0.00035 0.00035 0.00035 0.00036 0.00036 0.00036 0.00036 0.00037 0.00037 0.00037 0.00037 0.00038 0.00038 0.00038 0.00038 0.00039 0.00039 0.00039 0.00040 0.00040 0.00040 0.00040 0.00041 0.00041 0.00041 0.00042 0.00042 0.00042 0.00043 0.00043 0.00043 0.00044 0.00044 0.00044 0.00045 0.00045 0.00045 0.00046 0.00046 0.00046 0.00047 0.00047 0.00047 0.00048 0.00048 0.00048 0.00049 0.00049 0.00049 0.00050 0.00050 0.00051 0.00051 0.00051 0.00052 0.00052 0.00052 0.00053 0.00053 0.00054 0.00054 0.00054 0.00055 0.00055 0.00055 0.00056 0.00056 0.00057 0.00057 0.00057 0.00058 0.00058 0.00059 0.00059 0.00059 0.00060 0.00060 0.00061 0.00061 0.00061 0.00062 0.00062 0.00063 0.00063 0.00064 0.00064 0.00064 0.00065 0.00065 0.00066 0.00066 0.00066 0.00067 0.00067 0.00068 0.00068 0.00069 0.00069 0.00069 0.00070 0.00070 0.00071 0.00071 0.00071 0.00072 0.00072 0.00073 0.00073 0.00074 0.00074 0.00074 0.00075 0.00075 0.00076 0.00076 0.00077 0.00077 0.00077 0.00078 0.00078 0.00079 0.00079 0.00079 0.00080 0.00080 0.00081 0.00081 0.00082 0.00082 0.00082 0.00083 0.00083 0.00084 0.00084 0.00084 0.00085 0.00085 0.00086 0.00086 0.00086 0.00087 0.00087 0.00088 0.00088 0.00088 0.00089 0.00089 0.00089 0.00090 0.00090 0.00091 0.00091 0.00091 0.00092 0.00092 0.00092 0.00093 0.00093 0.00094 0.00094 0.00094 0.00095 0.00095 0.00095 0.00096 0.00096 0.00096 0.00097 0.00097 0.00097 0.00098 0.00098 0.00098 0.00099 0.00099 0.00099 0.00100 0.00100 0.00100 0.00101 0.00101 0.00101 0.00102 0.00102 0.00102 0.00102 0.00103 0.00103 0.00103 0.00103 0.00104 0.00104 0.00104 0.00105 0.00105 0.00105 0.00105 0.00106 0.00106 0.00106 0.00106 0.00107 0.00107 0.00107 0.00107 0.00107 0.00108 0.00108 0.00108 0.00108 0.00108 0.00109 0.00109 0.00109 0.00109 0.00109 0.00109 0.00110 0.00110 0.00110 0.00110 0.00110 0.00110 0.00111 0.00111 0.00111 0.00111 0.00111 0.00111 0.00111 0.00111 0.00111 0.00112 0.00112 0.00112 0.00112 0.00112 0.00112 0.00112 0.00112 0.00112 0.00112 0.00112 0.00112 0.00112 0.00112 0.00112 0.00112 0.00112 0.00112 0.00112 0.00112 0.00112 0.00112 0.00112 0.00112 0.00112 0.00112 0.00112 0.00112 0.00112 0.00112 0.00112 0.00112 0.00112 0.00112 0.00112 0.00112 0.00112 0.00111 0.00111 0.00111 0.00111 0.00111 0.00111 0.00111 0.00111 0.00111 0.00110 0.00110 0.00110 0.00110 0.00110 0.00110 0.00109 0.00109 0.00109 0.00109 0.00109 0.00108 0.00108 0.00108 0.00108 0.00107 0.00107 0.00107 0.00107 0.00107 0.00106 0.00106 0.00106 0.00105 0.00105 0.00105 0.00105 0.00104 0.00104 0.00104 0.00103 0.00103 0.00103 0.00102 0.00102 0.00102 0.00101 0.00101 0.00101 0.00100 0.00100 0.00100 0.00099 0.00099 0.00098 0.00098 0.00098 0.00097 0.00097 0.00096 0.00096 0.00096 0.00095 0.00095 0.00094 0.00094 0.00093 0.00093 0.00092 0.00092 0.00091 0.00091 0.00090 0.00090 0.00090 0.00089 0.00089 0.00088 0.00087 0.00087 0.00086 0.00086 0.00085 0.00085 0.00084 0.00084 0.00083 0.00083 0.00082 0.00082 0.00081 0.00080 0.00080 0.00079 0.00079 0.00078 0.00077 0.00077 0.00076 0.00076 0.00075 0.00074 0.00074 0.00073 0.00073 0.00072 0.00071 0.00071 0.00070 0.00069 0.00069 0.00068 0.00067 0.00067 0.00066 0.00065 0.00065 0.00064 0.00063 0.00063 0.00062 0.00061 0.00061 0.00060 0.00059 0.00058 0.00058 0.00057 0.00056 0.00056 0.00055 0.00054 0.00053 0.00053 0.00052 0.00051 0.00051 0.00050 0.00049 0.00048 0.00048 0.00047 0.00046 0.00045 0.00045 0.00044 0.00043 0.00042 0.00042 0.00041 0.00040 0.00040 0.00039 0.00038 0.00037 0.00037 0.00036 0.00035 0.00034 0.00034 0.00033 0.00032 0.00032 0.00031 0.00030 0.00030 0.00029 0.00028 0.00028 0.00027 0.00026 0.00026 0.00025 0.00025 0.00024 0.00024 0.00023 0.00023 0.00022 0.00022 0.00021 0.00021 0.00021 0.00020 0.00020 0.00020 0.00020 0.00020 0.00020 0.00019 0.00019 0.00020 0.00020 0.00020 0.00020 0.00020 0.00021 0.00021 0.00021 0.00022 0.00022 0.00023 0.00023 0.00024 0.00024 0.00025 0.00025 0.00026 0.00027 0.00028 0.00028 0.00029 0.00030 0.00030 0.00031 0.00032 0.00033 0.00034 0.00034 0.00035 0.00036 0.00037 0.00038 0.00039 0.00040
axis 2 logf: 0.00000 0.00000 0.00000 0.00000 0.00000 0.00000 0.00000 0.00000 0.00000 0.00000 0.00000 0.00000 0.00000 0.00000 0.00000 0.00000 0.00000 0.00000 0.00000 0.00000 0.00000 0.00000 0.00000 0.00000 0.00000 0.00000 0.00000 0.00000 0.00000 0.00000 0.00000 0.00000 0.00000 0.00000 0.00000 0.00000 0.00000 0.00000 0.00000 0.00000 0.00000 0.00000 0.00000 0.00000 0.00000 0.00000 0.00000 0.00000 0.00000 0.00000 0.00000 0.00000 0.00000 0.00000 0.00000 0.00000 0.00000 0.00000 0.00000 0.00000 0.00000 0.00000 0.00000 0.00000 0.00000 0.00000 0.00000 0.00000 0.00000 0.00000 0.00000 0.00000 0.00000 0.00000 0.00000 0.00000 0.00000 0.00000 0.00000 0.00000 0.00000 0.00000 0.00000 0.00000 0.00000 0.00000 0.00000 0.00000 0.00000 0.00000 0.00000 0.00000 0.00000 0.00000 0.00000 0.00000 0.00000 0.00000 0.00000 0.00000 0.00000 0.00000 0.00000 0.00000 0.00000 0.00000 0.00000 0.00000 0.00000 0.00000 0.00000 0.00000 0.00000 0.00000 0.00000 0.00000 0.00000 0.00000 0.00000 0.00000 0.00000 0.00000 0.00000 0.00000 0.00000 0.00000 0.00000 0.00000 0.00000 0.00000 0.00000 0.00000 0.00000 0.00000 0.00000 0.00000 0.00000 0.00000 0.00000 0.00000 0.00000 0.00000 0.00000 0.00000 0.00000 0.00000 0.00000 0.00000 0.00000 0.00000 0.00000 0.00000 0.00000 0.00000 0.00000 0.00000 0.00000 0.00000 0.00000 0.00000 0.00000 0.00000 0.00000 0.00000 0.00000 0.00000 0.00000 0.00000 0.00000 0.00000 0.00000 0.00000 0.00000 0.00000 0.00000 0.00000 0.00000 0.00000 0.00000 0.00000 0.00000 0.00000 0.00000 0.00000 0.00000 0.00000 0.00000 0.00000 0.00000 0.00000 0.00000 0.00000 0.00000 0.00000 0.00000 0.00000 0.00000 0.00000 0.00000 0.00000 0.00000 0.00000 0.00000 0.00000 0.00000 0.00000 0.00000 0.00000 0.00000 0.00000 0.00000 0.00000 0.00000 0.00000 0.00000 0.00000 0.00000 0.00000 0.00000 0.00000 0.00000 0.00000 0.00000 0.00000 0.00000 0.00000 0.00000 0.00000 0.00000 0.00000 0.00000 0.00000 0.00000 0.00000 0.00000 0.00000 0.00000 0.00000 0.00000 0.00000 0.00000 0.00000 0.00000 0.00000 0.00000 0.00000 0.00000 0.00000 0.00000 0.00000 0.00000 0.00000 0.00000 0.00000 0.00000 0.00000 0.00000 0.00000 0.00000 0.00000 0.00000 0.00000 0.00000 0.00000 0.00000 0.00000 0.00000 0.00000 0.00000 0.00000 0.00000 0.00000 0.00000 0.00000 0.00000 0.00000 0.00000 0.00000 0.00000 0.00000 0.00000 0.00000 0.00000 0.00000 0.00000 0.00000 0.00000 0.00000 0.00000 0.00000 0.00000 0.00000 0.00000 0.00000 0.00000 0.00000 0.00000 0.00000 0.00000 0.00000 0.00000 0.00000 0.00000 0.00000 0.00000 0.00000 0.00000 0.00000 0.00000 0.00000 0.00000 0.00000 0.00000 0.00000 0.00000 0.00000 0.00000 0.00000 0.00000 0.00000 0.00000 0.00000 0.00000 0.00000 0.00000 0.00000 0.00000 0.00000 0.00000 0.00000 0.00000 0.00000 0.00000 0.00000 0.00000 0.00000 0.00000 0.00000 0.00000 0.00000 0.00000 0.00000 0.00000 0.00000 0.00000 0.00000 0.00000 0.00000 0.00000 0.00000 0.00000 0.00000 0.00000 0.00000 0.00000 0.00000 0.00000 0.00000 0.00000 0.00000 0.00000 0.00000 0.00000 0.00000 0.00000 0.00000 0.00000 0.00000 0.00000 0.00000 0.00000 0.00000 0.00000 0.00000 0.00000 0.00000 0.00000 0.00000 0.00000 0.00000 0.00000 0.00000 0.00000 0.00000 0.00000 0.00000 0.00000 0.00000 0.00000 0.00000 0.00000 0.00000 0.00000 0.00000 0.00000 0.00000 0.00000 0.00000 0.00000 0.00000 0.00000 0.00000 0.00000 0.00000 0.00000 0.00000 0.00000 0.00000 0.00000 0.00000 0.00000 0.00000 0.00000 0.00000 0.00000 0.00000 0.00000 0.00000 0.00000 0.00000 0.00000 0.00000 0.00000 0.00000 0.00000 0.00000 0.00000 0.00000 0.00000 0.00000 0.00000 0.00000 0.00000 0.00000 0.00000 0.00000 0.00000 0.00000 0.00000 0.00000 0.00000 0.00000 0.00000 0.00000 0.00000 0.00000 0.00000 0.00000 0.00000 0.00000 0.00000 0.00000 0.00000 0.00000 0.00000 0.00000 0.00000 0.00000 0.00000 0.00000 0.00000 0.00000 0.00000 0.00000 0.00000 0.00000 0.00000 0.00000 0.00000 0.00000 0.00000 0.00000 0.00000 0.00000 0.00000 0.00000 0.00000 0.00000 0.00000 0.00000 0.00000 0.00000 0.00000 0.00000 0.00000 0.00000 0.00000 0.00000 0.00000 0.00000 0.00000 0.00000 0.00000 0.00000 0.00000 0.00000 0.00000 0.00000 0.00000 0.00000
axis 3 spec: 0.00035 0.00035 0.00035 0.00035 0.00035 0.00035 0.00035 0.00035 0.00035 0.00035 0.00035 0.00035 0.00035 0.00035 0.00035 0.00035 0.00036 0.00036 0.00036 0.00036 0.00036 0.00036 0.00036 0.00036 0.00036 0.00036 0.00036 0.00036 0.00036 0.00036 0.00036 0.00036 0.00036 0.00036 0.00036 0.00036 0.00036 0.00036 0.00036 0.00037 0.00037 0.00037 0.00037 0.00037 0.00037 0.00037 0.00037 0.00037 0.00037 0.00037 0.00037 0.00037 0.00037 0.00037 0.00037 0.00037 0.00037 0.00037 0.00037 0.00037 0.00037 0.00037 0.00038 0.00038 0.00038 0.00038 0.00038 0.00038 0.00038 0.00038 0.00038 0.00038 0.00038 0.00038 0.00038 0.00038 0.00038 0.00038 0.00038 0.00038 0.00038 0.00038 0.00038 0.00038 0.00038 0.00038 0.00038 0.00039 0.00039 0.00039 0.00039 0.00039 0.00039 0.00039 0.00039 0.00039 0.00039 0.00039 0.00039 0.00039 0.00039 0.00039 0.00039 0.00039 0.00039 0.00039 0.00039 0.00039 0.00039 0.00039 0.00039 0.00039 0.00039 0.00040 0.00040 0.00040 0.00040 0.00040 0.00040 0.00040 0.00040 0.00040 0.00040 0.00040 0.00040 0.00040 0.00040 0.00040 0.00040 0.00040 0.00040 0.00040 0.00040 0.00040 0.00040 0.00040 0.00040 0.00040 0.00040 0.00040 0.00040 0.00041 0.00041 0.00041 0.00041 0.00041 0.00041 0.00041 0.00041 0.00041 0.00041 0.00041 0.00041 0.00041 0.00041 0.00041 0.00041 0.00041 0.00041 0.00041 0.00041 0.00041 0.00041 0.00041 0.00041 0.00041 0.00041 0.00041 0.00041 0.00041 0.00041 0.00041 0.00041 0.00041 0.00042 0.00042 0.00042 0.00042 0.00042 0.00042 0.00042 0.00042 0.00042 0.00042 0.00042 0.00042 0.00042 0.00042 0.00042 0.00042 0.00042 0.00042 0.00042 0.00042 0.00042 0.00042 0.00042 0.00042 0.00042 0.00042 0.00042 0.00042 0.00042 0.00042 0.00042 0.00042 0.00042 0.00042 0.00042 0.00042 0.00042 0.00042 0.00042 0.00042 0.00043 0.00043 0.00043 0.00043 0.00043 0.00043 0.00043 0.00043 0.00043 0.00043 0.00043 0.00043 0.00043 0.00043 0.00043 0.00043 0.00043 0.00043 0.00043 0.00043 0.00043 0.00043 0.00043 0.00043 0.00043 0.00043 0.00043 0.00043 0.00043 0.00043 0.00043 0.00043 0.00043 0.00043 0.00043 0.00043 0.00043 0.00043 0.00043 0.00043 0.00043 0.00043 0.00043 0.00043 0.00043 0.00043 0.00043 0.00043 0.00043 0.00043 0.00043 0.00043 0.00043 0.00043 0.00043 0.00043 0.00043 0.00043 0.00043 0.00043 0.00043 0.00043 0.00043 0.00043 0.00043 0.00043 0.00043 0.00043 0.00043 0.00043 0.00043 0.00043 0.00043 0.00043 0.00043 0.00043 0.00043 0.00043 0.00043 0.00044 0.00044 0.00044 0.00044 0.00044 0.00044 0.00044 0.00044 0.00044 0.00044 0.00044 0.00044 0.00044 0.00044 0.00044 0.00044 0.00044 0.00044 0.00044 0.00044 0.00044 0.00044 0.00044 0.00044 0.00044 0.00044 0.00044 0.00044 0.00044 0.00044 0.00044 0.00044 0.00044 0.00043 0.00043 0.00043 0.00043 0.00043 0.00043 0.00043 0.00043 0.00043 0.00043 0.00043 0.00043 0.00043 0.00043 0.00043 0.00043 0.00043 0.00043 0.00043 0.00043 0.00043 0.00043 0.00043 0.00043 0.00043 0.00043 0.00043 0.00043 0.00043 0.00043 0.00043 0.00043 0.00043 0.00043 0.00043 0.00043 0.00043 0.00043 0.00043 0.00043 0.00043 0.00043 0.00043 0.00043 0.00043 0.00043 0.00043 0.00043 0.00043 0.00043 0.00043 0.00043 0.00043 0.00043 0.00043 0.00043 0.00043 0.00043 0.00043 0.00043 0.00043 0.00043 0.00043 0.00043 0.00043 0.00043 0.00043 0.00043 0.00043 0.00043 0.00043 0.00043 0.00043 0.00043 0.00043 0.00043 0.00042 0.00042 0.00042 0.00042 0.00042 0.00042 0.00042 0.00042 0.00042 0.00042 0.00042 0.00042 0.00042 0.00042 0.00042 0.00042 0.00042 0.00042 0.00042 0.00042 0.00042 0.00042 0.00042 0.00042 0.00042 0.00042 0.00042 0.00042 0.00042 0.00042 0.00042 0.00042 0.00042 0.00042 0.00042 0.00042 0.00042 0.00041 0.00041 0.00041 0.00041 0.00041 0.00041 0.00041 0.00041 0.00041 0.00041 0.00041 0.00041 0.00041 0.00041 0.00041 0.00041 0.00041 0.00041 0.00041 0.00041 0.00041 0.00041 0.00041 0.00041 0.00041 0.00041 0.00041 0.00041 0.00041 0.00040 0.00040 0.00040 0.00040 0.00040 0.00040 0.00040 0.00040 0.00040 0.00040 0.00040 0.00040 0.00040 0.00040 0.00040 0.00040 0.00040 0.00040 0.00040 0.00040 0.00040 0.00040 0.00040 0.00040 0.00040 0.00039 0.00039 0.00039 0.00039 0.00039 0.00039 0.00039
axis 3 logf: 0.00000 0.00000 0.00000 0.00000 0.00000 0.00000 0.00000 0.00000 0.00000 0.00000 0.00000 0.00000 0.00000 0.00000 0.00000 0.00000 0.00000 0.00000 0.00000 0.00000 0.00000 0.00000 0.00000 0.00000 0.00000 0.00000 0.00000 0.00000 0.00000 0.00000 0.00000 0.00000 0.00000 0.00000 0.00000 0.00000 0.00000 0.00000 0.00000 0.00000 0.00000 0.00000 0.00000 0.00000 0.00000 0.00000 0.00000 0.00000 0.00000 0.00000 0.00000 0.00000 0.00000 0.00000 0.00000 0.00000 0.00000 0.00000 0.00000 0.00000 0.00000 0.00000 0.00000 0.00000 0.00000 0.00000 0.00000 0.00000 0.00000 0.00000 0.00000 0.00000 0.00000 0.00000 0.00000 0.00000 0.00000 0.00000 0.00000 0.00000 0.00000 0.00000 0.00000 0.00000 0.00000 0.00000 0.00000 0.00000 0.00000 0.00000 0.00000 0.00000 0.00000 0.00000 0.00000 0.00000 0.00000 0.00000 0.00000 0.00000 0.00000 0.00000 0.00000 0.00000 0.00000 0.00000 0.00000 0.00000 0.00000 0.00000 0.00000 0.00000 0.00000 0.00000 0.00000 0.00000 0.00000 0.00000 0.00000 0.00000 0.00000 0.00000 0.00000 0.00000 0.00000 0.00000 0.00000 0.00000 0.00000 0.00000 0.00000 0.00000 0.00000 0.00000 0.00000 0.00000 0.00000 0.00000 0.00000 0.00000 0.00000 0.00000 0.00000 0.00000 0.00000 0.00000 0.00000 0.00000 0.00000 0.00000 0.00000 0.00000 0.00000 0.00000 0.00000 0.00000 0.00000 0.00000 0.00000 0.00000 0.00000 0.00000 0.00000 0.00000 0.00000 0.00000 0.00000 0.00000 0.00000 0.00000 0.00000 0.00000 0.00000 0.00000 0.00000 0.00000 0.00000 0.00000 0.00000 0.00000 0.00000 0.00000 0.00000 0.00000 0.00000 0.00000 0.00000 0.00000 0.00000 0.00000 0.00000 0.00000 0.00000 0.00000 0.00000 0.00000 0.00000 0.00000 0.00000 0.00000 0.00000 0.00000 0.00000 0.00000 0.00000 0.00000 0.00000 0.00000 0.00000 0.00000 0.00000 0.00000 0.00000 0.00000 0.00000 0.00000 0.00000 0.00000 0.00000 0.00000 0.00000 0.00000 0.00000 0.00000 0.00000 0.00000 0.00000 0.00000 0.00000 0.00000 0.00000 0.00000 0.00000 0.00000 0.00000 0.00000 0.00000 0.00000 0.00000 0.00000 0.00000 0.00000 0.00000 0.00000 0.00000 0.00000 0.00000 0.00000 0.00000 0.00000 0.00000 0.00000 0.00000 0.00000 0.00000 0.00000 0.00000 0.00000 0.00000 0.00000 0.00000 0.00000 0.00000 0.00000 0.00000 0.00000 0.00000 0.00000 0.00000 0.00000 0.00000 0.00000 0.00000 0.00000 0.00000 0.00000 0.00000 0.00000 0.00000 0.00000 0.00000 0.00000 0.00000 0.00000 0.00000 0.00000 0.00000 0.00000 0.00000 0.00000 0.00000 0.00000 0.00000 0.00000 0.00000 0.00000 0.00000 0.00000 0.00000 0.00000 0.00000 0.00000 0.00000 0.00000 0.00000 0.00000 0.00000 0.00000 0.00000 0.00000 0.00000 0.00000 0.00000 0.00000 0.00000 0.00000 0.00000 0.00000 0.00000 0.00000 0.00000 0.00000 0.00000 0.00000 0.00000 0.00000 0.00000 0.00000 0.00000 0.00000 0.00000 0.00000 0.00000 0.00000 0.00000 0.00000 0.00000 0.00000 0.00000 0.00000 0.00000 0.00000 0.00000 0.00000 0.00000 0.00000 0.00000 0.00000 0.00000 0.00000 0.00000 0.00000 0.00000 0.00000 0.00000 0.00000 0.00000 0.00000 0.00000 0.00000 0.00000 0.00000 0.00000 0.00000 0.00000 0.00000 0.00000 0.00000 0.00000 0.00000 0.00000 0.00000 0.00000 0.00000 0.00000 0.00000 0.00000 0.00000 0.00000 0.00000 0.00000 0.00000 0.00000 0.00000 0.00000 0.00000 0.00000 0.00000 0.00000 0.00000 0.00000 0.00000 0.00000 0.00000 0.00000 0.00000 0.00000 0.00000 0.00000 0.00000 0.00000 0.00000 0.00000 0.00000 0.00000 0.00000 0.00000 0.00000 0.00000 0.00000 0.00000 0.00000 0.00000 0.00000 0.00000 0.00000 0.00000 0.00000 0.00000 0.00000 0.00000 0.00000 0.00000 0.00000 0.00000 0.00000 0.00000 0.00000 0.00000 0.00000 0.00000 0.00000 0.00000 0.00000 0.00000 0.00000 0.00000 0.00000 0.00000 0.00000 0.00000 0.00000 0.00000 0.00000 0.00000 0.00000 0.00000 0.00000 0.00000 0.00000 0.00000 0.00000 0.00000 0.00000 0.00000 0.00000 0.00000 0.00000 0.00000 0.00000 0.00000 0.00000 0.00000 0.00000 0.00000 0.00000 0.00000 0.00000 0.00000 0.00000 0.00000 0.00000 0.00000 0.00000 0.00000 0.00000 0.00000 0.00000 0.00000 0.00000 0.00000 0.00000 0.00000 0.00000 0.00000 0.00000 0.00000 0.00000 0.00000 0.00000 0.00000 0.00000 0.00000 0.00000 0.00000 0.00000 0.00000 0.00000 0.00000 0.00000
