grade — diagonal space, K=4, extent 2.20; 6 bands/octave over 40..20000 Hz, kernel 0.0833 oct, strike 0 listen 0, 1/omega, damping 5.0/s at 0.200 s

pitch normalised: the lowest audible mode of every point is moved to 440 Hz before banding

ring: modes weighed by their energy over the whole decay (the space's own zeta)

variety per unit of travel: mean 0.567, 5th pct 0.058, 95th pct 1.384
spread: 23.87x   (FM 1.83x, Saw 2.03x, Shapes 8.47x in Kyklophoria's table; 1.0 is isotropic)
twins: 21.5% of random pairs within 0.05
axes:  axis 0 1.387  axis 1 0.051  axis 2 0.024  axis 3 0.492
modes skipped as unrenderable (non-positive or above the top band): 0.00 per evaluation over 41604 evaluations

continuity (cont_check): largest step at step/500 and step/2000, ratio ~4 smooth, ~1 cliff
  axis    spec/500   spec/2000   ratio      logf/500   logf/2000   ratio
  0        0.00792     0.00198    4.00       0.03686     0.00921    4.00
  1        0.00014     0.00004    4.00       0.01137     0.00284    4.00
  2        0.00009     0.00002    4.00       0.00265     0.00066    4.00
  3        0.00342     0.00086    3.99       0.00027     0.00007    4.00

where the frequencies move fastest along each axis (log-frequency step per 1/500 of travel, in tenths of the axis):
  axis 0: 0.0369 0.0369 0.0369 0.0369 0.0369 0.0369 0.0369 0.0369 0.0369 0.0369   peak 0.0369
  axis 1: 0.0114 0.0114 0.0114 0.0114 0.0114 0.0114 0.0114 0.0114 0.0114 0.0114   peak 0.0114
  axis 2: 0.0027 0.0027 0.0027 0.0027 0.0027 0.0027 0.0027 0.0027 0.0027 0.0027   peak 0.0027
  axis 3: 0.0003 0.0003 0.0003 0.0003 0.0003 0.0003 0.0003 0.0003 0.0003 0.0003   peak 0.0003

veering map — second difference of each aligned slot's log frequency along each sweep, in cents.
a smooth trajectory is under 100; a slot that trades places with its neighbour is hundreds.
listed: every (family, parameter, slot) over 300 cents, and each family's worst.
  bar: (0.927, slot 2: 1133) (0.927, slot 4: 1136)
    2 over 300 cents; worst 1136 cents at parameter 0.927, slot 4
  plate: (1.182, slot 0: 2812) (1.182, slot 1: 598) (1.182, slot 4: 1388) (1.182, slot 5: 1050) (1.182, slot 6: 1406) (1.182, slot 7: 1528) (1.182, slot 9: 1014) (1.182, slot 11: 1956) (1.182, slot 15: 1027) (1.182, slot 16: 2013) (1.182, slot 18: 2636) (1.182, slot 19: 579) (1.182, slot 20: 4300) (1.182, slot 21: 1115) (1.182, slot 23: 1815) (1.182, slot 24: 1362) (1.182, slot 26: 3187) (1.364, slot 1: 328) (1.364, slot 6: 1564) (1.364, slot 9: 1986) (1.364, slot 12: 563) (1.364, slot 15: 949) (1.364, slot 17: 329) (1.364, slot 21: 1705) (1.364, slot 23: 1316) (1.364, slot 24: 1131) (1.546, slot 1: 618) (1.546, slot 9: 1727) (1.546, slot 21: 744) (1.727, slot 1: 347) (1.727, slot 18: 446) (1.909, slot 1: 765) (1.909, slot 9: 1464) (1.909, slot 12: 1483) (1.909, slot 18: 867) (2.091, slot 9: 1479) (2.091, slot 12: 1399) (2.091, slot 18: 332) (2.273, slot 12: 1145) (2.273, slot 20: 1766) (2.454, slot 12: 1143) (2.454, slot 20: 1756)
    42 over 300 cents; worst 4300 cents at parameter 1.182, slot 20
  bell: (0.218, slot 35: 448) (0.436, slot 32: 727) (0.545, slot 32: 643) (0.545, slot 36: 309) (0.655, slot 22: 781) (0.655, slot 33: 756) (0.764, slot 22: 759) (0.764, slot 30: 347) (0.764, slot 33: 782) (1.091, slot 29: 661)
    10 over 300 cents; worst 782 cents at parameter 0.764, slot 33
  tine: (0.068, slot 4: 451)
    1 over 300 cents; worst 451 cents at parameter 0.068, slot 4
  banjo: (48.000, slot 6: 355) (49.000, slot 8: 350) (50.000, slot 6: 403) (51.000, slot 7: 381) (53.000, slot 6: 312) (53.000, slot 6: 368) (53.000, slot 7: 315) (59.000, slot 7: 364) (60.000, slot 7: 359)
    9 over 300 cents; worst 403 cents at parameter 50.000, slot 6
  ep: (43.000, slot 8: 348) (43.000, slot 8: 308) (46.000, slot 6: 358) (47.000, slot 6: 335) (47.000, slot 6: 315) (48.000, slot 6: 319) (48.000, slot 7: 301) (62.000, slot 6: 329) (64.000, slot 6: 330) (66.000, slot 5: 370) (72.000, slot 3: 328) (72.000, slot 3: 342) (73.000, slot 3: 347) (77.000, slot 4: 323) (77.000, slot 4: 318) (83.000, slot 6: 301) (84.000, slot 2: 347) (85.000, slot 2: 328) (85.000, slot 5: 301) (86.000, slot 1: 305) (90.000, slot 2: 341) (93.000, slot 0: 301) (93.000, slot 1: 302) (93.000, slot 1: 303) (94.000, slot 1: 304) (100.000, slot 0: 351)
    26 over 300 cents; worst 370 cents at parameter 66.000, slot 5
  guitar: (57.000, slot 0: 387) (71.000, slot 8: 318) (71.000, slot 17: 300) (71.000, slot 19: 300) (71.000, slot 21: 300) (71.000, slot 23: 300) (71.000, slot 25: 300) (71.000, slot 29: 300) (71.000, slot 35: 300) (71.000, slot 36: 300) (71.000, slot 39: 300) (71.000, slot 40: 300) (71.000, slot 43: 300) (71.000, slot 44: 300) (71.000, slot 47: 300) (74.000, slot 6: 312) (74.000, slot 8: 320) (74.000, slot 10: 308) (74.000, slot 11: 306) (74.000, slot 17: 300) (74.000, slot 19: 300) (74.000, slot 21: 300) (74.000, slot 23: 300) (74.000, slot 25: 300) (74.000, slot 29: 300) (74.000, slot 35: 300) (74.000, slot 36: 300) (74.000, slot 39: 300) (74.000, slot 40: 300) (74.000, slot 43: 300) (74.000, slot 44: 300) (74.000, slot 47: 300) (76.000, slot 0: 475) (76.000, slot 6: 301) (76.000, slot 7: 318) (76.000, slot 8: 338) (76.000, slot 13: 300) (76.000, slot 17: 300) (76.000, slot 18: 300) (76.000, slot 20: 300) (76.000, slot 22: 300) (76.000, slot 24: 300) (76.000, slot 27: 300) (76.000, slot 30: 300) (76.000, slot 32: 300) (76.000, slot 35: 300) (76.000, slot 37: 300) (76.000, slot 38: 300) (76.000, slot 40: 300) (76.000, slot 41: 300) (76.000, slot 42: 300) (76.000, slot 44: 300) (76.000, slot 45: 300) (79.000, slot 0: 309) (80.000, slot 11: 300) (80.000, slot 13: 300) (80.000, slot 14: 300) (80.000, slot 15: 300) (80.000, slot 16: 300) (80.000, slot 17: 300) (80.000, slot 18: 300) (80.000, slot 19: 300) (80.000, slot 20: 300) (80.000, slot 22: 300) (80.000, slot 23: 300) (80.000, slot 24: 300) (80.000, slot 26: 300) (80.000, slot 27: 300) (80.000, slot 28: 300) (80.000, slot 29: 300) (80.000, slot 30: 300) (80.000, slot 31: 300) (80.000, slot 32: 300) (80.000, slot 33: 300) (80.000, slot 35: 300) (80.000, slot 36: 300) (80.000, slot 37: 300) (80.000, slot 38: 300) (80.000, slot 39: 300) (80.000, slot 40: 300) (80.000, slot 41: 300) (80.000, slot 42: 300) (80.000, slot 44: 300) (80.000, slot 45: 300) (80.000, slot 46: 300) (80.000, slot 47: 300)
    86 over 300 cents; worst 475 cents at parameter 76.000, slot 0
  mandolin:
    0 over 300 cents; worst 207 cents at parameter 73.000, slot 4
  wurli: (79.000, slot 0: 303)
    1 over 300 cents; worst 303 cents at parameter 79.000, slot 0

profiles: per axis, 500 steps, spectrum step then log-frequency step
axis 0 spec: 0.00428 0.00432 0.00437 0.00442 0.00447 0.00452 0.00457 0.00463 0.00468 0.00473 0.00479 0.00484 0.00489 0.00495 0.00500 0.00506 0.00512 0.00517 0.00523 0.00529 0.00535 0.00540 0.00546 0.00552 0.00558 0.00564 0.00570 0.00575 0.00581 0.00587 0.00593 0.00599 0.00605 0.00611 0.00617 0.00623 0.00628 0.00634 0.00640 0.00646 0.00651 0.00657 0.00662 0.00668 0.00673 0.00679 0.00684 0.00689 0.00695 0.00700 0.00705 0.00710 0.00714 0.00719 0.00724 0.00728 0.00732 0.00737 0.00741 0.00745 0.00749 0.00752 0.00756 0.00759 0.00763 0.00766 0.00769 0.00772 0.00774 0.00777 0.00779 0.00781 0.00783 0.00785 0.00786 0.00788 0.00789 0.00790 0.00791 0.00791 0.00792 0.00792 0.00792 0.00792 0.00792 0.00791 0.00790 0.00789 0.00788 0.00787 0.00786 0.00784 0.00782 0.00780 0.00778 0.00776 0.00773 0.00770 0.00767 0.00764 0.00761 0.00758 0.00754 0.00750 0.00747 0.00743 0.00739 0.00734 0.00730 0.00725 0.00721 0.00716 0.00711 0.00706 0.00701 0.00696 0.00691 0.00685 0.00680 0.00675 0.00669 0.00663 0.00658 0.00652 0.00646 0.00640 0.00634 0.00628 0.00622 0.00616 0.00610 0.00604 0.00598 0.00592 0.00585 0.00579 0.00573 0.00567 0.00561 0.00554 0.00548 0.00542 0.00536 0.00530 0.00524 0.00517 0.00511 0.00505 0.00499 0.00493 0.00487 0.00481 0.00475 0.00469 0.00463 0.00457 0.00451 0.00446 0.00440 0.00434 0.00429 0.00423 0.00417 0.00412 0.00406 0.00401 0.00396 0.00390 0.00385 0.00380 0.00374 0.00369 0.00364 0.00359 0.00354 0.00349 0.00344 0.00340 0.00335 0.00330 0.00325 0.00321 0.00316 0.00312 0.00307 0.00303 0.00299 0.00294 0.00290 0.00286 0.00282 0.00278 0.00274 0.00270 0.00266 0.00262 0.00258 0.00254 0.00250 0.00247 0.00243 0.00239 0.00236 0.00232 0.00229 0.00226 0.00222 0.00219 0.00216 0.00212 0.00209 0.00206 0.00203 0.00200 0.00197 0.00194 0.00191 0.00188 0.00185 0.00183 0.00180 0.00177 0.00175 0.00172 0.00169 0.00167 0.00164 0.00162 0.00159 0.00157 0.00154 0.00152 0.00150 0.00148 0.00145 0.00143 0.00141 0.00139 0.00137 0.00135 0.00133 0.00131 0.00129 0.00127 0.00125 0.00123 0.00121 0.00119 0.00117 0.00115 0.00114 0.00112 0.00110 0.00109 0.00107 0.00105 0.00104 0.00102 0.00100 0.00099 0.00097 0.00096 0.00094 0.00093 0.00092 0.00090 0.00089 0.00087 0.00086 0.00085 0.00083 0.00082 0.00081 0.00080 0.00078 0.00077 0.00076 0.00075 0.00074 0.00073 0.00072 0.00070 0.00069 0.00068 0.00067 0.00066 0.00065 0.00064 0.00063 0.00062 0.00061 0.00060 0.00059 0.00058 0.00058 0.00057 0.00056 0.00055 0.00054 0.00053 0.00052 0.00052 0.00051 0.00050 0.00049 0.00049 0.00048 0.00047 0.00046 0.00046 0.00045 0.00044 0.00044 0.00043 0.00042 0.00042 0.00041 0.00040 0.00040 0.00039 0.00038 0.00038 0.00037 0.00037 0.00036 0.00036 0.00035 0.00035 0.00034 0.00033 0.00033 0.00032 0.00032 0.00031 0.00031 0.00031 0.00030 0.00030 0.00029 0.00029 0.00028 0.00028 0.00027 0.00027 0.00027 0.00026 0.00026 0.00025 0.00025 0.00025 0.00024 0.00024 0.00023 0.00023 0.00023 0.00022 0.00022 0.00022 0.00021 0.00021 0.00021 0.00020 0.00020 0.00020 0.00019 0.00019 0.00019 0.00019 0.00018 0.00018 0.00018 0.00017 0.00017 0.00017 0.00017 0.00016 0.00016 0.00016 0.00016 0.00015 0.00015 0.00015 0.00015 0.00015 0.00014 0.00014 0.00014 0.00014 0.00013 0.00013 0.00013 0.00013 0.00013 0.00012 0.00012 0.00012 0.00012 0.00012 0.00012 0.00011 0.00011 0.00011 0.00011 0.00011 0.00010 0.00010 0.00010 0.00010 0.00010 0.00010 0.00010 0.00009 0.00009 0.00009 0.00009 0.00009 0.00009 0.00009 0.00008 0.00008 0.00008 0.00008 0.00008 0.00008 0.00008 0.00008 0.00007 0.00007 0.00007 0.00007 0.00007 0.00007 0.00007 0.00007 0.00007 0.00007 0.00006 0.00006 0.00006 0.00006 0.00006 0.00006 0.00006 0.00006 0.00006 0.00006 0.00005 0.00005 0.00005 0.00005 0.00005 0.00005 0.00005 0.00005 0.00005 0.00005 0.00005 0.00005 0.00005 0.00004 0.00004 0.00004 0.00004 0.00004 0.00004 0.00004 0.00004 0.00004 0.00004 0.00004 0.00004 0.00004 0.00004 0.00004 0.00004 0.00004 0.00003 0.00003 0.00003 0.00003 0.00003 0.00003 0.00003 0.00003 0.00003 0.00003 0.00003 0.00003 0.00003 0.00003 0.00003 0.00003 0.00003 0.00003 0.00003 0.00003 0.00003 0.00002 0.00002 0.00002
axis 0 logf: 0.03686 0.03686 0.03686 0.03686 0.03686 0.03686 0.03686 0.03686 0.03686 0.03686 0.03686 0.03686 0.03686 0.03686 0.03686 0.03686 0.03686 0.03686 0.03686 0.03686 0.03686 0.03686 0.03686 0.03686 0.03686 0.03686 0.03686 0.03686 0.03686 0.03686 0.03686 0.03686 0.03686 0.03686 0.03686 0.03686 0.03686 0.03686 0.03686 0.03686 0.03686 0.03686 0.03686 0.03686 0.03686 0.03686 0.03686 0.03686 0.03686 0.03686 0.03686 0.03686 0.03686 0.03686 0.03686 0.03686 0.03686 0.03686 0.03686 0.03686 0.03686 0.03686 0.03686 0.03686 0.03686 0.03686 0.03686 0.03686 0.03686 0.03686 0.03686 0.03686 0.03686 0.03686 0.03686 0.03686 0.03686 0.03686 0.03686 0.03686 0.03686 0.03686 0.03686 0.03686 0.03686 0.03686 0.03686 0.03686 0.03686 0.03686 0.03686 0.03686 0.03686 0.03686 0.03686 0.03686 0.03686 0.03686 0.03686 0.03686 0.03686 0.03686 0.03686 0.03686 0.03686 0.03686 0.03686 0.03686 0.03686 0.03686 0.03686 0.03686 0.03686 0.03686 0.03686 0.03686 0.03686 0.03686 0.03686 0.03686 0.03686 0.03686 0.03686 0.03686 0.03686 0.03686 0.03686 0.03686 0.03686 0.03686 0.03686 0.03686 0.03686 0.03686 0.03686 0.03686 0.03686 0.03686 0.03686 0.03686 0.03686 0.03686 0.03686 0.03686 0.03686 0.03686 0.03686 0.03686 0.03686 0.03686 0.03686 0.03686 0.03686 0.03686 0.03686 0.03686 0.03686 0.03686 0.03686 0.03686 0.03686 0.03686 0.03686 0.03686 0.03686 0.03686 0.03686 0.03686 0.03686 0.03686 0.03686 0.03686 0.03686 0.03686 0.03686 0.03686 0.03686 0.03686 0.03686 0.03686 0.03686 0.03686 0.03686 0.03686 0.03686 0.03686 0.03686 0.03686 0.03686 0.03686 0.03686 0.03686 0.03686 0.03686 0.03686 0.03686 0.03686 0.03686 0.03686 0.03686 0.03686 0.03686 0.03686 0.03686 0.03686 0.03686 0.03686 0.03686 0.03686 0.03686 0.03686 0.03686 0.03686 0.03686 0.03686 0.03686 0.03686 0.03686 0.03686 0.03686 0.03686 0.03686 0.03686 0.03686 0.03686 0.03686 0.03686 0.03686 0.03686 0.03686 0.03686 0.03686 0.03686 0.03686 0.03686 0.03686 0.03686 0.03686 0.03686 0.03686 0.03686 0.03686 0.03686 0.03686 0.03686 0.03686 0.03686 0.03686 0.03686 0.03686 0.03686 0.03686 0.03686 0.03686 0.03686 0.03686 0.03686 0.03686 0.03686 0.03686 0.03686 0.03686 0.03686 0.03686 0.03686 0.03686 0.03686 0.03686 0.03686 0.03686 0.03686 0.03686 0.03686 0.03686 0.03686 0.03686 0.03686 0.03686 0.03686 0.03686 0.03686 0.03686 0.03686 0.03686 0.03686 0.03686 0.03686 0.03686 0.03686 0.03686 0.03686 0.03686 0.03686 0.03686 0.03686 0.03686 0.03686 0.03686 0.03686 0.03686 0.03686 0.03686 0.03686 0.03686 0.03686 0.03686 0.03686 0.03686 0.03686 0.03686 0.03686 0.03686 0.03686 0.03686 0.03686 0.03686 0.03686 0.03686 0.03686 0.03686 0.03686 0.03686 0.03686 0.03686 0.03686 0.03686 0.03686 0.03686 0.03686 0.03686 0.03686 0.03686 0.03686 0.03686 0.03686 0.03686 0.03686 0.03686 0.03686 0.03686 0.03686 0.03686 0.03686 0.03686 0.03686 0.03686 0.03686 0.03686 0.03686 0.03686 0.03686 0.03686 0.03686 0.03686 0.03686 0.03686 0.03686 0.03686 0.03686 0.03686 0.03686 0.03686 0.03686 0.03686 0.03686 0.03686 0.03686 0.03686 0.03686 0.03686 0.03686 0.03686 0.03686 0.03686 0.03686 0.03686 0.03686 0.03686 0.03686 0.03686 0.03686 0.03686 0.03686 0.03686 0.03686 0.03686 0.03686 0.03686 0.03686 0.03686 0.03686 0.03686 0.03686 0.03686 0.03686 0.03686 0.03686 0.03686 0.03686 0.03686 0.03686 0.03686 0.03686 0.03686 0.03686 0.03686 0.03686 0.03686 0.03686 0.03686 0.03686 0.03686 0.03686 0.03686 0.03686 0.03686 0.03686 0.03686 0.03686 0.03686 0.03686 0.03686 0.03686 0.03686 0.03686 0.03686 0.03686 0.03686 0.03686 0.03686 0.03686 0.03686 0.03686 0.03686 0.03686 0.03686 0.03686 0.03686 0.03686 0.03686 0.03686 0.03686 0.03686 0.03686 0.03686 0.03686 0.03686 0.03686 0.03686 0.03686 0.03686 0.03686 0.03686 0.03686 0.03686 0.03686 0.03686 0.03686 0.03686 0.03686 0.03686 0.03686 0.03686 0.03686 0.03686 0.03686 0.03686 0.03686 0.03686 0.03686 0.03686 0.03686 0.03686 0.03686 0.03686 0.03686 0.03686 0.03686 0.03686 0.03686 0.03686 0.03686 0.03686 0.03686 0.03686 0.03686 0.03686 0.03686 0.03686 0.03686 0.03686 0.03686 0.03686 0.03686 0.03686 0.03686 0.03686 0.03686 0.03686 0.03686
axis 1 spec: 0.00014 0.00014 0.00014 0.00014 0.00014 0.00014 0.00014 0.00014 0.00014 0.00014 0.00014 0.00014 0.00014 0.00014 0.00014 0.00014 0.00014 0.00014 0.00014 0.00014 0.00014 0.00014 0.00014 0.00014 0.00013 0.00013 0.00013 0.00013 0.00013 0.00013 0.00013 0.00013 0.00013 0.00013 0.00013 0.00013 0.00013 0.00013 0.00013 0.00013 0.00013 0.00013 0.00013 0.00013 0.00013 0.00013 0.00013 0.00013 0.00013 0.00013 0.00013 0.00013 0.00013 0.00013 0.00013 0.00013 0.00013 0.00013 0.00013 0.00013 0.00013 0.00013 0.00013 0.00013 0.00013 0.00013 0.00013 0.00013 0.00012 0.00012 0.00012 0.00012 0.00012 0.00012 0.00012 0.00012 0.00012 0.00012 0.00012 0.00012 0.00012 0.00012 0.00012 0.00012 0.00012 0.00012 0.00012 0.00012 0.00012 0.00012 0.00012 0.00012 0.00012 0.00012 0.00012 0.00012 0.00012 0.00012 0.00012 0.00012 0.00012 0.00012 0.00012 0.00012 0.00012 0.00012 0.00012 0.00012 0.00012 0.00012 0.00012 0.00012 0.00012 0.00012 0.00012 0.00011 0.00011 0.00011 0.00011 0.00011 0.00011 0.00011 0.00011 0.00011 0.00011 0.00011 0.00011 0.00011 0.00011 0.00011 0.00011 0.00011 0.00011 0.00011 0.00011 0.00011 0.00011 0.00011 0.00011 0.00011 0.00011 0.00011 0.00011 0.00011 0.00011 0.00011 0.00011 0.00011 0.00011 0.00011 0.00011 0.00011 0.00011 0.00011 0.00011 0.00011 0.00011 0.00011 0.00011 0.00011 0.00011 0.00011 0.00011 0.00011 0.00011 0.00011 0.00010 0.00010 0.00010 0.00010 0.00010 0.00010 0.00010 0.00010 0.00010 0.00010 0.00010 0.00010 0.00010 0.00010 0.00010 0.00010 0.00010 0.00010 0.00010 0.00010 0.00010 0.00010 0.00010 0.00010 0.00010 0.00010 0.00010 0.00010 0.00010 0.00010 0.00010 0.00010 0.00010 0.00010 0.00010 0.00010 0.00010 0.00010 0.00010 0.00010 0.00010 0.00010 0.00010 0.00010 0.00010 0.00010 0.00010 0.00010 0.00010 0.00010 0.00010 0.00010 0.00010 0.00010 0.00010 0.00010 0.00010 0.00010 0.00010 0.00009 0.00009 0.00009 0.00009 0.00009 0.00009 0.00009 0.00009 0.00009 0.00009 0.00009 0.00009 0.00009 0.00009 0.00009 0.00009 0.00009 0.00009 0.00009 0.00009 0.00009 0.00009 0.00009 0.00009 0.00009 0.00009 0.00009 0.00009 0.00009 0.00009 0.00009 0.00009 0.00009 0.00009 0.00009 0.00009 0.00009 0.00009 0.00009 0.00009 0.00009 0.00009 0.00009 0.00009 0.00009 0.00009 0.00009 0.00009 0.00009 0.00009 0.00009 0.00009 0.00009 0.00009 0.00009 0.00009 0.00009 0.00009 0.00009 0.00009 0.00009 0.00009 0.00009 0.00009 0.00009 0.00009 0.00009 0.00009 0.00009 0.00009 0.00009 0.00009 0.00009 0.00009 0.00009 0.00009 0.00008 0.00008 0.00008 0.00008 0.00008 0.00008 0.00008 0.00008 0.00008 0.00008 0.00008 0.00008 0.00008 0.00008 0.00008 0.00008 0.00008 0.00008 0.00008 0.00008 0.00008 0.00008 0.00008 0.00008 0.00008 0.00008 0.00008 0.00008 0.00008 0.00008 0.00008 0.00008 0.00008 0.00008 0.00008 0.00008 0.00008 0.00008 0.00008 0.00008 0.00008 0.00008 0.00008 0.00008 0.00008 0.00008 0.00008 0.00008 0.00008 0.00008 0.00008 0.00008 0.00008 0.00008 0.00008 0.00008 0.00008 0.00008 0.00008 0.00008 0.00008 0.00008 0.00008 0.00008 0.00008 0.00008 0.00008 0.00008 0.00008 0.00008 0.00008 0.00008 0.00008 0.00008 0.00008 0.00008 0.00008 0.00008 0.00008 0.00008 0.00008 0.00008 0.00008 0.00008 0.00008 0.00008 0.00008 0.00008 0.00008 0.00008 0.00008 0.00008 0.00008 0.00008 0.00008 0.00008 0.00008 0.00008 0.00008 0.00008 0.00008 0.00008 0.00008 0.00008 0.00008 0.00008 0.00008 0.00008 0.00008 0.00008 0.00008 0.00008 0.00008 0.00008 0.00008 0.00008 0.00008 0.00008 0.00008 0.00008 0.00008 0.00008 0.00008 0.00008 0.00008 0.00008 0.00008 0.00008 0.00008 0.00008 0.00008 0.00008 0.00008 0.00008 0.00008 0.00008 0.00008 0.00008 0.00008 0.00008 0.00008 0.00008 0.00008 0.00008 0.00008 0.00008 0.00008 0.00008 0.00008 0.00008 0.00008 0.00008 0.00008 0.00008 0.00008 0.00008 0.00008 0.00008 0.00008 0.00008 0.00008 0.00008 0.00008 0.00008 0.00008 0.00008 0.00008 0.00008 0.00008 0.00008 0.00008 0.00008 0.00008 0.00008 0.00008 0.00008 0.00008 0.00008 0.00008 0.00008 0.00009 0.00009 0.00009 0.00009 0.00009 0.00009 0.00009 0.00009 0.00009 0.00009 0.00009 0.00009 0.00009 0.00009 0.00009 0.00009 0.00009 0.00009 0.00009
axis 1 logf: 0.01137 0.01137 0.01137 0.01137 0.01137 0.01137 0.01137 0.01137 0.01137 0.01137 0.01137 0.01137 0.01137 0.01137 0.01137 0.01137 0.01137 0.01137 0.01137 0.01137 0.01137 0.01137 0.01137 0.01137 0.01137 0.01137 0.01137 0.01137 0.01137 0.01137 0.01137 0.01137 0.01137 0.01137 0.01137 0.01137 0.01137 0.01137 0.01137 0.01137 0.01137 0.01137 0.01137 0.01137 0.01137 0.01137 0.01137 0.01137 0.01137 0.01137 0.01137 0.01137 0.01137 0.01137 0.01137 0.01137 0.01137 0.01137 0.01137 0.01137 0.01137 0.01137 0.01137 0.01137 0.01137 0.01137 0.01137 0.01137 0.01137 0.01137 0.01137 0.01137 0.01137 0.01137 0.01137 0.01137 0.01137 0.01137 0.01137 0.01137 0.01137 0.01137 0.01137 0.01137 0.01137 0.01137 0.01137 0.01137 0.01137 0.01137 0.01137 0.01137 0.01137 0.01137 0.01137 0.01137 0.01137 0.01137 0.01137 0.01137 0.01137 0.01137 0.01137 0.01137 0.01137 0.01137 0.01137 0.01137 0.01137 0.01137 0.01137 0.01137 0.01137 0.01137 0.01137 0.01137 0.01137 0.01137 0.01137 0.01137 0.01137 0.01137 0.01137 0.01137 0.01137 0.01137 0.01137 0.01137 0.01137 0.01137 0.01137 0.01137 0.01137 0.01137 0.01137 0.01137 0.01137 0.01137 0.01137 0.01137 0.01137 0.01137 0.01137 0.01137 0.01137 0.01137 0.01137 0.01137 0.01137 0.01137 0.01137 0.01137 0.01137 0.01137 0.01137 0.01137 0.01137 0.01137 0.01137 0.01137 0.01137 0.01137 0.01137 0.01137 0.01137 0.01137 0.01137 0.01137 0.01137 0.01137 0.01137 0.01137 0.01137 0.01137 0.01137 0.01137 0.01137 0.01137 0.01137 0.01137 0.01137 0.01137 0.01137 0.01137 0.01137 0.01137 0.01137 0.01137 0.01137 0.01137 0.01137 0.01137 0.01137 0.01137 0.01137 0.01137 0.01137 0.01137 0.01137 0.01137 0.01137 0.01137 0.01137 0.01137 0.01137 0.01137 0.01137 0.01137 0.01137 0.01137 0.01137 0.01137 0.01137 0.01137 0.01137 0.01137 0.01137 0.01137 0.01137 0.01137 0.01137 0.01137 0.01137 0.01137 0.01137 0.01137 0.01137 0.01137 0.01137 0.01137 0.01137 0.01137 0.01137 0.01137 0.01137 0.01137 0.01137 0.01137 0.01137 0.01137 0.01137 0.01137 0.01137 0.01137 0.01137 0.01137 0.01137 0.01137 0.01137 0.01137 0.01137 0.01137 0.01137 0.01137 0.01137 0.01137 0.01137 0.01137 0.01137 0.01137 0.01137 0.01137 0.01137 0.01137 0.01137 0.01137 0.01137 0.01137 0.01137 0.01137 0.01137 0.01137 0.01137 0.01137 0.01137 0.01137 0.01137 0.01137 0.01137 0.01137 0.01137 0.01137 0.01137 0.01137 0.01137 0.01137 0.01137 0.01137 0.01137 0.01137 0.01137 0.01137 0.01137 0.01137 0.01137 0.01137 0.01137 0.01137 0.01137 0.01137 0.01137 0.01137 0.01137 0.01137 0.01137 0.01137 0.01137 0.01137 0.01137 0.01137 0.01137 0.01137 0.01137 0.01137 0.01137 0.01137 0.01137 0.01137 0.01137 0.01137 0.01137 0.01137 0.01137 0.01137 0.01137 0.01137 0.01137 0.01137 0.01137 0.01137 0.01137 0.01137 0.01137 0.01137 0.01137 0.01137 0.01137 0.01137 0.01137 0.01137 0.01137 0.01137 0.01137 0.01137 0.01137 0.01137 0.01137 0.01137 0.01137 0.01137 0.01137 0.01137 0.01137 0.01137 0.01137 0.01137 0.01137 0.01137 0.01137 0.01137 0.01137 0.01137 0.01137 0.01137 0.01137 0.01137 0.01137 0.01137 0.01137 0.01137 0.01137 0.01137 0.01137 0.01137 0.01137 0.01137 0.01137 0.01137 0.01137 0.01137 0.01137 0.01137 0.01137 0.01137 0.01137 0.01137 0.01137 0.01137 0.01137 0.01137 0.01137 0.01137 0.01137 0.01137 0.01137 0.01137 0.01137 0.01137 0.01137 0.01137 0.01137 0.01137 0.01137 0.01137 0.01137 0.01137 0.01137 0.01137 0.01137 0.01137 0.01137 0.01137 0.01137 0.01137 0.01137 0.01137 0.01137 0.01137 0.01137 0.01137 0.01137 0.01137 0.01137 0.01137 0.01137 0.01137 0.01137 0.01137 0.01137 0.01137 0.01137 0.01137 0.01137 0.01137 0.01137 0.01137 0.01137 0.01137 0.01137 0.01137 0.01137 0.01137 0.01137 0.01137 0.01137 0.01137 0.01137 0.01137 0.01137 0.01137 0.01137 0.01137 0.01137 0.01137 0.01137 0.01137 0.01137 0.01137 0.01137 0.01137 0.01137 0.01137 0.01137 0.01137 0.01137 0.01137 0.01137 0.01137 0.01137 0.01137 0.01137 0.01137 0.01137 0.01137 0.01137 0.01137 0.01137 0.01137 0.01137 0.01137 0.01137 0.01137 0.01137 0.01137 0.01137 0.01137 0.01137 0.01137 0.01137 0.01137 0.01137 0.01137 0.01137 0.01137 0.01137 0.01137 0.01137 0.01137 0.01137 0.01137
axis 2 spec: 0.00003 0.00003 0.00003 0.00003 0.00003 0.00003 0.00003 0.00003 0.00003 0.00003 0.00003 0.00003 0.00003 0.00003 0.00003 0.00003 0.00003 0.00003 0.00003 0.00003 0.00003 0.00003 0.00003 0.00003 0.00003 0.00003 0.00003 0.00003 0.00003 0.00003 0.00003 0.00003 0.00003 0.00003 0.00003 0.00003 0.00003 0.00003 0.00003 0.00003 0.00003 0.00003 0.00003 0.00003 0.00003 0.00003 0.00003 0.00003 0.00003 0.00003 0.00003 0.00003 0.00003 0.00003 0.00003 0.00003 0.00003 0.00003 0.00003 0.00003 0.00003 0.00003 0.00003 0.00003 0.00003 0.00003 0.00003 0.00003 0.00003 0.00003 0.00003 0.00003 0.00003 0.00003 0.00003 0.00003 0.00003 0.00003 0.00003 0.00003 0.00003 0.00003 0.00003 0.00003 0.00003 0.00003 0.00003 0.00003 0.00003 0.00003 0.00003 0.00003 0.00003 0.00003 0.00003 0.00003 0.00003 0.00003 0.00003 0.00003 0.00003 0.00003 0.00003 0.00003 0.00003 0.00003 0.00003 0.00003 0.00003 0.00003 0.00003 0.00003 0.00003 0.00003 0.00003 0.00003 0.00003 0.00003 0.00003 0.00003 0.00003 0.00003 0.00003 0.00003 0.00003 0.00003 0.00003 0.00003 0.00003 0.00003 0.00003 0.00003 0.00003 0.00003 0.00003 0.00003 0.00003 0.00003 0.00003 0.00003 0.00003 0.00003 0.00003 0.00003 0.00003 0.00003 0.00003 0.00003 0.00003 0.00003 0.00003 0.00003 0.00003 0.00003 0.00003 0.00003 0.00003 0.00003 0.00003 0.00003 0.00003 0.00003 0.00003 0.00003 0.00003 0.00003 0.00003 0.00003 0.00003 0.00003 0.00003 0.00003 0.00003 0.00003 0.00003 0.00003 0.00003 0.00003 0.00003 0.00003 0.00003 0.00003 0.00003 0.00003 0.00003 0.00004 0.00004 0.00004 0.00004 0.00004 0.00004 0.00004 0.00004 0.00004 0.00004 0.00004 0.00004 0.00004 0.00004 0.00004 0.00004 0.00004 0.00004 0.00004 0.00004 0.00004 0.00004 0.00004 0.00004 0.00004 0.00004 0.00004 0.00004 0.00004 0.00004 0.00004 0.00004 0.00004 0.00004 0.00004 0.00004 0.00004 0.00004 0.00004 0.00004 0.00004 0.00004 0.00004 0.00004 0.00004 0.00004 0.00004 0.00004 0.00004 0.00004 0.00004 0.00004 0.00004 0.00004 0.00004 0.00004 0.00004 0.00004 0.00004 0.00004 0.00004 0.00004 0.00004 0.00004 0.00004 0.00004 0.00004 0.00004 0.00004 0.00004 0.00004 0.00004 0.00004 0.00004 0.00004 0.00004 0.00004 0.00004 0.00004 0.00004 0.00004 0.00004 0.00004 0.00004 0.00004 0.00004 0.00004 0.00004 0.00004 0.00004 0.00004 0.00004 0.00004 0.00004 0.00004 0.00004 0.00005 0.00005 0.00005 0.00005 0.00005 0.00005 0.00005 0.00005 0.00005 0.00005 0.00005 0.00005 0.00005 0.00005 0.00005 0.00005 0.00005 0.00005 0.00005 0.00005 0.00005 0.00005 0.00005 0.00005 0.00005 0.00005 0.00005 0.00005 0.00005 0.00005 0.00005 0.00005 0.00005 0.00005 0.00005 0.00005 0.00005 0.00005 0.00005 0.00005 0.00005 0.00005 0.00005 0.00005 0.00005 0.00005 0.00005 0.00005 0.00005 0.00005 0.00005 0.00005 0.00005 0.00005 0.00005 0.00005 0.00005 0.00005 0.00005 0.00005 0.00005 0.00005 0.00005 0.00005 0.00005 0.00005 0.00005 0.00005 0.00005 0.00005 0.00006 0.00006 0.00006 0.00006 0.00006 0.00006 0.00006 0.00006 0.00006 0.00006 0.00006 0.00006 0.00006 0.00006 0.00006 0.00006 0.00006 0.00006 0.00006 0.00006 0.00006 0.00006 0.00006 0.00006 0.00006 0.00006 0.00006 0.00006 0.00006 0.00006 0.00006 0.00006 0.00006 0.00006 0.00006 0.00006 0.00006 0.00006 0.00006 0.00006 0.00006 0.00006 0.00006 0.00006 0.00006 0.00006 0.00006 0.00006 0.00006 0.00006 0.00006 0.00006 0.00006 0.00006 0.00006 0.00006 0.00006 0.00007 0.00007 0.00007 0.00007 0.00007 0.00007 0.00007 0.00007 0.00007 0.00007 0.00007 0.00007 0.00007 0.00007 0.00007 0.00007 0.00007 0.00007 0.00007 0.00007 0.00007 0.00007 0.00007 0.00007 0.00007 0.00007 0.00007 0.00007 0.00007 0.00007 0.00007 0.00007 0.00007 0.00007 0.00007 0.00007 0.00007 0.00007 0.00007 0.00007 0.00007 0.00007 0.00007 0.00007 0.00007 0.00007 0.00007 0.00007 0.00008 0.00008 0.00008 0.00008 0.00008 0.00008 0.00008 0.00008 0.00008 0.00008 0.00008 0.00008 0.00008 0.00008 0.00008 0.00008 0.00008 0.00008 0.00008 0.00008 0.00008 0.00008 0.00008 0.00008 0.00008 0.00008 0.00008 0.00008 0.00008 0.00008 0.00008 0.00008 0.00008 0.00008 0.00008 0.00008 0.00008 0.00008 0.00008 0.00008 0.00008 0.00008 0.00009 0.00009
axis 2 logf: 0.00265 0.00265 0.00265 0.00265 0.00265 0.00265 0.00265 0.00265 0.00265 0.00265 0.00265 0.00265 0.00265 0.00265 0.00265 0.00265 0.00265 0.00265 0.00265 0.00265 0.00265 0.00265 0.00265 0.00265 0.00265 0.00265 0.00265 0.00265 0.00265 0.00265 0.00265 0.00265 0.00265 0.00265 0.00265 0.00265 0.00265 0.00265 0.00265 0.00265 0.00265 0.00265 0.00265 0.00265 0.00265 0.00265 0.00265 0.00265 0.00265 0.00265 0.00265 0.00265 0.00265 0.00265 0.00265 0.00265 0.00265 0.00265 0.00265 0.00265 0.00265 0.00265 0.00265 0.00265 0.00265 0.00265 0.00265 0.00265 0.00265 0.00265 0.00265 0.00265 0.00265 0.00265 0.00265 0.00265 0.00265 0.00265 0.00265 0.00265 0.00265 0.00265 0.00265 0.00265 0.00265 0.00265 0.00265 0.00265 0.00265 0.00265 0.00265 0.00265 0.00265 0.00265 0.00265 0.00265 0.00265 0.00265 0.00265 0.00265 0.00265 0.00265 0.00265 0.00265 0.00265 0.00265 0.00265 0.00265 0.00265 0.00265 0.00265 0.00265 0.00265 0.00265 0.00265 0.00265 0.00265 0.00265 0.00265 0.00265 0.00265 0.00265 0.00265 0.00265 0.00265 0.00265 0.00265 0.00265 0.00265 0.00265 0.00265 0.00265 0.00265 0.00265 0.00265 0.00265 0.00265 0.00265 0.00265 0.00265 0.00265 0.00265 0.00265 0.00265 0.00265 0.00265 0.00265 0.00265 0.00265 0.00265 0.00265 0.00265 0.00265 0.00265 0.00265 0.00265 0.00265 0.00265 0.00265 0.00265 0.00265 0.00265 0.00265 0.00265 0.00265 0.00265 0.00265 0.00265 0.00265 0.00265 0.00265 0.00265 0.00265 0.00265 0.00265 0.00265 0.00265 0.00265 0.00265 0.00265 0.00265 0.00265 0.00265 0.00265 0.00265 0.00265 0.00265 0.00265 0.00265 0.00265 0.00265 0.00265 0.00265 0.00265 0.00265 0.00265 0.00265 0.00265 0.00265 0.00265 0.00265 0.00265 0.00265 0.00265 0.00265 0.00265 0.00265 0.00265 0.00265 0.00265 0.00265 0.00265 0.00265 0.00265 0.00265 0.00265 0.00265 0.00265 0.00265 0.00265 0.00265 0.00265 0.00265 0.00265 0.00265 0.00265 0.00265 0.00265 0.00265 0.00265 0.00265 0.00265 0.00265 0.00265 0.00265 0.00265 0.00265 0.00265 0.00265 0.00265 0.00265 0.00265 0.00265 0.00265 0.00265 0.00265 0.00265 0.00265 0.00265 0.00265 0.00265 0.00265 0.00265 0.00265 0.00265 0.00265 0.00265 0.00265 0.00265 0.00265 0.00265 0.00265 0.00265 0.00265 0.00265 0.00265 0.00265 0.00265 0.00265 0.00265 0.00265 0.00265 0.00265 0.00265 0.00265 0.00265 0.00265 0.00265 0.00265 0.00265 0.00265 0.00265 0.00265 0.00265 0.00265 0.00265 0.00265 0.00265 0.00265 0.00265 0.00265 0.00265 0.00265 0.00265 0.00265 0.00265 0.00265 0.00265 0.00265 0.00265 0.00265 0.00265 0.00265 0.00265 0.00265 0.00265 0.00265 0.00265 0.00265 0.00265 0.00265 0.00265 0.00265 0.00265 0.00265 0.00265 0.00265 0.00265 0.00265 0.00265 0.00265 0.00265 0.00265 0.00265 0.00265 0.00265 0.00265 0.00265 0.00265 0.00265 0.00265 0.00265 0.00265 0.00265 0.00265 0.00265 0.00265 0.00265 0.00265 0.00265 0.00265 0.00265 0.00265 0.00265 0.00265 0.00265 0.00265 0.00265 0.00265 0.00265 0.00265 0.00265 0.00265 0.00265 0.00265 0.00265 0.00265 0.00265 0.00265 0.00265 0.00265 0.00265 0.00265 0.00265 0.00265 0.00265 0.00265 0.00265 0.00265 0.00265 0.00265 0.00265 0.00265 0.00265 0.00265 0.00265 0.00265 0.00265 0.00265 0.00265 0.00265 0.00265 0.00265 0.00265 0.00265 0.00265 0.00265 0.00265 0.00265 0.00265 0.00265 0.00265 0.00265 0.00265 0.00265 0.00265 0.00265 0.00265 0.00265 0.00265 0.00265 0.00265 0.00265 0.00265 0.00265 0.00265 0.00265 0.00265 0.00265 0.00265 0.00265 0.00265 0.00265 0.00265 0.00265 0.00265 0.00265 0.00265 0.00265 0.00265 0.00265 0.00265 0.00265 0.00265 0.00265 0.00265 0.00265 0.00265 0.00265 0.00265 0.00265 0.00265 0.00265 0.00265 0.00265 0.00265 0.00265 0.00265 0.00265 0.00265 0.00265 0.00265 0.00265 0.00265 0.00265 0.00265 0.00265 0.00265 0.00265 0.00265 0.00265 0.00265 0.00265 0.00265 0.00265 0.00265 0.00265 0.00265 0.00265 0.00265 0.00265 0.00265 0.00265 0.00265 0.00265 0.00265 0.00265 0.00265 0.00265 0.00265 0.00265 0.00265 0.00265 0.00265 0.00265 0.00265 0.00265 0.00265 0.00265 0.00265 0.00265 0.00265 0.00265 0.00265 0.00265 0.00265 0.00265 0.00265 0.00265 0.00265 0.00265 0.00265 0.00265 0.00265 0.00265 0.00265 0.00265 0.00265 0.00265 0.00265
axis 3 spec: 0.00009 0.00009 0.00009 0.00009 0.00009 0.00009 0.00009 0.00009 0.00009 0.00009 0.00009 0.00009 0.00009 0.00009 0.00009 0.00009 0.00010 0.00010 0.00010 0.00010 0.00010 0.00010 0.00010 0.00010 0.00010 0.00010 0.00010 0.00010 0.00010 0.00010 0.00010 0.00011 0.00011 0.00011 0.00011 0.00011 0.00011 0.00011 0.00011 0.00011 0.00011 0.00011 0.00011 0.00011 0.00012 0.00012 0.00012 0.00012 0.00012 0.00012 0.00012 0.00012 0.00012 0.00012 0.00012 0.00013 0.00013 0.00013 0.00013 0.00013 0.00013 0.00013 0.00013 0.00013 0.00013 0.00014 0.00014 0.00014 0.00014 0.00014 0.00014 0.00014 0.00014 0.00014 0.00015 0.00015 0.00015 0.00015 0.00015 0.00015 0.00015 0.00015 0.00015 0.00016 0.00016 0.00016 0.00016 0.00016 0.00016 0.00016 0.00016 0.00017 0.00017 0.00017 0.00017 0.00017 0.00017 0.00017 0.00018 0.00018 0.00018 0.00018 0.00018 0.00018 0.00018 0.00019 0.00019 0.00019 0.00019 0.00019 0.00019 0.00019 0.00020 0.00020 0.00020 0.00020 0.00020 0.00020 0.00021 0.00021 0.00021 0.00021 0.00021 0.00021 0.00022 0.00022 0.00022 0.00022 0.00022 0.00022 0.00023 0.00023 0.00023 0.00023 0.00023 0.00024 0.00024 0.00024 0.00024 0.00024 0.00025 0.00025 0.00025 0.00025 0.00025 0.00026 0.00026 0.00026 0.00026 0.00026 0.00027 0.00027 0.00027 0.00027 0.00027 0.00028 0.00028 0.00028 0.00028 0.00029 0.00029 0.00029 0.00029 0.00029 0.00030 0.00030 0.00030 0.00030 0.00031 0.00031 0.00031 0.00031 0.00032 0.00032 0.00032 0.00032 0.00033 0.00033 0.00033 0.00033 0.00034 0.00034 0.00034 0.00035 0.00035 0.00035 0.00035 0.00036 0.00036 0.00036 0.00037 0.00037 0.00037 0.00037 0.00038 0.00038 0.00038 0.00039 0.00039 0.00039 0.00040 0.00040 0.00040 0.00041 0.00041 0.00041 0.00042 0.00042 0.00042 0.00043 0.00043 0.00043 0.00044 0.00044 0.00044 0.00045 0.00045 0.00045 0.00046 0.00046 0.00046 0.00047 0.00047 0.00048 0.00048 0.00048 0.00049 0.00049 0.00050 0.00050 0.00050 0.00051 0.00051 0.00052 0.00052 0.00052 0.00053 0.00053 0.00054 0.00054 0.00055 0.00055 0.00055 0.00056 0.00056 0.00057 0.00057 0.00058 0.00058 0.00059 0.00059 0.00060 0.00060 0.00060 0.00061 0.00061 0.00062 0.00062 0.00063 0.00063 0.00064 0.00064 0.00065 0.00066 0.00066 0.00067 0.00067 0.00068 0.00068 0.00069 0.00069 0.00070 0.00070 0.00071 0.00072 0.00072 0.00073 0.00073 0.00074 0.00074 0.00075 0.00076 0.00076 0.00077 0.00077 0.00078 0.00079 0.00079 0.00080 0.00081 0.00081 0.00082 0.00082 0.00083 0.00084 0.00084 0.00085 0.00086 0.00086 0.00087 0.00088 0.00089 0.00089 0.00090 0.00091 0.00091 0.00092 0.00093 0.00094 0.00094 0.00095 0.00096 0.00097 0.00097 0.00098 0.00099 0.00100 0.00100 0.00101 0.00102 0.00103 0.00104 0.00104 0.00105 0.00106 0.00107 0.00108 0.00109 0.00109 0.00110 0.00111 0.00112 0.00113 0.00114 0.00115 0.00116 0.00116 0.00117 0.00118 0.00119 0.00120 0.00121 0.00122 0.00123 0.00124 0.00125 0.00126 0.00127 0.00128 0.00129 0.00130 0.00131 0.00132 0.00133 0.00134 0.00135 0.00136 0.00137 0.00138 0.00139 0.00140 0.00141 0.00142 0.00143 0.00144 0.00145 0.00146 0.00148 0.00149 0.00150 0.00151 0.00152 0.00153 0.00154 0.00156 0.00157 0.00158 0.00159 0.00160 0.00161 0.00163 0.00164 0.00165 0.00166 0.00168 0.00169 0.00170 0.00171 0.00173 0.00174 0.00175 0.00176 0.00178 0.00179 0.00180 0.00182 0.00183 0.00184 0.00186 0.00187 0.00188 0.00190 0.00191 0.00192 0.00194 0.00195 0.00196 0.00198 0.00199 0.00201 0.00202 0.00203 0.00205 0.00206 0.00208 0.00209 0.00211 0.00212 0.00214 0.00215 0.00217 0.00218 0.00220 0.00221 0.00223 0.00224 0.00226 0.00227 0.00229 0.00230 0.00232 0.00233 0.00235 0.00236 0.00238 0.00239 0.00241 0.00243 0.00244 0.00246 0.00247 0.00249 0.00251 0.00252 0.00254 0.00255 0.00257 0.00259 0.00260 0.00262 0.00263 0.00265 0.00267 0.00268 0.00270 0.00272 0.00273 0.00275 0.00277 0.00278 0.00280 0.00281 0.00283 0.00285 0.00286 0.00288 0.00290 0.00291 0.00293 0.00295 0.00296 0.00298 0.00300 0.00301 0.00303 0.00304 0.00306 0.00308 0.00309 0.00311 0.00313 0.00314 0.00316 0.00317 0.00319 0.00321 0.00322 0.00324 0.00325 0.00327 0.00329 0.00330 0.00332 0.00333 0.00335 0.00336 0.00338 0.00339 0.00341 0.00342
axis 3 logf: 0.00027 0.00027 0.00027 0.00027 0.00027 0.00027 0.00027 0.00027 0.00027 0.00027 0.00027 0.00027 0.00027 0.00027 0.00027 0.00027 0.00027 0.00027 0.00027 0.00027 0.00027 0.00027 0.00027 0.00027 0.00027 0.00027 0.00027 0.00027 0.00027 0.00027 0.00027 0.00027 0.00027 0.00027 0.00027 0.00027 0.00027 0.00027 0.00027 0.00027 0.00027 0.00027 0.00027 0.00027 0.00027 0.00027 0.00027 0.00027 0.00027 0.00027 0.00027 0.00027 0.00027 0.00027 0.00027 0.00027 0.00027 0.00027 0.00027 0.00027 0.00027 0.00027 0.00027 0.00027 0.00027 0.00027 0.00027 0.00027 0.00027 0.00027 0.00027 0.00027 0.00027 0.00027 0.00027 0.00027 0.00027 0.00027 0.00027 0.00027 0.00027 0.00027 0.00027 0.00027 0.00027 0.00027 0.00027 0.00027 0.00027 0.00027 0.00027 0.00027 0.00027 0.00027 0.00027 0.00027 0.00027 0.00027 0.00027 0.00027 0.00027 0.00027 0.00027 0.00027 0.00027 0.00027 0.00027 0.00027 0.00027 0.00027 0.00027 0.00027 0.00027 0.00027 0.00027 0.00027 0.00027 0.00027 0.00027 0.00027 0.00027 0.00027 0.00027 0.00027 0.00027 0.00027 0.00027 0.00027 0.00027 0.00027 0.00027 0.00027 0.00027 0.00027 0.00027 0.00027 0.00027 0.00027 0.00027 0.00027 0.00027 0.00027 0.00027 0.00027 0.00027 0.00027 0.00027 0.00027 0.00027 0.00027 0.00027 0.00027 0.00027 0.00027 0.00027 0.00027 0.00027 0.00027 0.00027 0.00027 0.00027 0.00027 0.00027 0.00027 0.00027 0.00027 0.00027 0.00027 0.00027 0.00027 0.00027 0.00027 0.00027 0.00027 0.00027 0.00027 0.00027 0.00027 0.00027 0.00027 0.00027 0.00027 0.00027 0.00027 0.00027 0.00027 0.00027 0.00027 0.00027 0.00027 0.00027 0.00027 0.00027 0.00027 0.00027 0.00027 0.00027 0.00027 0.00027 0.00027 0.00027 0.00027 0.00027 0.00027 0.00027 0.00027 0.00027 0.00027 0.00027 0.00027 0.00027 0.00027 0.00027 0.00027 0.00027 0.00027 0.00027 0.00027 0.00027 0.00027 0.00027 0.00027 0.00027 0.00027 0.00027 0.00027 0.00027 0.00027 0.00027 0.00027 0.00027 0.00027 0.00027 0.00027 0.00027 0.00027 0.00027 0.00027 0.00027 0.00027 0.00027 0.00027 0.00027 0.00027 0.00027 0.00027 0.00027 0.00027 0.00027 0.00027 0.00027 0.00027 0.00027 0.00027 0.00027 0.00027 0.00027 0.00027 0.00027 0.00027 0.00027 0.00027 0.00027 0.00027 0.00027 0.00027 0.00027 0.00027 0.00027 0.00027 0.00027 0.00027 0.00027 0.00027 0.00027 0.00027 0.00027 0.00027 0.00027 0.00027 0.00027 0.00027 0.00027 0.00027 0.00027 0.00027 0.00027 0.00027 0.00027 0.00027 0.00027 0.00027 0.00027 0.00027 0.00027 0.00027 0.00027 0.00027 0.00027 0.00027 0.00027 0.00027 0.00027 0.00027 0.00027 0.00027 0.00027 0.00027 0.00027 0.00027 0.00027 0.00027 0.00027 0.00027 0.00027 0.00027 0.00027 0.00027 0.00027 0.00027 0.00027 0.00027 0.00027 0.00027 0.00027 0.00027 0.00027 0.00027 0.00027 0.00027 0.00027 0.00027 0.00027 0.00027 0.00027 0.00027 0.00027 0.00027 0.00027 0.00027 0.00027 0.00027 0.00027 0.00027 0.00027 0.00027 0.00027 0.00027 0.00027 0.00027 0.00027 0.00027 0.00027 0.00027 0.00027 0.00027 0.00027 0.00027 0.00027 0.00027 0.00027 0.00027 0.00027 0.00027 0.00027 0.00027 0.00027 0.00027 0.00027 0.00027 0.00027 0.00027 0.00027 0.00027 0.00027 0.00027 0.00027 0.00027 0.00027 0.00027 0.00027 0.00027 0.00027 0.00027 0.00027 0.00027 0.00027 0.00027 0.00027 0.00027 0.00027 0.00027 0.00027 0.00027 0.00027 0.00027 0.00027 0.00027 0.00027 0.00027 0.00027 0.00027 0.00027 0.00027 0.00027 0.00027 0.00027 0.00027 0.00027 0.00027 0.00027 0.00027 0.00027 0.00027 0.00027 0.00027 0.00027 0.00027 0.00027 0.00027 0.00027 0.00027 0.00027 0.00027 0.00027 0.00027 0.00027 0.00027 0.00027 0.00027 0.00027 0.00027 0.00027 0.00027 0.00027 0.00027 0.00027 0.00027 0.00027 0.00027 0.00027 0.00027 0.00027 0.00027 0.00027 0.00027 0.00027 0.00027 0.00027 0.00027 0.00027 0.00027 0.00027 0.00027 0.00027 0.00027 0.00027 0.00027 0.00027 0.00027 0.00027 0.00027 0.00027 0.00027 0.00027 0.00027 0.00027 0.00027 0.00027 0.00027 0.00027 0.00027 0.00027 0.00027 0.00027 0.00027 0.00027 0.00027 0.00027 0.00027 0.00027 0.00027 0.00027 0.00027 0.00027 0.00027 0.00027 0.00027 0.00027 0.00027 0.00027 0.00027 0.00027 0.00027 0.00027 0.00027 0.00027 0.00027 0.00027 0.00027
