grade — full space, K=4, extent 2.20; 6 bands/octave over 40..20000 Hz, kernel 0.0833 oct, strike 0 listen 0, 1/omega, damping 5.0/s at 0.200 s

pitch normalised: the lowest audible mode of every point is moved to 440 Hz before banding

variety per unit of travel: mean 4.063, 5th pct 0.405, 95th pct 8.523
spread: 21.06x   (FM 1.83x, Saw 2.03x, Shapes 8.47x in Kyklophoria's table; 1.0 is isotropic)
twins: 0.0% of random pairs within 0.05
axes:  axis 0 9.597  axis 1 0.549  axis 2 0.194  axis 3 0.721
modes skipped as unrenderable (non-positive or above the top band): 0.00 per evaluation over 41604 evaluations

continuity (cont_check): largest step at step/500 and step/2000, ratio ~4 smooth, ~1 cliff
  axis    spec/500   spec/2000   ratio      logf/500   logf/2000   ratio
  0        0.02467     0.00617    4.00       0.00872     0.00218    4.00
  1        0.00176     0.00044    4.00       0.00191     0.00048    4.00
  2        0.00048     0.00022    2.21       0.00114     0.00029    4.00
  3        0.00179     0.00050    3.56       0.00126     0.00032    4.00

where the frequencies move fastest along each axis (log-frequency step per 1/500 of travel, in tenths of the axis):
  axis 0: 0.0087 0.0087 0.0087 0.0087 0.0087 0.0087 0.0087 0.0087 0.0087 0.0087   peak 0.0087
  axis 1: 0.0019 0.0019 0.0019 0.0019 0.0019 0.0019 0.0019 0.0019 0.0019 0.0019   peak 0.0019
  axis 2: 0.0011 0.0011 0.0011 0.0011 0.0011 0.0011 0.0011 0.0011 0.0011 0.0011   peak 0.0011
  axis 3: 0.0013 0.0013 0.0013 0.0013 0.0013 0.0013 0.0013 0.0013 0.0013 0.0013   peak 0.0013

veering map — second difference of each aligned slot's log frequency along each sweep, in cents.
a smooth trajectory is under 100; a slot that trades places with its neighbour is hundreds.
listed: every (family, parameter, slot) over 300 cents, and each family's worst.
  bar: (0.927, slot 2: 1133) (0.927, slot 4: 1136)
    2 over 300 cents; worst 1136 cents at parameter 0.927, slot 4
  plate: (1.182, slot 0: 2812) (1.182, slot 1: 598) (1.182, slot 4: 1388) (1.182, slot 5: 1050) (1.182, slot 6: 1406) (1.182, slot 7: 1528) (1.182, slot 9: 1014) (1.182, slot 11: 1956) (1.182, slot 15: 1027) (1.182, slot 16: 2013) (1.182, slot 18: 2636) (1.182, slot 19: 579) (1.182, slot 20: 4300) (1.182, slot 21: 1115) (1.182, slot 23: 1815) (1.182, slot 24: 1362) (1.182, slot 26: 3187) (1.364, slot 1: 328) (1.364, slot 6: 1564) (1.364, slot 9: 1986) (1.364, slot 12: 563) (1.364, slot 15: 949) (1.364, slot 17: 329) (1.364, slot 21: 1705) (1.364, slot 23: 1316) (1.364, slot 24: 1131) (1.546, slot 1: 618) (1.546, slot 9: 1727) (1.546, slot 21: 744) (1.727, slot 1: 347) (1.727, slot 18: 446) (1.909, slot 1: 765) (1.909, slot 9: 1464) (1.909, slot 12: 1483) (1.909, slot 18: 867) (2.091, slot 9: 1479) (2.091, slot 12: 1399) (2.091, slot 18: 332) (2.273, slot 12: 1145) (2.273, slot 20: 1766) (2.454, slot 12: 1143) (2.454, slot 20: 1756)
    42 over 300 cents; worst 4300 cents at parameter 1.182, slot 20
  bell: (0.218, slot 35: 448) (0.436, slot 32: 727) (0.545, slot 32: 643) (0.545, slot 36: 309) (0.655, slot 22: 781) (0.655, slot 33: 756) (0.764, slot 22: 759) (0.764, slot 30: 347) (0.764, slot 33: 782) (1.091, slot 29: 661)
    10 over 300 cents; worst 782 cents at parameter 0.764, slot 33

profiles: per axis, 500 steps, spectrum step then log-frequency step
axis 0 spec: 0.02122 0.02159 0.02192 0.02222 0.02247 0.02267 0.02283 0.02293 0.02298 0.02298 0.02293 0.02283 0.02267 0.02247 0.02222 0.02193 0.02159 0.02122 0.02082 0.02039 0.01993 0.01945 0.01896 0.01845 0.01794 0.01742 0.01689 0.01638 0.01586 0.01536 0.01487 0.01439 0.01393 0.01349 0.01308 0.01269 0.01233 0.01200 0.01171 0.01145 0.01123 0.01105 0.01091 0.01082 0.01076 0.01076 0.01080 0.01088 0.01101 0.01119 0.01141 0.01167 0.01197 0.01231 0.01268 0.01308 0.01352 0.01399 0.01448 0.01499 0.01552 0.01607 0.01663 0.01721 0.01779 0.01837 0.01895 0.01953 0.02010 0.02065 0.02118 0.02169 0.02217 0.02261 0.02302 0.02338 0.02369 0.02396 0.02418 0.02432 0.02442 0.02445 0.02443 0.02435 0.02421 0.02401 0.02376 0.02346 0.02311 0.02272 0.02229 0.02182 0.02133 0.02081 0.02027 0.01972 0.01916 0.01860 0.01803 0.01746 0.01691 0.01636 0.01583 0.01531 0.01481 0.01434 0.01389 0.01347 0.01309 0.01273 0.01242 0.01214 0.01190 0.01171 0.01155 0.01145 0.01140 0.01140 0.01142 0.01151 0.01164 0.01182 0.01204 0.01231 0.01261 0.01296 0.01334 0.01375 0.01419 0.01466 0.01516 0.01568 0.01621 0.01677 0.01733 0.01790 0.01848 0.01905 0.01962 0.02019 0.02074 0.02127 0.02178 0.02226 0.02271 0.02313 0.02350 0.02383 0.02410 0.02433 0.02450 0.02462 0.02467 0.02467 0.02461 0.02450 0.02433 0.02411 0.02383 0.02351 0.02315 0.02275 0.02233 0.02186 0.02138 0.02087 0.02036 0.01983 0.01930 0.01877 0.01824 0.01772 0.01721 0.01670 0.01623 0.01577 0.01534 0.01493 0.01455 0.01420 0.01388 0.01360 0.01335 0.01314 0.01300 0.01285 0.01276 0.01271 0.01271 0.01274 0.01283 0.01293 0.01309 0.01328 0.01351 0.01377 0.01407 0.01439 0.01475 0.01512 0.01552 0.01595 0.01639 0.01684 0.01731 0.01779 0.01827 0.01875 0.01924 0.01972 0.02019 0.02066 0.02110 0.02153 0.02194 0.02231 0.02266 0.02298 0.02326 0.02350 0.02370 0.02385 0.02396 0.02403 0.02405 0.02402 0.02395 0.02383 0.02367 0.02347 0.02323 0.02299 0.02265 0.02232 0.02197 0.02159 0.02119 0.02078 0.02036 0.01994 0.01952 0.01909 0.01867 0.01826 0.01786 0.01747 0.01710 0.01675 0.01642 0.01612 0.01584 0.01558 0.01537 0.01516 0.01500 0.01487 0.01477 0.01470 0.01467 0.01467 0.01470 0.01476 0.01486 0.01499 0.01515 0.01533 0.01554 0.01577 0.01603 0.01631 0.01661 0.01693 0.01726 0.01760 0.01796 0.01832 0.01869 0.01905 0.01942 0.01979 0.02015 0.02050 0.02083 0.02116 0.02146 0.02175 0.02201 0.02224 0.02245 0.02263 0.02278 0.02290 0.02298 0.02303 0.02304 0.02302 0.02297 0.02288 0.02276 0.02265 0.02243 0.02223 0.02200 0.02175 0.02148 0.02120 0.02090 0.02059 0.02028 0.01996 0.01964 0.01932 0.01900 0.01869 0.01840 0.01811 0.01783 0.01758 0.01734 0.01712 0.01692 0.01674 0.01659 0.01646 0.01638 0.01627 0.01622 0.01619 0.01619 0.01621 0.01626 0.01634 0.01643 0.01655 0.01669 0.01685 0.01702 0.01721 0.01742 0.01764 0.01787 0.01811 0.01835 0.01860 0.01885 0.01910 0.01935 0.01959 0.01983 0.02006 0.02029 0.02049 0.02068 0.02085 0.02101 0.02114 0.02126 0.02136 0.02143 0.02147 0.02150 0.02150 0.02148 0.02143 0.02137 0.02128 0.02117 0.02109 0.02091 0.02075 0.02058 0.02039 0.02020 0.02001 0.01980 0.01960 0.01939 0.01919 0.01899 0.01879 0.01861 0.01843 0.01826 0.01811 0.01797 0.01785 0.01774 0.01766 0.01759 0.01753 0.01750 0.01749 0.01749 0.01751 0.01755 0.01764 0.01768 0.01777 0.01787 0.01799 0.01812 0.01825 0.01840 0.01855 0.01870 0.01886 0.01902 0.01918 0.01935 0.01949 0.01964 0.01978 0.01990 0.02002 0.02012 0.02021 0.02029 0.02035 0.02039 0.02042 0.02043 0.02042 0.02040 0.02035 0.02029 0.02021 0.02012 0.02001 0.01989 0.01975 0.01961 0.01945 0.01929 0.01912 0.01895 0.01877 0.01865 0.01843 0.01826 0.01809 0.01794 0.01780 0.01766 0.01754 0.01743 0.01734 0.01727 0.01722 0.01718 0.01717 0.01717 0.01720 0.01724 0.01731 0.01739 0.01750 0.01762 0.01775 0.01791 0.01807 0.01825 0.01844 0.01863 0.01883 0.01904 0.01924 0.01945 0.01968 0.01984 0.02002 0.02019 0.02035 0.02050 0.02063 0.02074 0.02083 0.02089 0.02094 0.02095 0.02095 0.02092 0.02086 0.02078 0.02068 0.02055 0.02040 0.02023 0.02004 0.01983 0.01960 0.01936 0.01911 0.01884 0.01857 0.01830 0.01802 0.01774 0.01746 0.01718 0.01691
axis 0 logf: 0.00872 0.00872 0.00872 0.00872 0.00872 0.00872 0.00872 0.00872 0.00872 0.00872 0.00872 0.00872 0.00872 0.00872 0.00872 0.00872 0.00872 0.00872 0.00872 0.00872 0.00872 0.00872 0.00872 0.00872 0.00872 0.00872 0.00872 0.00872 0.00872 0.00872 0.00872 0.00872 0.00872 0.00872 0.00872 0.00872 0.00872 0.00872 0.00872 0.00872 0.00872 0.00872 0.00872 0.00872 0.00872 0.00872 0.00872 0.00872 0.00872 0.00872 0.00872 0.00872 0.00872 0.00872 0.00872 0.00872 0.00872 0.00872 0.00872 0.00872 0.00872 0.00872 0.00872 0.00872 0.00872 0.00872 0.00872 0.00872 0.00872 0.00872 0.00872 0.00872 0.00872 0.00872 0.00872 0.00872 0.00872 0.00872 0.00872 0.00872 0.00872 0.00872 0.00872 0.00872 0.00872 0.00872 0.00872 0.00872 0.00872 0.00872 0.00872 0.00872 0.00872 0.00872 0.00872 0.00872 0.00872 0.00872 0.00872 0.00872 0.00872 0.00872 0.00872 0.00872 0.00872 0.00872 0.00872 0.00872 0.00872 0.00872 0.00872 0.00872 0.00872 0.00872 0.00872 0.00872 0.00872 0.00872 0.00872 0.00872 0.00872 0.00872 0.00872 0.00872 0.00872 0.00872 0.00872 0.00872 0.00872 0.00872 0.00872 0.00872 0.00872 0.00872 0.00872 0.00872 0.00872 0.00872 0.00872 0.00872 0.00872 0.00872 0.00872 0.00872 0.00872 0.00872 0.00872 0.00872 0.00872 0.00872 0.00872 0.00872 0.00872 0.00872 0.00872 0.00872 0.00872 0.00872 0.00872 0.00872 0.00872 0.00872 0.00872 0.00872 0.00872 0.00872 0.00872 0.00872 0.00872 0.00872 0.00872 0.00872 0.00872 0.00872 0.00872 0.00872 0.00872 0.00872 0.00872 0.00872 0.00872 0.00872 0.00872 0.00872 0.00872 0.00872 0.00872 0.00872 0.00872 0.00872 0.00872 0.00872 0.00872 0.00872 0.00872 0.00872 0.00872 0.00872 0.00872 0.00872 0.00872 0.00872 0.00872 0.00872 0.00872 0.00872 0.00872 0.00872 0.00872 0.00872 0.00872 0.00872 0.00872 0.00872 0.00872 0.00872 0.00872 0.00872 0.00872 0.00872 0.00872 0.00872 0.00872 0.00872 0.00872 0.00872 0.00872 0.00872 0.00872 0.00872 0.00872 0.00872 0.00872 0.00872 0.00872 0.00872 0.00872 0.00872 0.00872 0.00872 0.00872 0.00872 0.00872 0.00872 0.00872 0.00872 0.00872 0.00872 0.00872 0.00872 0.00872 0.00872 0.00872 0.00872 0.00872 0.00872 0.00872 0.00872 0.00872 0.00872 0.00872 0.00872 0.00872 0.00872 0.00872 0.00872 0.00872 0.00872 0.00872 0.00872 0.00872 0.00872 0.00872 0.00872 0.00872 0.00872 0.00872 0.00872 0.00872 0.00872 0.00872 0.00872 0.00872 0.00872 0.00872 0.00872 0.00872 0.00872 0.00872 0.00872 0.00872 0.00872 0.00872 0.00872 0.00872 0.00872 0.00872 0.00872 0.00872 0.00872 0.00872 0.00872 0.00872 0.00872 0.00872 0.00872 0.00872 0.00872 0.00872 0.00872 0.00872 0.00872 0.00872 0.00872 0.00872 0.00872 0.00872 0.00872 0.00872 0.00872 0.00872 0.00872 0.00872 0.00872 0.00872 0.00872 0.00872 0.00872 0.00872 0.00872 0.00872 0.00872 0.00872 0.00872 0.00872 0.00872 0.00872 0.00872 0.00872 0.00872 0.00872 0.00872 0.00872 0.00872 0.00872 0.00872 0.00872 0.00872 0.00872 0.00872 0.00872 0.00872 0.00872 0.00872 0.00872 0.00872 0.00872 0.00872 0.00872 0.00872 0.00872 0.00872 0.00872 0.00872 0.00872 0.00872 0.00872 0.00872 0.00872 0.00872 0.00872 0.00872 0.00872 0.00872 0.00872 0.00872 0.00872 0.00872 0.00872 0.00872 0.00872 0.00872 0.00872 0.00872 0.00872 0.00872 0.00872 0.00872 0.00872 0.00872 0.00872 0.00872 0.00872 0.00872 0.00872 0.00872 0.00872 0.00872 0.00872 0.00872 0.00872 0.00872 0.00872 0.00872 0.00872 0.00872 0.00872 0.00872 0.00872 0.00872 0.00872 0.00872 0.00872 0.00872 0.00872 0.00872 0.00872 0.00872 0.00872 0.00872 0.00872 0.00872 0.00872 0.00872 0.00872 0.00872 0.00872 0.00872 0.00872 0.00872 0.00872 0.00872 0.00872 0.00872 0.00872 0.00872 0.00872 0.00872 0.00872 0.00872 0.00872 0.00872 0.00872 0.00872 0.00872 0.00872 0.00872 0.00872 0.00872 0.00872 0.00872 0.00872 0.00872 0.00872 0.00872 0.00872 0.00872 0.00872 0.00872 0.00872 0.00872 0.00872 0.00872 0.00872 0.00872 0.00872 0.00872 0.00872 0.00872 0.00872 0.00872 0.00872 0.00872 0.00872 0.00872 0.00872 0.00872 0.00872 0.00872 0.00872 0.00872 0.00872 0.00872 0.00872 0.00872 0.00872 0.00872 0.00872 0.00872 0.00872 0.00872 0.00872 0.00872 0.00872 0.00872 0.00872 0.00872 0.00872 0.00872 0.00872
axis 1 spec: 0.00176 0.00176 0.00175 0.00175 0.00175 0.00174 0.00174 0.00174 0.00173 0.00173 0.00173 0.00172 0.00172 0.00172 0.00172 0.00171 0.00171 0.00170 0.00170 0.00170 0.00169 0.00169 0.00169 0.00168 0.00168 0.00168 0.00167 0.00167 0.00167 0.00166 0.00166 0.00166 0.00165 0.00165 0.00165 0.00164 0.00164 0.00163 0.00163 0.00163 0.00162 0.00162 0.00162 0.00161 0.00161 0.00161 0.00160 0.00160 0.00159 0.00159 0.00159 0.00158 0.00158 0.00158 0.00157 0.00157 0.00157 0.00156 0.00157 0.00155 0.00155 0.00155 0.00154 0.00154 0.00154 0.00153 0.00153 0.00153 0.00152 0.00152 0.00151 0.00151 0.00151 0.00150 0.00150 0.00150 0.00149 0.00149 0.00149 0.00148 0.00148 0.00148 0.00147 0.00147 0.00146 0.00146 0.00146 0.00145 0.00145 0.00145 0.00144 0.00144 0.00144 0.00143 0.00143 0.00143 0.00142 0.00142 0.00142 0.00141 0.00141 0.00141 0.00140 0.00140 0.00140 0.00139 0.00139 0.00138 0.00138 0.00138 0.00137 0.00137 0.00137 0.00136 0.00136 0.00136 0.00135 0.00135 0.00135 0.00134 0.00134 0.00134 0.00133 0.00133 0.00133 0.00132 0.00132 0.00132 0.00131 0.00131 0.00131 0.00130 0.00130 0.00130 0.00129 0.00129 0.00129 0.00128 0.00128 0.00128 0.00127 0.00127 0.00127 0.00126 0.00126 0.00126 0.00125 0.00125 0.00125 0.00124 0.00124 0.00124 0.00124 0.00123 0.00123 0.00123 0.00122 0.00122 0.00122 0.00121 0.00121 0.00121 0.00120 0.00120 0.00120 0.00119 0.00119 0.00119 0.00119 0.00118 0.00118 0.00118 0.00117 0.00117 0.00117 0.00117 0.00116 0.00116 0.00116 0.00115 0.00115 0.00115 0.00115 0.00114 0.00114 0.00114 0.00113 0.00113 0.00113 0.00113 0.00112 0.00112 0.00112 0.00111 0.00111 0.00111 0.00111 0.00110 0.00110 0.00110 0.00110 0.00109 0.00109 0.00109 0.00109 0.00108 0.00108 0.00108 0.00108 0.00107 0.00107 0.00107 0.00107 0.00106 0.00106 0.00106 0.00106 0.00105 0.00105 0.00105 0.00105 0.00105 0.00104 0.00104 0.00104 0.00104 0.00103 0.00103 0.00103 0.00103 0.00103 0.00102 0.00102 0.00102 0.00102 0.00101 0.00101 0.00101 0.00101 0.00101 0.00100 0.00100 0.00100 0.00100 0.00100 0.00099 0.00099 0.00099 0.00099 0.00099 0.00098 0.00098 0.00098 0.00098 0.00098 0.00097 0.00097 0.00097 0.00097 0.00097 0.00096 0.00096 0.00096 0.00096 0.00096 0.00095 0.00095 0.00095 0.00095 0.00095 0.00095 0.00094 0.00094 0.00094 0.00094 0.00094 0.00093 0.00093 0.00093 0.00093 0.00093 0.00093 0.00092 0.00092 0.00092 0.00092 0.00092 0.00092 0.00091 0.00091 0.00091 0.00091 0.00091 0.00091 0.00090 0.00090 0.00090 0.00090 0.00090 0.00090 0.00089 0.00089 0.00089 0.00089 0.00089 0.00089 0.00088 0.00088 0.00088 0.00088 0.00088 0.00088 0.00087 0.00087 0.00087 0.00087 0.00087 0.00087 0.00086 0.00086 0.00086 0.00086 0.00086 0.00086 0.00085 0.00085 0.00085 0.00085 0.00085 0.00085 0.00085 0.00084 0.00084 0.00084 0.00084 0.00084 0.00084 0.00083 0.00083 0.00083 0.00083 0.00083 0.00083 0.00082 0.00082 0.00082 0.00082 0.00082 0.00082 0.00082 0.00081 0.00081 0.00081 0.00081 0.00081 0.00081 0.00080 0.00080 0.00080 0.00080 0.00080 0.00080 0.00080 0.00079 0.00079 0.00079 0.00079 0.00079 0.00079 0.00078 0.00078 0.00078 0.00078 0.00078 0.00078 0.00078 0.00077 0.00077 0.00077 0.00077 0.00077 0.00077 0.00076 0.00077 0.00076 0.00076 0.00076 0.00076 0.00076 0.00075 0.00075 0.00075 0.00075 0.00075 0.00075 0.00074 0.00074 0.00074 0.00074 0.00074 0.00074 0.00074 0.00073 0.00073 0.00073 0.00073 0.00073 0.00073 0.00073 0.00072 0.00072 0.00072 0.00072 0.00072 0.00072 0.00072 0.00071 0.00071 0.00071 0.00071 0.00071 0.00071 0.00071 0.00070 0.00070 0.00070 0.00070 0.00070 0.00070 0.00070 0.00070 0.00069 0.00069 0.00069 0.00069 0.00069 0.00069 0.00071 0.00069 0.00068 0.00068 0.00068 0.00068 0.00068 0.00068 0.00068 0.00068 0.00067 0.00067 0.00067 0.00067 0.00067 0.00067 0.00067 0.00067 0.00067 0.00066 0.00066 0.00066 0.00066 0.00066 0.00066 0.00066 0.00066 0.00066 0.00066 0.00065 0.00065 0.00065 0.00065 0.00065 0.00065 0.00065 0.00065 0.00065 0.00065 0.00065 0.00064 0.00064 0.00074 0.00064 0.00064 0.00064 0.00064 0.00064 0.00064 0.00064 0.00064 0.00064 0.00064 0.00064 0.00063 0.00063 0.00063 0.00063 0.00063 0.00063 0.00063 0.00063 0.00063
axis 1 logf: 0.00191 0.00191 0.00191 0.00191 0.00191 0.00191 0.00191 0.00191 0.00191 0.00191 0.00191 0.00191 0.00191 0.00191 0.00191 0.00191 0.00191 0.00191 0.00191 0.00191 0.00191 0.00191 0.00191 0.00191 0.00191 0.00191 0.00191 0.00191 0.00191 0.00191 0.00191 0.00191 0.00191 0.00191 0.00191 0.00191 0.00191 0.00191 0.00191 0.00191 0.00191 0.00191 0.00191 0.00191 0.00191 0.00191 0.00191 0.00191 0.00191 0.00191 0.00191 0.00191 0.00191 0.00191 0.00191 0.00191 0.00191 0.00191 0.00191 0.00191 0.00191 0.00191 0.00191 0.00191 0.00191 0.00191 0.00191 0.00191 0.00191 0.00191 0.00191 0.00191 0.00191 0.00191 0.00191 0.00191 0.00191 0.00191 0.00191 0.00191 0.00191 0.00191 0.00191 0.00191 0.00191 0.00191 0.00191 0.00191 0.00191 0.00191 0.00191 0.00191 0.00191 0.00191 0.00191 0.00191 0.00191 0.00191 0.00191 0.00191 0.00191 0.00191 0.00191 0.00191 0.00191 0.00191 0.00191 0.00191 0.00191 0.00191 0.00191 0.00191 0.00191 0.00191 0.00191 0.00191 0.00191 0.00191 0.00191 0.00191 0.00191 0.00191 0.00191 0.00191 0.00191 0.00191 0.00191 0.00191 0.00191 0.00191 0.00191 0.00191 0.00191 0.00191 0.00191 0.00191 0.00191 0.00191 0.00191 0.00191 0.00191 0.00191 0.00191 0.00191 0.00191 0.00191 0.00191 0.00191 0.00191 0.00191 0.00191 0.00191 0.00191 0.00191 0.00191 0.00191 0.00191 0.00191 0.00191 0.00191 0.00191 0.00191 0.00191 0.00191 0.00191 0.00191 0.00191 0.00191 0.00191 0.00191 0.00191 0.00191 0.00191 0.00191 0.00191 0.00191 0.00191 0.00191 0.00191 0.00191 0.00191 0.00191 0.00191 0.00191 0.00191 0.00191 0.00191 0.00191 0.00191 0.00191 0.00191 0.00191 0.00191 0.00191 0.00191 0.00191 0.00191 0.00191 0.00191 0.00191 0.00191 0.00191 0.00191 0.00191 0.00191 0.00191 0.00191 0.00191 0.00191 0.00191 0.00191 0.00191 0.00191 0.00191 0.00191 0.00191 0.00191 0.00191 0.00191 0.00191 0.00191 0.00191 0.00191 0.00191 0.00191 0.00191 0.00191 0.00191 0.00191 0.00191 0.00191 0.00191 0.00191 0.00191 0.00191 0.00191 0.00191 0.00191 0.00191 0.00191 0.00191 0.00191 0.00191 0.00191 0.00191 0.00191 0.00191 0.00191 0.00191 0.00191 0.00191 0.00191 0.00191 0.00191 0.00191 0.00191 0.00191 0.00191 0.00191 0.00191 0.00191 0.00191 0.00191 0.00191 0.00191 0.00191 0.00191 0.00191 0.00191 0.00191 0.00191 0.00191 0.00191 0.00191 0.00191 0.00191 0.00191 0.00191 0.00191 0.00191 0.00191 0.00191 0.00191 0.00191 0.00191 0.00191 0.00191 0.00191 0.00191 0.00191 0.00191 0.00191 0.00191 0.00191 0.00191 0.00191 0.00191 0.00191 0.00191 0.00191 0.00191 0.00191 0.00191 0.00191 0.00191 0.00191 0.00191 0.00191 0.00191 0.00191 0.00191 0.00191 0.00191 0.00191 0.00191 0.00191 0.00191 0.00191 0.00191 0.00191 0.00191 0.00191 0.00191 0.00191 0.00191 0.00191 0.00191 0.00191 0.00191 0.00191 0.00191 0.00191 0.00191 0.00191 0.00191 0.00191 0.00191 0.00191 0.00191 0.00191 0.00191 0.00191 0.00191 0.00191 0.00191 0.00191 0.00191 0.00191 0.00191 0.00191 0.00191 0.00191 0.00191 0.00191 0.00191 0.00191 0.00191 0.00191 0.00191 0.00191 0.00191 0.00191 0.00191 0.00191 0.00191 0.00191 0.00191 0.00191 0.00191 0.00191 0.00191 0.00191 0.00191 0.00191 0.00191 0.00191 0.00191 0.00191 0.00191 0.00191 0.00191 0.00191 0.00191 0.00191 0.00191 0.00191 0.00191 0.00191 0.00191 0.00191 0.00191 0.00191 0.00191 0.00191 0.00191 0.00191 0.00191 0.00191 0.00191 0.00191 0.00191 0.00191 0.00191 0.00191 0.00191 0.00191 0.00191 0.00191 0.00191 0.00191 0.00191 0.00191 0.00191 0.00191 0.00191 0.00191 0.00191 0.00191 0.00191 0.00191 0.00191 0.00191 0.00191 0.00191 0.00191 0.00191 0.00191 0.00191 0.00191 0.00191 0.00191 0.00191 0.00191 0.00191 0.00191 0.00191 0.00191 0.00191 0.00191 0.00191 0.00191 0.00191 0.00191 0.00191 0.00191 0.00191 0.00191 0.00191 0.00191 0.00191 0.00191 0.00191 0.00191 0.00191 0.00191 0.00191 0.00191 0.00191 0.00191 0.00191 0.00191 0.00191 0.00191 0.00191 0.00191 0.00191 0.00191 0.00191 0.00191 0.00191 0.00191 0.00191 0.00191 0.00191 0.00191 0.00191 0.00191 0.00191 0.00191 0.00191 0.00191 0.00191 0.00191 0.00191 0.00191 0.00191 0.00191 0.00191 0.00191 0.00191 0.00191 0.00191 0.00191 0.00191 0.00191 0.00191 0.00191 0.00191 0.00191 0.00191
axis 2 spec: 0.00039 0.00039 0.00039 0.00039 0.00039 0.00039 0.00039 0.00039 0.00039 0.00039 0.00039 0.00039 0.00039 0.00039 0.00039 0.00039 0.00039 0.00039 0.00039 0.00039 0.00039 0.00039 0.00038 0.00038 0.00038 0.00038 0.00038 0.00038 0.00038 0.00038 0.00038 0.00038 0.00038 0.00038 0.00038 0.00038 0.00038 0.00038 0.00038 0.00038 0.00038 0.00038 0.00038 0.00038 0.00038 0.00038 0.00038 0.00038 0.00038 0.00038 0.00038 0.00038 0.00038 0.00038 0.00038 0.00038 0.00038 0.00038 0.00038 0.00038 0.00037 0.00037 0.00037 0.00037 0.00037 0.00037 0.00037 0.00037 0.00037 0.00037 0.00037 0.00037 0.00037 0.00037 0.00037 0.00037 0.00037 0.00037 0.00037 0.00037 0.00037 0.00037 0.00037 0.00037 0.00037 0.00037 0.00037 0.00037 0.00037 0.00037 0.00037 0.00037 0.00037 0.00037 0.00037 0.00037 0.00037 0.00037 0.00037 0.00037 0.00036 0.00036 0.00036 0.00036 0.00036 0.00036 0.00036 0.00036 0.00036 0.00036 0.00036 0.00036 0.00036 0.00036 0.00036 0.00036 0.00036 0.00036 0.00036 0.00036 0.00036 0.00036 0.00036 0.00036 0.00036 0.00036 0.00036 0.00036 0.00036 0.00036 0.00036 0.00036 0.00036 0.00036 0.00036 0.00036 0.00036 0.00036 0.00036 0.00036 0.00036 0.00036 0.00036 0.00036 0.00040 0.00035 0.00035 0.00035 0.00035 0.00035 0.00035 0.00035 0.00035 0.00035 0.00035 0.00035 0.00035 0.00035 0.00035 0.00035 0.00035 0.00035 0.00035 0.00035 0.00035 0.00035 0.00035 0.00035 0.00035 0.00035 0.00035 0.00035 0.00035 0.00035 0.00035 0.00035 0.00035 0.00037 0.00035 0.00035 0.00035 0.00035 0.00035 0.00035 0.00035 0.00035 0.00035 0.00035 0.00035 0.00035 0.00035 0.00035 0.00035 0.00035 0.00035 0.00035 0.00035 0.00035 0.00035 0.00035 0.00035 0.00035 0.00035 0.00035 0.00035 0.00035 0.00035 0.00035 0.00035 0.00035 0.00035 0.00035 0.00034 0.00034 0.00034 0.00034 0.00034 0.00034 0.00034 0.00034 0.00034 0.00034 0.00034 0.00034 0.00034 0.00034 0.00034 0.00034 0.00034 0.00034 0.00034 0.00034 0.00034 0.00034 0.00034 0.00034 0.00034 0.00034 0.00034 0.00034 0.00034 0.00034 0.00034 0.00034 0.00034 0.00034 0.00034 0.00034 0.00034 0.00034 0.00034 0.00034 0.00034 0.00034 0.00034 0.00034 0.00034 0.00034 0.00034 0.00034 0.00034 0.00034 0.00034 0.00034 0.00034 0.00034 0.00035 0.00035 0.00035 0.00035 0.00035 0.00035 0.00035 0.00035 0.00035 0.00035 0.00035 0.00035 0.00035 0.00035 0.00035 0.00035 0.00035 0.00035 0.00035 0.00035 0.00035 0.00035 0.00035 0.00035 0.00035 0.00035 0.00035 0.00035 0.00035 0.00035 0.00035 0.00035 0.00035 0.00035 0.00035 0.00035 0.00035 0.00035 0.00035 0.00035 0.00035 0.00035 0.00035 0.00035 0.00035 0.00035 0.00035 0.00035 0.00035 0.00035 0.00035 0.00036 0.00036 0.00036 0.00036 0.00036 0.00036 0.00036 0.00036 0.00036 0.00036 0.00036 0.00036 0.00036 0.00036 0.00036 0.00036 0.00036 0.00036 0.00036 0.00036 0.00036 0.00036 0.00036 0.00036 0.00036 0.00036 0.00036 0.00037 0.00037 0.00037 0.00037 0.00037 0.00037 0.00037 0.00037 0.00037 0.00037 0.00037 0.00037 0.00037 0.00037 0.00037 0.00037 0.00037 0.00037 0.00037 0.00037 0.00037 0.00038 0.00038 0.00038 0.00038 0.00038 0.00038 0.00038 0.00038 0.00038 0.00038 0.00038 0.00038 0.00038 0.00038 0.00038 0.00038 0.00038 0.00039 0.00039 0.00039 0.00039 0.00039 0.00039 0.00039 0.00039 0.00039 0.00039 0.00039 0.00039 0.00039 0.00039 0.00039 0.00039 0.00040 0.00040 0.00040 0.00040 0.00040 0.00040 0.00040 0.00040 0.00040 0.00040 0.00040 0.00040 0.00040 0.00040 0.00041 0.00041 0.00041 0.00041 0.00041 0.00041 0.00041 0.00041 0.00041 0.00041 0.00041 0.00041 0.00041 0.00041 0.00042 0.00042 0.00042 0.00042 0.00042 0.00042 0.00042 0.00042 0.00042 0.00042 0.00042 0.00042 0.00043 0.00043 0.00043 0.00043 0.00043 0.00043 0.00043 0.00043 0.00043 0.00043 0.00043 0.00043 0.00044 0.00044 0.00044 0.00044 0.00044 0.00044 0.00044 0.00044 0.00044 0.00044 0.00044 0.00045 0.00045 0.00045 0.00045 0.00045 0.00045 0.00045 0.00045 0.00045 0.00045 0.00045 0.00045 0.00046 0.00046 0.00046 0.00046 0.00046 0.00046 0.00046 0.00046 0.00046 0.00046 0.00046 0.00047 0.00047 0.00047 0.00047 0.00047 0.00047 0.00047 0.00047 0.00047 0.00047 0.00048 0.00048 0.00048 0.00048 0.00048 0.00048
axis 2 logf: 0.00114 0.00114 0.00114 0.00114 0.00114 0.00114 0.00114 0.00114 0.00114 0.00114 0.00114 0.00114 0.00114 0.00114 0.00114 0.00114 0.00114 0.00114 0.00114 0.00114 0.00114 0.00114 0.00114 0.00114 0.00114 0.00114 0.00114 0.00114 0.00114 0.00114 0.00114 0.00114 0.00114 0.00114 0.00114 0.00114 0.00114 0.00114 0.00114 0.00114 0.00114 0.00114 0.00114 0.00114 0.00114 0.00114 0.00114 0.00114 0.00114 0.00114 0.00114 0.00114 0.00114 0.00114 0.00114 0.00114 0.00114 0.00114 0.00114 0.00114 0.00114 0.00114 0.00114 0.00114 0.00114 0.00114 0.00114 0.00114 0.00114 0.00114 0.00114 0.00114 0.00114 0.00114 0.00114 0.00114 0.00114 0.00114 0.00114 0.00114 0.00114 0.00114 0.00114 0.00114 0.00114 0.00114 0.00114 0.00114 0.00114 0.00114 0.00114 0.00114 0.00114 0.00114 0.00114 0.00114 0.00114 0.00114 0.00114 0.00114 0.00114 0.00114 0.00114 0.00114 0.00114 0.00114 0.00114 0.00114 0.00114 0.00114 0.00114 0.00114 0.00114 0.00114 0.00114 0.00114 0.00114 0.00114 0.00114 0.00114 0.00114 0.00114 0.00114 0.00114 0.00114 0.00114 0.00114 0.00114 0.00114 0.00114 0.00114 0.00114 0.00114 0.00114 0.00114 0.00114 0.00114 0.00114 0.00114 0.00114 0.00114 0.00114 0.00114 0.00114 0.00114 0.00114 0.00114 0.00114 0.00114 0.00114 0.00114 0.00114 0.00114 0.00114 0.00114 0.00114 0.00114 0.00114 0.00114 0.00114 0.00114 0.00114 0.00114 0.00114 0.00114 0.00114 0.00114 0.00114 0.00114 0.00114 0.00114 0.00114 0.00114 0.00114 0.00114 0.00114 0.00114 0.00114 0.00114 0.00114 0.00114 0.00114 0.00114 0.00114 0.00114 0.00114 0.00114 0.00114 0.00114 0.00114 0.00114 0.00114 0.00114 0.00114 0.00114 0.00114 0.00114 0.00114 0.00114 0.00114 0.00114 0.00114 0.00114 0.00114 0.00114 0.00114 0.00114 0.00114 0.00114 0.00114 0.00114 0.00114 0.00114 0.00114 0.00114 0.00114 0.00114 0.00114 0.00114 0.00114 0.00114 0.00114 0.00114 0.00114 0.00114 0.00114 0.00114 0.00114 0.00114 0.00114 0.00114 0.00114 0.00114 0.00114 0.00114 0.00114 0.00114 0.00114 0.00114 0.00114 0.00114 0.00114 0.00114 0.00114 0.00114 0.00114 0.00114 0.00114 0.00114 0.00114 0.00114 0.00114 0.00114 0.00114 0.00114 0.00114 0.00114 0.00114 0.00114 0.00114 0.00114 0.00114 0.00114 0.00114 0.00114 0.00114 0.00114 0.00114 0.00114 0.00114 0.00114 0.00114 0.00114 0.00114 0.00114 0.00114 0.00114 0.00114 0.00114 0.00114 0.00114 0.00114 0.00114 0.00114 0.00114 0.00114 0.00114 0.00114 0.00114 0.00114 0.00114 0.00114 0.00114 0.00114 0.00114 0.00114 0.00114 0.00114 0.00114 0.00114 0.00114 0.00114 0.00114 0.00114 0.00114 0.00114 0.00114 0.00114 0.00114 0.00114 0.00114 0.00114 0.00114 0.00114 0.00114 0.00114 0.00114 0.00114 0.00114 0.00114 0.00114 0.00114 0.00114 0.00114 0.00114 0.00114 0.00114 0.00114 0.00114 0.00114 0.00114 0.00114 0.00114 0.00114 0.00114 0.00114 0.00114 0.00114 0.00114 0.00114 0.00114 0.00114 0.00114 0.00114 0.00114 0.00114 0.00114 0.00114 0.00114 0.00114 0.00114 0.00114 0.00114 0.00114 0.00114 0.00114 0.00114 0.00114 0.00114 0.00114 0.00114 0.00114 0.00114 0.00114 0.00114 0.00114 0.00114 0.00114 0.00114 0.00114 0.00114 0.00114 0.00114 0.00114 0.00114 0.00114 0.00114 0.00114 0.00114 0.00114 0.00114 0.00114 0.00114 0.00114 0.00114 0.00114 0.00114 0.00114 0.00114 0.00114 0.00114 0.00114 0.00114 0.00114 0.00114 0.00114 0.00114 0.00114 0.00114 0.00114 0.00114 0.00114 0.00114 0.00114 0.00114 0.00114 0.00114 0.00114 0.00114 0.00114 0.00114 0.00114 0.00114 0.00114 0.00114 0.00114 0.00114 0.00114 0.00114 0.00114 0.00114 0.00114 0.00114 0.00114 0.00114 0.00114 0.00114 0.00114 0.00114 0.00114 0.00114 0.00114 0.00114 0.00114 0.00114 0.00114 0.00114 0.00114 0.00114 0.00114 0.00114 0.00114 0.00114 0.00114 0.00114 0.00114 0.00114 0.00114 0.00114 0.00114 0.00114 0.00114 0.00114 0.00114 0.00114 0.00114 0.00114 0.00114 0.00114 0.00114 0.00114 0.00114 0.00114 0.00114 0.00114 0.00114 0.00114 0.00114 0.00114 0.00114 0.00114 0.00114 0.00114 0.00114 0.00114 0.00114 0.00114 0.00114 0.00114 0.00114 0.00114 0.00114 0.00114 0.00114 0.00114 0.00114 0.00114 0.00114 0.00114 0.00114 0.00114 0.00114 0.00114 0.00114 0.00114 0.00114 0.00114 0.00114 0.00114 0.00114
axis 3 spec: 0.00179 0.00179 0.00179 0.00179 0.00178 0.00178 0.00178 0.00178 0.00178 0.00178 0.00177 0.00177 0.00177 0.00177 0.00177 0.00176 0.00176 0.00176 0.00176 0.00176 0.00175 0.00175 0.00175 0.00175 0.00175 0.00174 0.00174 0.00174 0.00174 0.00174 0.00173 0.00173 0.00173 0.00176 0.00173 0.00172 0.00172 0.00172 0.00172 0.00172 0.00171 0.00171 0.00171 0.00171 0.00171 0.00170 0.00170 0.00170 0.00170 0.00169 0.00169 0.00169 0.00169 0.00169 0.00168 0.00168 0.00168 0.00168 0.00167 0.00167 0.00167 0.00167 0.00167 0.00166 0.00166 0.00166 0.00166 0.00165 0.00165 0.00165 0.00165 0.00165 0.00164 0.00164 0.00164 0.00164 0.00163 0.00163 0.00163 0.00163 0.00162 0.00162 0.00162 0.00162 0.00162 0.00161 0.00161 0.00161 0.00161 0.00160 0.00160 0.00160 0.00160 0.00159 0.00159 0.00159 0.00159 0.00159 0.00158 0.00158 0.00158 0.00158 0.00157 0.00157 0.00157 0.00157 0.00157 0.00156 0.00156 0.00156 0.00156 0.00155 0.00155 0.00155 0.00155 0.00154 0.00154 0.00154 0.00154 0.00154 0.00153 0.00153 0.00153 0.00153 0.00152 0.00152 0.00152 0.00152 0.00152 0.00151 0.00151 0.00151 0.00151 0.00150 0.00150 0.00150 0.00150 0.00150 0.00149 0.00149 0.00149 0.00149 0.00148 0.00148 0.00148 0.00148 0.00148 0.00147 0.00147 0.00147 0.00147 0.00147 0.00146 0.00146 0.00146 0.00146 0.00145 0.00145 0.00145 0.00145 0.00145 0.00144 0.00144 0.00144 0.00144 0.00144 0.00143 0.00143 0.00143 0.00143 0.00143 0.00142 0.00142 0.00142 0.00142 0.00142 0.00141 0.00141 0.00141 0.00141 0.00141 0.00140 0.00140 0.00140 0.00140 0.00140 0.00140 0.00139 0.00139 0.00139 0.00139 0.00139 0.00138 0.00138 0.00138 0.00138 0.00138 0.00138 0.00137 0.00137 0.00137 0.00137 0.00137 0.00136 0.00136 0.00136 0.00136 0.00136 0.00136 0.00135 0.00135 0.00135 0.00135 0.00135 0.00135 0.00135 0.00134 0.00134 0.00134 0.00134 0.00134 0.00134 0.00133 0.00133 0.00133 0.00133 0.00133 0.00133 0.00133 0.00132 0.00132 0.00132 0.00132 0.00132 0.00132 0.00132 0.00131 0.00131 0.00131 0.00131 0.00131 0.00131 0.00131 0.00130 0.00130 0.00130 0.00130 0.00130 0.00130 0.00130 0.00130 0.00129 0.00129 0.00129 0.00129 0.00129 0.00129 0.00129 0.00129 0.00128 0.00128 0.00128 0.00128 0.00128 0.00128 0.00128 0.00128 0.00128 0.00127 0.00127 0.00127 0.00127 0.00127 0.00127 0.00127 0.00127 0.00127 0.00127 0.00126 0.00126 0.00126 0.00126 0.00128 0.00126 0.00126 0.00126 0.00126 0.00126 0.00126 0.00126 0.00125 0.00125 0.00125 0.00125 0.00125 0.00125 0.00125 0.00125 0.00125 0.00125 0.00125 0.00125 0.00126 0.00124 0.00124 0.00124 0.00124 0.00124 0.00124 0.00124 0.00124 0.00124 0.00124 0.00124 0.00124 0.00124 0.00124 0.00124 0.00124 0.00124 0.00124 0.00123 0.00123 0.00123 0.00123 0.00123 0.00123 0.00123 0.00123 0.00123 0.00123 0.00123 0.00123 0.00123 0.00123 0.00123 0.00123 0.00123 0.00123 0.00123 0.00123 0.00123 0.00123 0.00123 0.00123 0.00123 0.00123 0.00123 0.00123 0.00123 0.00123 0.00123 0.00123 0.00123 0.00123 0.00123 0.00123 0.00123 0.00123 0.00123 0.00123 0.00123 0.00123 0.00123 0.00123 0.00123 0.00123 0.00123 0.00123 0.00123 0.00123 0.00123 0.00123 0.00123 0.00123 0.00123 0.00123 0.00123 0.00123 0.00123 0.00123 0.00123 0.00123 0.00123 0.00123 0.00123 0.00123 0.00123 0.00123 0.00123 0.00123 0.00123 0.00123 0.00123 0.00123 0.00123 0.00123 0.00123 0.00123 0.00123 0.00123 0.00123 0.00123 0.00124 0.00124 0.00124 0.00124 0.00124 0.00124 0.00124 0.00124 0.00124 0.00124 0.00124 0.00124 0.00124 0.00124 0.00124 0.00124 0.00124 0.00125 0.00125 0.00125 0.00125 0.00125 0.00125 0.00125 0.00125 0.00125 0.00125 0.00125 0.00125 0.00126 0.00126 0.00126 0.00126 0.00126 0.00126 0.00126 0.00132 0.00126 0.00126 0.00126 0.00126 0.00127 0.00127 0.00127 0.00127 0.00127 0.00127 0.00127 0.00127 0.00127 0.00127 0.00128 0.00128 0.00128 0.00128 0.00128 0.00128 0.00128 0.00128 0.00128 0.00129 0.00129 0.00129 0.00129 0.00129 0.00129 0.00129 0.00129 0.00130 0.00130 0.00130 0.00130 0.00130 0.00130 0.00130 0.00131 0.00131 0.00131 0.00131 0.00131 0.00131 0.00131 0.00132 0.00132 0.00132 0.00132 0.00132 0.00132 0.00133 0.00133 0.00133 0.00133 0.00133 0.00133 0.00133 0.00134 0.00134
axis 3 logf: 0.00126 0.00126 0.00126 0.00126 0.00126 0.00126 0.00126 0.00126 0.00126 0.00126 0.00126 0.00126 0.00126 0.00126 0.00126 0.00126 0.00126 0.00126 0.00126 0.00126 0.00126 0.00126 0.00126 0.00126 0.00126 0.00126 0.00126 0.00126 0.00126 0.00126 0.00126 0.00126 0.00126 0.00126 0.00126 0.00126 0.00126 0.00126 0.00126 0.00126 0.00126 0.00126 0.00126 0.00126 0.00126 0.00126 0.00126 0.00126 0.00126 0.00126 0.00126 0.00126 0.00126 0.00126 0.00126 0.00126 0.00126 0.00126 0.00126 0.00126 0.00126 0.00126 0.00126 0.00126 0.00126 0.00126 0.00126 0.00126 0.00126 0.00126 0.00126 0.00126 0.00126 0.00126 0.00126 0.00126 0.00126 0.00126 0.00126 0.00126 0.00126 0.00126 0.00126 0.00126 0.00126 0.00126 0.00126 0.00126 0.00126 0.00126 0.00126 0.00126 0.00126 0.00126 0.00126 0.00126 0.00126 0.00126 0.00126 0.00126 0.00126 0.00126 0.00126 0.00126 0.00126 0.00126 0.00126 0.00126 0.00126 0.00126 0.00126 0.00126 0.00126 0.00126 0.00126 0.00126 0.00126 0.00126 0.00126 0.00126 0.00126 0.00126 0.00126 0.00126 0.00126 0.00126 0.00126 0.00126 0.00126 0.00126 0.00126 0.00126 0.00126 0.00126 0.00126 0.00126 0.00126 0.00126 0.00126 0.00126 0.00126 0.00126 0.00126 0.00126 0.00126 0.00126 0.00126 0.00126 0.00126 0.00126 0.00126 0.00126 0.00126 0.00126 0.00126 0.00126 0.00126 0.00126 0.00126 0.00126 0.00126 0.00126 0.00126 0.00126 0.00126 0.00126 0.00126 0.00126 0.00126 0.00126 0.00126 0.00126 0.00126 0.00126 0.00126 0.00126 0.00126 0.00126 0.00126 0.00126 0.00126 0.00126 0.00126 0.00126 0.00126 0.00126 0.00126 0.00126 0.00126 0.00126 0.00126 0.00126 0.00126 0.00126 0.00126 0.00126 0.00126 0.00126 0.00126 0.00126 0.00126 0.00126 0.00126 0.00126 0.00126 0.00126 0.00126 0.00126 0.00126 0.00126 0.00126 0.00126 0.00126 0.00126 0.00126 0.00126 0.00126 0.00126 0.00126 0.00126 0.00126 0.00126 0.00126 0.00126 0.00126 0.00126 0.00126 0.00126 0.00126 0.00126 0.00126 0.00126 0.00126 0.00126 0.00126 0.00126 0.00126 0.00126 0.00126 0.00126 0.00126 0.00126 0.00126 0.00126 0.00126 0.00126 0.00126 0.00126 0.00126 0.00126 0.00126 0.00126 0.00126 0.00126 0.00126 0.00126 0.00126 0.00126 0.00126 0.00126 0.00126 0.00126 0.00126 0.00126 0.00126 0.00126 0.00126 0.00126 0.00126 0.00126 0.00126 0.00126 0.00126 0.00126 0.00126 0.00126 0.00126 0.00126 0.00126 0.00126 0.00126 0.00126 0.00126 0.00126 0.00126 0.00126 0.00126 0.00126 0.00126 0.00126 0.00126 0.00126 0.00126 0.00126 0.00126 0.00126 0.00126 0.00126 0.00126 0.00126 0.00126 0.00126 0.00126 0.00126 0.00126 0.00126 0.00126 0.00126 0.00126 0.00126 0.00126 0.00126 0.00126 0.00126 0.00126 0.00126 0.00126 0.00126 0.00126 0.00126 0.00126 0.00126 0.00126 0.00126 0.00126 0.00126 0.00126 0.00126 0.00126 0.00126 0.00126 0.00126 0.00126 0.00126 0.00126 0.00126 0.00126 0.00126 0.00126 0.00126 0.00126 0.00126 0.00126 0.00126 0.00126 0.00126 0.00126 0.00126 0.00126 0.00126 0.00126 0.00126 0.00126 0.00126 0.00126 0.00126 0.00126 0.00126 0.00126 0.00126 0.00126 0.00126 0.00126 0.00126 0.00126 0.00126 0.00126 0.00126 0.00126 0.00126 0.00126 0.00126 0.00126 0.00126 0.00126 0.00126 0.00126 0.00126 0.00126 0.00126 0.00126 0.00126 0.00126 0.00126 0.00126 0.00126 0.00126 0.00126 0.00126 0.00126 0.00126 0.00126 0.00126 0.00126 0.00126 0.00126 0.00126 0.00126 0.00126 0.00126 0.00126 0.00126 0.00126 0.00126 0.00126 0.00126 0.00126 0.00126 0.00126 0.00126 0.00126 0.00126 0.00126 0.00126 0.00126 0.00126 0.00126 0.00126 0.00126 0.00126 0.00126 0.00126 0.00126 0.00126 0.00126 0.00126 0.00126 0.00126 0.00126 0.00126 0.00126 0.00126 0.00126 0.00126 0.00126 0.00126 0.00126 0.00126 0.00126 0.00126 0.00126 0.00126 0.00126 0.00126 0.00126 0.00126 0.00126 0.00126 0.00126 0.00126 0.00126 0.00126 0.00126 0.00126 0.00126 0.00126 0.00126 0.00126 0.00126 0.00126 0.00126 0.00126 0.00126 0.00126 0.00126 0.00126 0.00126 0.00126 0.00126 0.00126 0.00126 0.00126 0.00126 0.00126 0.00126 0.00126 0.00126 0.00126 0.00126 0.00126 0.00126 0.00126 0.00126 0.00126 0.00126 0.00126 0.00126 0.00126 0.00126 0.00126 0.00126 0.00126 0.00126 0.00126 0.00126 0.00126 0.00126 0.00126 0.00126 0.00126
