grade — lambda space, K=4, extent 2.20; 6 bands/octave over 40..20000 Hz, kernel 0.0833 oct, strike 0 listen 0, 1/omega, damping 5.0/s at 0.200 s

pitch normalised: the lowest audible mode of every point is moved to 440 Hz before banding

variety per unit of travel: mean 1.007, 5th pct 0.130, 95th pct 2.224
spread: 17.13x   (FM 1.83x, Saw 2.03x, Shapes 8.47x in Kyklophoria's table; 1.0 is isotropic)
twins: 2.6% of random pairs within 0.05
axes:  axis 0 1.409  axis 1 1.917  axis 2 0.048  axis 3 0.106
modes skipped as unrenderable (non-positive or above the top band): 0.00 per evaluation over 41604 evaluations

continuity (cont_check): largest step at step/500 and step/2000, ratio ~4 smooth, ~1 cliff
  axis    spec/500   spec/2000   ratio      logf/500   logf/2000   ratio
  0        0.00430     0.00108    3.99       0.00348     0.00087    4.00
  1        0.00617     0.00154    4.00       0.00180     0.00045    4.00
  2        0.00010     0.00003    3.28       0.00063     0.00016    4.00
  3        0.00024     0.00006    4.00       0.00021     0.00005    4.00

where the frequencies move fastest along each axis (log-frequency step per 1/500 of travel, in tenths of the axis):
  axis 0: 0.0035 0.0035 0.0035 0.0035 0.0035 0.0035 0.0035 0.0035 0.0035 0.0035   peak 0.0035
  axis 1: 0.0018 0.0018 0.0018 0.0018 0.0018 0.0018 0.0018 0.0018 0.0018 0.0018   peak 0.0018
  axis 2: 0.0006 0.0006 0.0006 0.0006 0.0006 0.0006 0.0006 0.0006 0.0006 0.0006   peak 0.0006
  axis 3: 0.0002 0.0002 0.0002 0.0002 0.0002 0.0002 0.0002 0.0002 0.0002 0.0002   peak 0.0002

veering map — second difference of each aligned slot's log frequency along each sweep, in cents.
a smooth trajectory is under 100; a slot that trades places with its neighbour is hundreds.
listed: every (family, parameter, slot) over 300 cents, and each family's worst.
  bar: (0.927, slot 2: 1133) (0.927, slot 4: 1136)
    2 over 300 cents; worst 1136 cents at parameter 0.927, slot 4
  plate: (1.182, slot 0: 2812) (1.182, slot 1: 598) (1.182, slot 4: 1388) (1.182, slot 5: 1050) (1.182, slot 6: 1406) (1.182, slot 7: 1528) (1.182, slot 9: 1014) (1.182, slot 11: 1956) (1.182, slot 15: 1027) (1.182, slot 16: 2013) (1.182, slot 18: 2636) (1.182, slot 19: 579) (1.182, slot 20: 4300) (1.182, slot 21: 1115) (1.182, slot 23: 1815) (1.182, slot 24: 1362) (1.182, slot 26: 3187) (1.364, slot 1: 328) (1.364, slot 6: 1564) (1.364, slot 9: 1986) (1.364, slot 12: 563) (1.364, slot 15: 949) (1.364, slot 17: 329) (1.364, slot 21: 1705) (1.364, slot 23: 1316) (1.364, slot 24: 1131) (1.546, slot 1: 618) (1.546, slot 9: 1727) (1.546, slot 21: 744) (1.727, slot 1: 347) (1.727, slot 18: 446) (1.909, slot 1: 765) (1.909, slot 9: 1464) (1.909, slot 12: 1483) (1.909, slot 18: 867) (2.091, slot 9: 1479) (2.091, slot 12: 1399) (2.091, slot 18: 332) (2.273, slot 12: 1145) (2.273, slot 20: 1766) (2.454, slot 12: 1143) (2.454, slot 20: 1756)
    42 over 300 cents; worst 4300 cents at parameter 1.182, slot 20
  bell: (0.218, slot 35: 448) (0.436, slot 32: 727) (0.545, slot 32: 643) (0.545, slot 36: 309) (0.655, slot 22: 781) (0.655, slot 33: 756) (0.764, slot 22: 759) (0.764, slot 30: 347) (0.764, slot 33: 782) (1.091, slot 29: 661)
    10 over 300 cents; worst 782 cents at parameter 0.764, slot 33

profiles: per axis, 500 steps, spectrum step then log-frequency step
axis 0 spec: 0.00430 0.00426 0.00422 0.00417 0.00413 0.00408 0.00403 0.00398 0.00392 0.00387 0.00381 0.00375 0.00370 0.00364 0.00357 0.00351 0.00345 0.00338 0.00332 0.00325 0.00319 0.00312 0.00305 0.00299 0.00292 0.00285 0.00279 0.00272 0.00266 0.00260 0.00254 0.00247 0.00242 0.00236 0.00231 0.00225 0.00221 0.00216 0.00212 0.00208 0.00205 0.00202 0.00199 0.00197 0.00195 0.00194 0.00193 0.00193 0.00194 0.00195 0.00196 0.00198 0.00200 0.00203 0.00206 0.00210 0.00213 0.00218 0.00222 0.00227 0.00232 0.00237 0.00242 0.00248 0.00253 0.00259 0.00265 0.00270 0.00276 0.00282 0.00288 0.00294 0.00300 0.00305 0.00311 0.00317 0.00322 0.00328 0.00333 0.00339 0.00344 0.00349 0.00354 0.00358 0.00363 0.00367 0.00372 0.00376 0.00380 0.00383 0.00387 0.00390 0.00393 0.00396 0.00399 0.00401 0.00404 0.00406 0.00408 0.00409 0.00410 0.00412 0.00412 0.00413 0.00414 0.00414 0.00414 0.00413 0.00413 0.00412 0.00411 0.00410 0.00409 0.00407 0.00405 0.00403 0.00401 0.00398 0.00395 0.00392 0.00389 0.00386 0.00382 0.00379 0.00375 0.00371 0.00366 0.00362 0.00357 0.00352 0.00348 0.00342 0.00337 0.00332 0.00327 0.00321 0.00315 0.00310 0.00304 0.00298 0.00292 0.00286 0.00280 0.00274 0.00268 0.00262 0.00257 0.00251 0.00245 0.00239 0.00233 0.00228 0.00222 0.00217 0.00212 0.00207 0.00203 0.00198 0.00194 0.00190 0.00187 0.00184 0.00181 0.00179 0.00177 0.00176 0.00175 0.00174 0.00174 0.00175 0.00175 0.00177 0.00178 0.00181 0.00183 0.00186 0.00189 0.00193 0.00196 0.00200 0.00205 0.00209 0.00214 0.00219 0.00224 0.00229 0.00234 0.00239 0.00244 0.00249 0.00255 0.00260 0.00265 0.00270 0.00275 0.00281 0.00286 0.00291 0.00296 0.00300 0.00305 0.00310 0.00314 0.00318 0.00323 0.00327 0.00331 0.00334 0.00338 0.00341 0.00345 0.00348 0.00351 0.00353 0.00356 0.00358 0.00361 0.00362 0.00364 0.00366 0.00367 0.00368 0.00369 0.00370 0.00371 0.00371 0.00371 0.00371 0.00371 0.00370 0.00370 0.00369 0.00368 0.00366 0.00365 0.00363 0.00361 0.00359 0.00357 0.00354 0.00352 0.00349 0.00346 0.00343 0.00339 0.00336 0.00332 0.00328 0.00324 0.00320 0.00316 0.00312 0.00307 0.00302 0.00298 0.00293 0.00288 0.00283 0.00278 0.00273 0.00267 0.00262 0.00257 0.00251 0.00246 0.00241 0.00235 0.00230 0.00225 0.00220 0.00214 0.00209 0.00204 0.00199 0.00195 0.00190 0.00186 0.00182 0.00178 0.00174 0.00171 0.00168 0.00165 0.00163 0.00161 0.00159 0.00158 0.00157 0.00157 0.00157 0.00157 0.00158 0.00159 0.00161 0.00163 0.00165 0.00167 0.00170 0.00174 0.00177 0.00181 0.00184 0.00189 0.00193 0.00197 0.00201 0.00206 0.00211 0.00215 0.00220 0.00225 0.00229 0.00234 0.00239 0.00243 0.00248 0.00252 0.00257 0.00261 0.00266 0.00270 0.00274 0.00278 0.00282 0.00286 0.00290 0.00293 0.00297 0.00300 0.00303 0.00306 0.00309 0.00312 0.00315 0.00317 0.00319 0.00321 0.00323 0.00325 0.00326 0.00328 0.00329 0.00330 0.00331 0.00331 0.00332 0.00332 0.00332 0.00332 0.00332 0.00331 0.00331 0.00330 0.00329 0.00328 0.00326 0.00325 0.00323 0.00321 0.00319 0.00317 0.00315 0.00312 0.00309 0.00307 0.00304 0.00300 0.00297 0.00294 0.00290 0.00286 0.00283 0.00279 0.00275 0.00270 0.00266 0.00262 0.00257 0.00253 0.00248 0.00244 0.00239 0.00234 0.00230 0.00225 0.00220 0.00215 0.00210 0.00206 0.00201 0.00196 0.00192 0.00187 0.00183 0.00178 0.00174 0.00170 0.00166 0.00162 0.00159 0.00156 0.00153 0.00150 0.00148 0.00145 0.00144 0.00142 0.00141 0.00141 0.00140 0.00140 0.00141 0.00141 0.00143 0.00144 0.00146 0.00148 0.00150 0.00153 0.00156 0.00159 0.00162 0.00166 0.00169 0.00173 0.00177 0.00181 0.00185 0.00189 0.00193 0.00197 0.00202 0.00206 0.00210 0.00214 0.00218 0.00222 0.00227 0.00231 0.00234 0.00238 0.00242 0.00246 0.00249 0.00253 0.00256 0.00260 0.00263 0.00266 0.00269 0.00272 0.00274 0.00277 0.00279 0.00282 0.00284 0.00286 0.00287 0.00289 0.00291 0.00292 0.00293 0.00294 0.00295 0.00296 0.00296 0.00297 0.00297 0.00297 0.00297 0.00296 0.00296 0.00295 0.00295 0.00294 0.00293 0.00291 0.00290 0.00289 0.00287 0.00285 0.00283 0.00281 0.00279 0.00276 0.00274 0.00271 0.00268 0.00265 0.00262 0.00259 0.00256 0.00252 0.00249 0.00245 0.00241 0.00238 0.00234 0.00230 0.00226
axis 0 logf: 0.00348 0.00348 0.00348 0.00348 0.00348 0.00348 0.00348 0.00348 0.00348 0.00348 0.00348 0.00348 0.00348 0.00348 0.00348 0.00348 0.00348 0.00348 0.00348 0.00348 0.00348 0.00348 0.00348 0.00348 0.00348 0.00348 0.00348 0.00348 0.00348 0.00348 0.00348 0.00348 0.00348 0.00348 0.00348 0.00348 0.00348 0.00348 0.00348 0.00348 0.00348 0.00348 0.00348 0.00348 0.00348 0.00348 0.00348 0.00348 0.00348 0.00348 0.00348 0.00348 0.00348 0.00348 0.00348 0.00348 0.00348 0.00348 0.00348 0.00348 0.00348 0.00348 0.00348 0.00348 0.00348 0.00348 0.00348 0.00348 0.00348 0.00348 0.00348 0.00348 0.00348 0.00348 0.00348 0.00348 0.00348 0.00348 0.00348 0.00348 0.00348 0.00348 0.00348 0.00348 0.00348 0.00348 0.00348 0.00348 0.00348 0.00348 0.00348 0.00348 0.00348 0.00348 0.00348 0.00348 0.00348 0.00348 0.00348 0.00348 0.00348 0.00348 0.00348 0.00348 0.00348 0.00348 0.00348 0.00348 0.00348 0.00348 0.00348 0.00348 0.00348 0.00348 0.00348 0.00348 0.00348 0.00348 0.00348 0.00348 0.00348 0.00348 0.00348 0.00348 0.00348 0.00348 0.00348 0.00348 0.00348 0.00348 0.00348 0.00348 0.00348 0.00348 0.00348 0.00348 0.00348 0.00348 0.00348 0.00348 0.00348 0.00348 0.00348 0.00348 0.00348 0.00348 0.00348 0.00348 0.00348 0.00348 0.00348 0.00348 0.00348 0.00348 0.00348 0.00348 0.00348 0.00348 0.00348 0.00348 0.00348 0.00348 0.00348 0.00348 0.00348 0.00348 0.00348 0.00348 0.00348 0.00348 0.00348 0.00348 0.00348 0.00348 0.00348 0.00348 0.00348 0.00348 0.00348 0.00348 0.00348 0.00348 0.00348 0.00348 0.00348 0.00348 0.00348 0.00348 0.00348 0.00348 0.00348 0.00348 0.00348 0.00348 0.00348 0.00348 0.00348 0.00348 0.00348 0.00348 0.00348 0.00348 0.00348 0.00348 0.00348 0.00348 0.00348 0.00348 0.00348 0.00348 0.00348 0.00348 0.00348 0.00348 0.00348 0.00348 0.00348 0.00348 0.00348 0.00348 0.00348 0.00348 0.00348 0.00348 0.00348 0.00348 0.00348 0.00348 0.00348 0.00348 0.00348 0.00348 0.00348 0.00348 0.00348 0.00348 0.00348 0.00348 0.00348 0.00348 0.00348 0.00348 0.00348 0.00348 0.00348 0.00348 0.00348 0.00348 0.00348 0.00348 0.00348 0.00348 0.00348 0.00348 0.00348 0.00348 0.00348 0.00348 0.00348 0.00348 0.00348 0.00348 0.00348 0.00348 0.00348 0.00348 0.00348 0.00348 0.00348 0.00348 0.00348 0.00348 0.00348 0.00348 0.00348 0.00348 0.00348 0.00348 0.00348 0.00348 0.00348 0.00348 0.00348 0.00348 0.00348 0.00348 0.00348 0.00348 0.00348 0.00348 0.00348 0.00348 0.00348 0.00348 0.00348 0.00348 0.00348 0.00348 0.00348 0.00348 0.00348 0.00348 0.00348 0.00348 0.00348 0.00348 0.00348 0.00348 0.00348 0.00348 0.00348 0.00348 0.00348 0.00348 0.00348 0.00348 0.00348 0.00348 0.00348 0.00348 0.00348 0.00348 0.00348 0.00348 0.00348 0.00348 0.00348 0.00348 0.00348 0.00348 0.00348 0.00348 0.00348 0.00348 0.00348 0.00348 0.00348 0.00348 0.00348 0.00348 0.00348 0.00348 0.00348 0.00348 0.00348 0.00348 0.00348 0.00348 0.00348 0.00348 0.00348 0.00348 0.00348 0.00348 0.00348 0.00348 0.00348 0.00348 0.00348 0.00348 0.00348 0.00348 0.00348 0.00348 0.00348 0.00348 0.00348 0.00348 0.00348 0.00348 0.00348 0.00348 0.00348 0.00348 0.00348 0.00348 0.00348 0.00348 0.00348 0.00348 0.00348 0.00348 0.00348 0.00348 0.00348 0.00348 0.00348 0.00348 0.00348 0.00348 0.00348 0.00348 0.00348 0.00348 0.00348 0.00348 0.00348 0.00348 0.00348 0.00348 0.00348 0.00348 0.00348 0.00348 0.00348 0.00348 0.00348 0.00348 0.00348 0.00348 0.00348 0.00348 0.00348 0.00348 0.00348 0.00348 0.00348 0.00348 0.00348 0.00348 0.00348 0.00348 0.00348 0.00348 0.00348 0.00348 0.00348 0.00348 0.00348 0.00348 0.00348 0.00348 0.00348 0.00348 0.00348 0.00348 0.00348 0.00348 0.00348 0.00348 0.00348 0.00348 0.00348 0.00348 0.00348 0.00348 0.00348 0.00348 0.00348 0.00348 0.00348 0.00348 0.00348 0.00348 0.00348 0.00348 0.00348 0.00348 0.00348 0.00348 0.00348 0.00348 0.00348 0.00348 0.00348 0.00348 0.00348 0.00348 0.00348 0.00348 0.00348 0.00348 0.00348 0.00348 0.00348 0.00348 0.00348 0.00348 0.00348 0.00348 0.00348 0.00348 0.00348 0.00348 0.00348 0.00348 0.00348 0.00348 0.00348 0.00348 0.00348 0.00348 0.00348 0.00348 0.00348 0.00348 0.00348 0.00348 0.00348 0.00348
axis 1 spec: 0.00356 0.00354 0.00353 0.00351 0.00348 0.00346 0.00343 0.00339 0.00336 0.00332 0.00327 0.00323 0.00318 0.00313 0.00307 0.00302 0.00296 0.00290 0.00284 0.00278 0.00271 0.00264 0.00258 0.00251 0.00244 0.00237 0.00231 0.00224 0.00217 0.00211 0.00205 0.00199 0.00194 0.00188 0.00184 0.00180 0.00176 0.00173 0.00171 0.00170 0.00169 0.00169 0.00170 0.00172 0.00175 0.00178 0.00182 0.00186 0.00192 0.00197 0.00203 0.00210 0.00217 0.00224 0.00231 0.00238 0.00246 0.00254 0.00261 0.00269 0.00277 0.00284 0.00292 0.00299 0.00307 0.00314 0.00321 0.00328 0.00334 0.00340 0.00346 0.00352 0.00358 0.00363 0.00368 0.00372 0.00377 0.00380 0.00384 0.00387 0.00390 0.00392 0.00394 0.00396 0.00397 0.00398 0.00399 0.00399 0.00399 0.00398 0.00397 0.00395 0.00394 0.00391 0.00389 0.00386 0.00382 0.00379 0.00374 0.00370 0.00365 0.00360 0.00355 0.00349 0.00343 0.00337 0.00330 0.00324 0.00317 0.00310 0.00302 0.00295 0.00287 0.00280 0.00272 0.00265 0.00257 0.00250 0.00242 0.00235 0.00228 0.00222 0.00216 0.00210 0.00205 0.00200 0.00196 0.00193 0.00190 0.00189 0.00188 0.00188 0.00189 0.00191 0.00194 0.00197 0.00202 0.00207 0.00213 0.00219 0.00226 0.00233 0.00241 0.00248 0.00257 0.00265 0.00273 0.00282 0.00291 0.00299 0.00308 0.00317 0.00325 0.00333 0.00342 0.00350 0.00357 0.00365 0.00372 0.00379 0.00386 0.00393 0.00399 0.00405 0.00410 0.00415 0.00420 0.00425 0.00429 0.00432 0.00435 0.00438 0.00441 0.00443 0.00444 0.00445 0.00446 0.00446 0.00445 0.00445 0.00444 0.00442 0.00440 0.00437 0.00434 0.00431 0.00427 0.00423 0.00419 0.00414 0.00408 0.00403 0.00397 0.00390 0.00383 0.00376 0.00369 0.00362 0.00354 0.00346 0.00338 0.00330 0.00321 0.00313 0.00304 0.00296 0.00287 0.00279 0.00271 0.00263 0.00255 0.00248 0.00241 0.00234 0.00228 0.00223 0.00219 0.00215 0.00212 0.00211 0.00209 0.00209 0.00211 0.00213 0.00216 0.00220 0.00224 0.00230 0.00236 0.00243 0.00251 0.00259 0.00267 0.00276 0.00285 0.00294 0.00304 0.00313 0.00323 0.00333 0.00342 0.00352 0.00361 0.00371 0.00380 0.00389 0.00398 0.00406 0.00415 0.00423 0.00430 0.00438 0.00445 0.00451 0.00457 0.00463 0.00469 0.00474 0.00478 0.00482 0.00486 0.00489 0.00492 0.00494 0.00496 0.00497 0.00497 0.00498 0.00497 0.00497 0.00495 0.00493 0.00491 0.00488 0.00485 0.00481 0.00477 0.00472 0.00467 0.00462 0.00456 0.00449 0.00443 0.00435 0.00428 0.00420 0.00412 0.00404 0.00395 0.00386 0.00377 0.00368 0.00358 0.00349 0.00339 0.00330 0.00321 0.00311 0.00302 0.00293 0.00285 0.00276 0.00269 0.00261 0.00255 0.00249 0.00244 0.00240 0.00236 0.00234 0.00233 0.00233 0.00234 0.00236 0.00240 0.00244 0.00249 0.00255 0.00262 0.00270 0.00278 0.00287 0.00296 0.00306 0.00316 0.00326 0.00337 0.00348 0.00358 0.00369 0.00380 0.00391 0.00401 0.00412 0.00422 0.00432 0.00442 0.00451 0.00461 0.00470 0.00478 0.00487 0.00495 0.00502 0.00509 0.00516 0.00522 0.00527 0.00532 0.00537 0.00541 0.00545 0.00548 0.00550 0.00552 0.00554 0.00554 0.00555 0.00554 0.00554 0.00552 0.00550 0.00547 0.00544 0.00541 0.00536 0.00532 0.00527 0.00521 0.00515 0.00508 0.00501 0.00493 0.00485 0.00477 0.00468 0.00459 0.00450 0.00440 0.00430 0.00420 0.00409 0.00399 0.00388 0.00378 0.00367 0.00357 0.00346 0.00336 0.00326 0.00317 0.00308 0.00299 0.00291 0.00283 0.00277 0.00271 0.00266 0.00263 0.00260 0.00259 0.00259 0.00260 0.00262 0.00265 0.00270 0.00276 0.00283 0.00290 0.00299 0.00308 0.00317 0.00328 0.00339 0.00350 0.00361 0.00373 0.00385 0.00397 0.00409 0.00421 0.00433 0.00444 0.00456 0.00468 0.00479 0.00490 0.00501 0.00511 0.00521 0.00531 0.00540 0.00549 0.00558 0.00566 0.00573 0.00580 0.00586 0.00592 0.00597 0.00602 0.00606 0.00609 0.00612 0.00615 0.00616 0.00617 0.00617 0.00617 0.00616 0.00614 0.00612 0.00609 0.00606 0.00602 0.00597 0.00592 0.00586 0.00579 0.00572 0.00565 0.00557 0.00548 0.00539 0.00530 0.00520 0.00510 0.00500 0.00489 0.00478 0.00466 0.00455 0.00443 0.00431 0.00420 0.00408 0.00396 0.00385 0.00373 0.00362 0.00352 0.00341 0.00332 0.00323 0.00314 0.00307 0.00301 0.00295 0.00291 0.00288 0.00287 0.00286 0.00288 0.00290 0.00294 0.00299 0.00305 0.00312 0.00320 0.00330
axis 1 logf: 0.00180 0.00180 0.00180 0.00180 0.00180 0.00180 0.00180 0.00180 0.00180 0.00180 0.00180 0.00180 0.00180 0.00180 0.00180 0.00180 0.00180 0.00180 0.00180 0.00180 0.00180 0.00180 0.00180 0.00180 0.00180 0.00180 0.00180 0.00180 0.00180 0.00180 0.00180 0.00180 0.00180 0.00180 0.00180 0.00180 0.00180 0.00180 0.00180 0.00180 0.00180 0.00180 0.00180 0.00180 0.00180 0.00180 0.00180 0.00180 0.00180 0.00180 0.00180 0.00180 0.00180 0.00180 0.00180 0.00180 0.00180 0.00180 0.00180 0.00180 0.00180 0.00180 0.00180 0.00180 0.00180 0.00180 0.00180 0.00180 0.00180 0.00180 0.00180 0.00180 0.00180 0.00180 0.00180 0.00180 0.00180 0.00180 0.00180 0.00180 0.00180 0.00180 0.00180 0.00180 0.00180 0.00180 0.00180 0.00180 0.00180 0.00180 0.00180 0.00180 0.00180 0.00180 0.00180 0.00180 0.00180 0.00180 0.00180 0.00180 0.00180 0.00180 0.00180 0.00180 0.00180 0.00180 0.00180 0.00180 0.00180 0.00180 0.00180 0.00180 0.00180 0.00180 0.00180 0.00180 0.00180 0.00180 0.00180 0.00180 0.00180 0.00180 0.00180 0.00180 0.00180 0.00180 0.00180 0.00180 0.00180 0.00180 0.00180 0.00180 0.00180 0.00180 0.00180 0.00180 0.00180 0.00180 0.00180 0.00180 0.00180 0.00180 0.00180 0.00180 0.00180 0.00180 0.00180 0.00180 0.00180 0.00180 0.00180 0.00180 0.00180 0.00180 0.00180 0.00180 0.00180 0.00180 0.00180 0.00180 0.00180 0.00180 0.00180 0.00180 0.00180 0.00180 0.00180 0.00180 0.00180 0.00180 0.00180 0.00180 0.00180 0.00180 0.00180 0.00180 0.00180 0.00180 0.00180 0.00180 0.00180 0.00180 0.00180 0.00180 0.00180 0.00180 0.00180 0.00180 0.00180 0.00180 0.00180 0.00180 0.00180 0.00180 0.00180 0.00180 0.00180 0.00180 0.00180 0.00180 0.00180 0.00180 0.00180 0.00180 0.00180 0.00180 0.00180 0.00180 0.00180 0.00180 0.00180 0.00180 0.00180 0.00180 0.00180 0.00180 0.00180 0.00180 0.00180 0.00180 0.00180 0.00180 0.00180 0.00180 0.00180 0.00180 0.00180 0.00180 0.00180 0.00180 0.00180 0.00180 0.00180 0.00180 0.00180 0.00180 0.00180 0.00180 0.00180 0.00180 0.00180 0.00180 0.00180 0.00180 0.00180 0.00180 0.00180 0.00180 0.00180 0.00180 0.00180 0.00180 0.00180 0.00180 0.00180 0.00180 0.00180 0.00180 0.00180 0.00180 0.00180 0.00180 0.00180 0.00180 0.00180 0.00180 0.00180 0.00180 0.00180 0.00180 0.00180 0.00180 0.00180 0.00180 0.00180 0.00180 0.00180 0.00180 0.00180 0.00180 0.00180 0.00180 0.00180 0.00180 0.00180 0.00180 0.00180 0.00180 0.00180 0.00180 0.00180 0.00180 0.00180 0.00180 0.00180 0.00180 0.00180 0.00180 0.00180 0.00180 0.00180 0.00180 0.00180 0.00180 0.00180 0.00180 0.00180 0.00180 0.00180 0.00180 0.00180 0.00180 0.00180 0.00180 0.00180 0.00180 0.00180 0.00180 0.00180 0.00180 0.00180 0.00180 0.00180 0.00180 0.00180 0.00180 0.00180 0.00180 0.00180 0.00180 0.00180 0.00180 0.00180 0.00180 0.00180 0.00180 0.00180 0.00180 0.00180 0.00180 0.00180 0.00180 0.00180 0.00180 0.00180 0.00180 0.00180 0.00180 0.00180 0.00180 0.00180 0.00180 0.00180 0.00180 0.00180 0.00180 0.00180 0.00180 0.00180 0.00180 0.00180 0.00180 0.00180 0.00180 0.00180 0.00180 0.00180 0.00180 0.00180 0.00180 0.00180 0.00180 0.00180 0.00180 0.00180 0.00180 0.00180 0.00180 0.00180 0.00180 0.00180 0.00180 0.00180 0.00180 0.00180 0.00180 0.00180 0.00180 0.00180 0.00180 0.00180 0.00180 0.00180 0.00180 0.00180 0.00180 0.00180 0.00180 0.00180 0.00180 0.00180 0.00180 0.00180 0.00180 0.00180 0.00180 0.00180 0.00180 0.00180 0.00180 0.00180 0.00180 0.00180 0.00180 0.00180 0.00180 0.00180 0.00180 0.00180 0.00180 0.00180 0.00180 0.00180 0.00180 0.00180 0.00180 0.00180 0.00180 0.00180 0.00180 0.00180 0.00180 0.00180 0.00180 0.00180 0.00180 0.00180 0.00180 0.00180 0.00180 0.00180 0.00180 0.00180 0.00180 0.00180 0.00180 0.00180 0.00180 0.00180 0.00180 0.00180 0.00180 0.00180 0.00180 0.00180 0.00180 0.00180 0.00180 0.00180 0.00180 0.00180 0.00180 0.00180 0.00180 0.00180 0.00180 0.00180 0.00180 0.00180 0.00180 0.00180 0.00180 0.00180 0.00180 0.00180 0.00180 0.00180 0.00180 0.00180 0.00180 0.00180 0.00180 0.00180 0.00180 0.00180 0.00180 0.00180 0.00180 0.00180 0.00180 0.00180 0.00180 0.00180 0.00180 0.00180 0.00180 0.00180 0.00180 0.00180 0.00180
axis 2 spec: 0.00010 0.00010 0.00010 0.00010 0.00010 0.00010 0.00010 0.00009 0.00009 0.00009 0.00009 0.00009 0.00009 0.00009 0.00009 0.00009 0.00009 0.00009 0.00009 0.00009 0.00009 0.00009 0.00009 0.00009 0.00009 0.00009 0.00009 0.00009 0.00009 0.00009 0.00009 0.00009 0.00009 0.00009 0.00009 0.00009 0.00009 0.00009 0.00009 0.00009 0.00009 0.00009 0.00009 0.00009 0.00009 0.00009 0.00009 0.00009 0.00009 0.00009 0.00009 0.00009 0.00009 0.00009 0.00009 0.00009 0.00009 0.00009 0.00009 0.00009 0.00009 0.00009 0.00009 0.00009 0.00009 0.00009 0.00009 0.00009 0.00009 0.00009 0.00009 0.00009 0.00009 0.00009 0.00009 0.00009 0.00009 0.00009 0.00009 0.00009 0.00009 0.00009 0.00009 0.00009 0.00009 0.00009 0.00009 0.00009 0.00009 0.00009 0.00009 0.00009 0.00009 0.00009 0.00009 0.00009 0.00009 0.00009 0.00009 0.00009 0.00009 0.00009 0.00009 0.00009 0.00009 0.00009 0.00009 0.00009 0.00009 0.00009 0.00009 0.00009 0.00009 0.00009 0.00009 0.00009 0.00009 0.00009 0.00009 0.00009 0.00009 0.00009 0.00009 0.00009 0.00009 0.00009 0.00009 0.00009 0.00009 0.00009 0.00009 0.00009 0.00009 0.00009 0.00009 0.00009 0.00009 0.00009 0.00009 0.00009 0.00009 0.00009 0.00009 0.00009 0.00009 0.00009 0.00009 0.00009 0.00009 0.00009 0.00009 0.00009 0.00009 0.00009 0.00009 0.00009 0.00009 0.00009 0.00009 0.00009 0.00009 0.00009 0.00009 0.00009 0.00009 0.00009 0.00009 0.00009 0.00009 0.00009 0.00009 0.00009 0.00009 0.00009 0.00009 0.00009 0.00009 0.00009 0.00009 0.00009 0.00009 0.00009 0.00009 0.00009 0.00009 0.00009 0.00009 0.00009 0.00009 0.00009 0.00009 0.00009 0.00009 0.00009 0.00009 0.00009 0.00009 0.00009 0.00009 0.00009 0.00009 0.00009 0.00009 0.00009 0.00009 0.00009 0.00009 0.00009 0.00009 0.00009 0.00009 0.00009 0.00009 0.00009 0.00009 0.00009 0.00009 0.00009 0.00009 0.00009 0.00009 0.00009 0.00009 0.00009 0.00009 0.00009 0.00009 0.00009 0.00009 0.00009 0.00009 0.00009 0.00009 0.00009 0.00009 0.00009 0.00009 0.00009 0.00009 0.00009 0.00009 0.00009 0.00009 0.00009 0.00009 0.00009 0.00009 0.00009 0.00009 0.00009 0.00009 0.00009 0.00009 0.00009 0.00009 0.00009 0.00009 0.00009 0.00009 0.00009 0.00009 0.00009 0.00009 0.00009 0.00009 0.00009 0.00009 0.00009 0.00009 0.00009 0.00009 0.00009 0.00009 0.00009 0.00009 0.00009 0.00009 0.00009 0.00009 0.00009 0.00009 0.00009 0.00009 0.00009 0.00009 0.00009 0.00009 0.00009 0.00009 0.00009 0.00009 0.00009 0.00009 0.00009 0.00009 0.00009 0.00009 0.00009 0.00009 0.00009 0.00009 0.00009 0.00009 0.00009 0.00009 0.00009 0.00009 0.00009 0.00009 0.00009 0.00009 0.00009 0.00009 0.00009 0.00009 0.00009 0.00009 0.00009 0.00009 0.00009 0.00009 0.00009 0.00009 0.00009 0.00009 0.00009 0.00009 0.00009 0.00009 0.00009 0.00009 0.00009 0.00009 0.00009 0.00009 0.00009 0.00009 0.00009 0.00009 0.00009 0.00009 0.00009 0.00009 0.00009 0.00009 0.00009 0.00009 0.00009 0.00009 0.00009 0.00009 0.00009 0.00009 0.00009 0.00009 0.00009 0.00009 0.00009 0.00009 0.00009 0.00009 0.00009 0.00009 0.00009 0.00009 0.00009 0.00009 0.00009 0.00009 0.00009 0.00009 0.00009 0.00009 0.00009 0.00009 0.00009 0.00009 0.00009 0.00009 0.00009 0.00009 0.00009 0.00009 0.00009 0.00009 0.00009 0.00009 0.00009 0.00009 0.00009 0.00009 0.00009 0.00009 0.00009 0.00009 0.00009 0.00009 0.00009 0.00009 0.00009 0.00009 0.00009 0.00009 0.00009 0.00009 0.00009 0.00009 0.00009 0.00009 0.00009 0.00009 0.00009 0.00009 0.00009 0.00009 0.00009 0.00009 0.00009 0.00009 0.00009 0.00009 0.00009 0.00009 0.00009 0.00009 0.00009 0.00009 0.00009 0.00009 0.00009 0.00009 0.00009 0.00009 0.00009 0.00009 0.00009 0.00009 0.00009 0.00009 0.00009 0.00009 0.00009 0.00009 0.00009 0.00009 0.00009 0.00009 0.00009 0.00009 0.00009 0.00009 0.00009 0.00009 0.00009 0.00009 0.00009 0.00009 0.00009 0.00009 0.00009 0.00009 0.00009 0.00009 0.00009 0.00009 0.00009 0.00009 0.00009 0.00009 0.00009 0.00009 0.00009 0.00009 0.00009 0.00009 0.00009 0.00008 0.00008 0.00008 0.00008 0.00008 0.00008 0.00008 0.00008 0.00008 0.00008 0.00008 0.00008 0.00008 0.00008 0.00008 0.00008 0.00008 0.00008 0.00008 0.00008 0.00008 0.00008 0.00008 0.00008
axis 2 logf: 0.00063 0.00063 0.00063 0.00063 0.00063 0.00063 0.00063 0.00063 0.00063 0.00063 0.00063 0.00063 0.00063 0.00063 0.00063 0.00063 0.00063 0.00063 0.00063 0.00063 0.00063 0.00063 0.00063 0.00063 0.00063 0.00063 0.00063 0.00063 0.00063 0.00063 0.00063 0.00063 0.00063 0.00063 0.00063 0.00063 0.00063 0.00063 0.00063 0.00063 0.00063 0.00063 0.00063 0.00063 0.00063 0.00063 0.00063 0.00063 0.00063 0.00063 0.00063 0.00063 0.00063 0.00063 0.00063 0.00063 0.00063 0.00063 0.00063 0.00063 0.00063 0.00063 0.00063 0.00063 0.00063 0.00063 0.00063 0.00063 0.00063 0.00063 0.00063 0.00063 0.00063 0.00063 0.00063 0.00063 0.00063 0.00063 0.00063 0.00063 0.00063 0.00063 0.00063 0.00063 0.00063 0.00063 0.00063 0.00063 0.00063 0.00063 0.00063 0.00063 0.00063 0.00063 0.00063 0.00063 0.00063 0.00063 0.00063 0.00063 0.00063 0.00063 0.00063 0.00063 0.00063 0.00063 0.00063 0.00063 0.00063 0.00063 0.00063 0.00063 0.00063 0.00063 0.00063 0.00063 0.00063 0.00063 0.00063 0.00063 0.00063 0.00063 0.00063 0.00063 0.00063 0.00063 0.00063 0.00063 0.00063 0.00063 0.00063 0.00063 0.00063 0.00063 0.00063 0.00063 0.00063 0.00063 0.00063 0.00063 0.00063 0.00063 0.00063 0.00063 0.00063 0.00063 0.00063 0.00063 0.00063 0.00063 0.00063 0.00063 0.00063 0.00063 0.00063 0.00063 0.00063 0.00063 0.00063 0.00063 0.00063 0.00063 0.00063 0.00063 0.00063 0.00063 0.00063 0.00063 0.00063 0.00063 0.00063 0.00063 0.00063 0.00063 0.00063 0.00063 0.00063 0.00063 0.00063 0.00063 0.00063 0.00063 0.00063 0.00063 0.00063 0.00063 0.00063 0.00063 0.00063 0.00063 0.00063 0.00063 0.00063 0.00063 0.00063 0.00063 0.00063 0.00063 0.00063 0.00063 0.00063 0.00063 0.00063 0.00063 0.00063 0.00063 0.00063 0.00063 0.00063 0.00063 0.00063 0.00063 0.00063 0.00063 0.00063 0.00063 0.00063 0.00063 0.00063 0.00063 0.00063 0.00063 0.00063 0.00063 0.00063 0.00063 0.00063 0.00063 0.00063 0.00063 0.00063 0.00063 0.00063 0.00063 0.00063 0.00063 0.00063 0.00063 0.00063 0.00063 0.00063 0.00063 0.00063 0.00063 0.00063 0.00063 0.00063 0.00063 0.00063 0.00063 0.00063 0.00063 0.00063 0.00063 0.00063 0.00063 0.00063 0.00063 0.00063 0.00063 0.00063 0.00063 0.00063 0.00063 0.00063 0.00063 0.00063 0.00063 0.00063 0.00063 0.00063 0.00063 0.00063 0.00063 0.00063 0.00063 0.00063 0.00063 0.00063 0.00063 0.00063 0.00063 0.00063 0.00063 0.00063 0.00063 0.00063 0.00063 0.00063 0.00063 0.00063 0.00063 0.00063 0.00063 0.00063 0.00063 0.00063 0.00063 0.00063 0.00063 0.00063 0.00063 0.00063 0.00063 0.00063 0.00063 0.00063 0.00063 0.00063 0.00063 0.00063 0.00063 0.00063 0.00063 0.00063 0.00063 0.00063 0.00063 0.00063 0.00063 0.00063 0.00063 0.00063 0.00063 0.00063 0.00063 0.00063 0.00063 0.00063 0.00063 0.00063 0.00063 0.00063 0.00063 0.00063 0.00063 0.00063 0.00063 0.00063 0.00063 0.00063 0.00063 0.00063 0.00063 0.00063 0.00063 0.00063 0.00063 0.00063 0.00063 0.00063 0.00063 0.00063 0.00063 0.00063 0.00063 0.00063 0.00063 0.00063 0.00063 0.00063 0.00063 0.00063 0.00063 0.00063 0.00063 0.00063 0.00063 0.00063 0.00063 0.00063 0.00063 0.00063 0.00063 0.00063 0.00063 0.00063 0.00063 0.00063 0.00063 0.00063 0.00063 0.00063 0.00063 0.00063 0.00063 0.00063 0.00063 0.00063 0.00063 0.00063 0.00063 0.00063 0.00063 0.00063 0.00063 0.00063 0.00063 0.00063 0.00063 0.00063 0.00063 0.00063 0.00063 0.00063 0.00063 0.00063 0.00063 0.00063 0.00063 0.00063 0.00063 0.00063 0.00063 0.00063 0.00063 0.00063 0.00063 0.00063 0.00063 0.00063 0.00063 0.00063 0.00063 0.00063 0.00063 0.00063 0.00063 0.00063 0.00063 0.00063 0.00063 0.00063 0.00063 0.00063 0.00063 0.00063 0.00063 0.00063 0.00063 0.00063 0.00063 0.00063 0.00063 0.00063 0.00063 0.00063 0.00063 0.00063 0.00063 0.00063 0.00063 0.00063 0.00063 0.00063 0.00063 0.00063 0.00063 0.00063 0.00063 0.00063 0.00063 0.00063 0.00063 0.00063 0.00063 0.00063 0.00063 0.00063 0.00063 0.00063 0.00063 0.00063 0.00063 0.00063 0.00063 0.00063 0.00063 0.00063 0.00063 0.00063 0.00063 0.00063 0.00063 0.00063 0.00063 0.00063 0.00063 0.00063 0.00063 0.00063 0.00063 0.00063 0.00063 0.00063 0.00063 0.00063 0.00063 0.00063 0.00063
axis 3 spec: 0.00015 0.00015 0.00015 0.00016 0.00016 0.00016 0.00016 0.00016 0.00016 0.00016 0.00016 0.00016 0.00016 0.00016 0.00016 0.00016 0.00016 0.00016 0.00016 0.00016 0.00016 0.00016 0.00016 0.00016 0.00016 0.00016 0.00016 0.00016 0.00016 0.00016 0.00016 0.00016 0.00016 0.00016 0.00016 0.00016 0.00016 0.00016 0.00016 0.00016 0.00016 0.00016 0.00016 0.00016 0.00016 0.00016 0.00016 0.00016 0.00017 0.00017 0.00017 0.00017 0.00017 0.00017 0.00017 0.00017 0.00017 0.00017 0.00017 0.00017 0.00017 0.00017 0.00017 0.00017 0.00017 0.00017 0.00017 0.00017 0.00017 0.00017 0.00017 0.00017 0.00017 0.00017 0.00017 0.00017 0.00017 0.00017 0.00017 0.00017 0.00017 0.00017 0.00017 0.00017 0.00017 0.00017 0.00017 0.00017 0.00017 0.00017 0.00017 0.00017 0.00017 0.00018 0.00018 0.00018 0.00018 0.00018 0.00018 0.00018 0.00018 0.00018 0.00018 0.00018 0.00018 0.00018 0.00018 0.00018 0.00018 0.00018 0.00018 0.00018 0.00018 0.00018 0.00018 0.00018 0.00018 0.00018 0.00018 0.00018 0.00018 0.00018 0.00018 0.00018 0.00018 0.00018 0.00018 0.00018 0.00018 0.00018 0.00018 0.00018 0.00018 0.00018 0.00018 0.00018 0.00018 0.00018 0.00018 0.00019 0.00019 0.00019 0.00019 0.00019 0.00019 0.00019 0.00019 0.00019 0.00019 0.00019 0.00019 0.00019 0.00019 0.00019 0.00019 0.00019 0.00019 0.00019 0.00019 0.00019 0.00019 0.00019 0.00019 0.00019 0.00019 0.00019 0.00019 0.00019 0.00019 0.00019 0.00019 0.00019 0.00019 0.00019 0.00019 0.00019 0.00019 0.00019 0.00019 0.00019 0.00019 0.00019 0.00019 0.00019 0.00019 0.00019 0.00019 0.00019 0.00020 0.00020 0.00020 0.00020 0.00020 0.00020 0.00020 0.00020 0.00020 0.00020 0.00020 0.00020 0.00020 0.00020 0.00020 0.00020 0.00020 0.00020 0.00020 0.00020 0.00020 0.00020 0.00020 0.00020 0.00020 0.00020 0.00020 0.00020 0.00020 0.00020 0.00020 0.00020 0.00020 0.00020 0.00020 0.00020 0.00020 0.00020 0.00020 0.00020 0.00020 0.00020 0.00020 0.00020 0.00020 0.00020 0.00020 0.00020 0.00020 0.00020 0.00020 0.00020 0.00021 0.00021 0.00021 0.00021 0.00021 0.00021 0.00021 0.00021 0.00021 0.00021 0.00021 0.00021 0.00021 0.00021 0.00021 0.00021 0.00021 0.00021 0.00021 0.00021 0.00021 0.00021 0.00021 0.00021 0.00021 0.00021 0.00021 0.00021 0.00021 0.00021 0.00021 0.00021 0.00021 0.00021 0.00021 0.00021 0.00021 0.00021 0.00021 0.00021 0.00021 0.00021 0.00021 0.00021 0.00021 0.00021 0.00021 0.00021 0.00021 0.00021 0.00021 0.00021 0.00021 0.00021 0.00021 0.00021 0.00021 0.00021 0.00022 0.00022 0.00022 0.00022 0.00022 0.00022 0.00022 0.00022 0.00022 0.00022 0.00022 0.00022 0.00022 0.00022 0.00022 0.00022 0.00022 0.00022 0.00022 0.00022 0.00022 0.00022 0.00022 0.00022 0.00022 0.00022 0.00022 0.00022 0.00022 0.00022 0.00022 0.00022 0.00022 0.00022 0.00022 0.00022 0.00022 0.00022 0.00022 0.00022 0.00022 0.00022 0.00022 0.00022 0.00022 0.00022 0.00022 0.00022 0.00022 0.00022 0.00022 0.00022 0.00022 0.00022 0.00022 0.00022 0.00022 0.00022 0.00022 0.00022 0.00022 0.00022 0.00022 0.00022 0.00022 0.00022 0.00022 0.00022 0.00022 0.00023 0.00023 0.00023 0.00023 0.00023 0.00023 0.00023 0.00023 0.00023 0.00023 0.00023 0.00023 0.00023 0.00023 0.00023 0.00023 0.00023 0.00023 0.00023 0.00023 0.00023 0.00023 0.00023 0.00023 0.00023 0.00023 0.00023 0.00023 0.00023 0.00023 0.00023 0.00023 0.00023 0.00023 0.00023 0.00023 0.00023 0.00023 0.00023 0.00023 0.00023 0.00023 0.00023 0.00023 0.00023 0.00023 0.00023 0.00023 0.00023 0.00023 0.00023 0.00023 0.00023 0.00023 0.00023 0.00023 0.00023 0.00023 0.00023 0.00023 0.00023 0.00023 0.00023 0.00023 0.00023 0.00023 0.00023 0.00023 0.00023 0.00023 0.00023 0.00023 0.00023 0.00023 0.00023 0.00023 0.00023 0.00023 0.00023 0.00023 0.00023 0.00023 0.00023 0.00023 0.00023 0.00023 0.00023 0.00023 0.00023 0.00023 0.00023 0.00023 0.00023 0.00023 0.00024 0.00024 0.00024 0.00024 0.00024 0.00024 0.00024 0.00024 0.00024 0.00024 0.00024 0.00024 0.00024 0.00024 0.00024 0.00024 0.00024 0.00024 0.00024 0.00024 0.00024 0.00024 0.00024 0.00024 0.00024 0.00024 0.00024 0.00024 0.00024 0.00024 0.00024 0.00024 0.00024 0.00024 0.00024 0.00024 0.00024 0.00024 0.00024
axis 3 logf: 0.00021 0.00021 0.00021 0.00021 0.00021 0.00021 0.00021 0.00021 0.00021 0.00021 0.00021 0.00021 0.00021 0.00021 0.00021 0.00021 0.00021 0.00021 0.00021 0.00021 0.00021 0.00021 0.00021 0.00021 0.00021 0.00021 0.00021 0.00021 0.00021 0.00021 0.00021 0.00021 0.00021 0.00021 0.00021 0.00021 0.00021 0.00021 0.00021 0.00021 0.00021 0.00021 0.00021 0.00021 0.00021 0.00021 0.00021 0.00021 0.00021 0.00021 0.00021 0.00021 0.00021 0.00021 0.00021 0.00021 0.00021 0.00021 0.00021 0.00021 0.00021 0.00021 0.00021 0.00021 0.00021 0.00021 0.00021 0.00021 0.00021 0.00021 0.00021 0.00021 0.00021 0.00021 0.00021 0.00021 0.00021 0.00021 0.00021 0.00021 0.00021 0.00021 0.00021 0.00021 0.00021 0.00021 0.00021 0.00021 0.00021 0.00021 0.00021 0.00021 0.00021 0.00021 0.00021 0.00021 0.00021 0.00021 0.00021 0.00021 0.00021 0.00021 0.00021 0.00021 0.00021 0.00021 0.00021 0.00021 0.00021 0.00021 0.00021 0.00021 0.00021 0.00021 0.00021 0.00021 0.00021 0.00021 0.00021 0.00021 0.00021 0.00021 0.00021 0.00021 0.00021 0.00021 0.00021 0.00021 0.00021 0.00021 0.00021 0.00021 0.00021 0.00021 0.00021 0.00021 0.00021 0.00021 0.00021 0.00021 0.00021 0.00021 0.00021 0.00021 0.00021 0.00021 0.00021 0.00021 0.00021 0.00021 0.00021 0.00021 0.00021 0.00021 0.00021 0.00021 0.00021 0.00021 0.00021 0.00021 0.00021 0.00021 0.00021 0.00021 0.00021 0.00021 0.00021 0.00021 0.00021 0.00021 0.00021 0.00021 0.00021 0.00021 0.00021 0.00021 0.00021 0.00021 0.00021 0.00021 0.00021 0.00021 0.00021 0.00021 0.00021 0.00021 0.00021 0.00021 0.00021 0.00021 0.00021 0.00021 0.00021 0.00021 0.00021 0.00021 0.00021 0.00021 0.00021 0.00021 0.00021 0.00021 0.00021 0.00021 0.00021 0.00021 0.00021 0.00021 0.00021 0.00021 0.00021 0.00021 0.00021 0.00021 0.00021 0.00021 0.00021 0.00021 0.00021 0.00021 0.00021 0.00021 0.00021 0.00021 0.00021 0.00021 0.00021 0.00021 0.00021 0.00021 0.00021 0.00021 0.00021 0.00021 0.00021 0.00021 0.00021 0.00021 0.00021 0.00021 0.00021 0.00021 0.00021 0.00021 0.00021 0.00021 0.00021 0.00021 0.00021 0.00021 0.00021 0.00021 0.00021 0.00021 0.00021 0.00021 0.00021 0.00021 0.00021 0.00021 0.00021 0.00021 0.00021 0.00021 0.00021 0.00021 0.00021 0.00021 0.00021 0.00021 0.00021 0.00021 0.00021 0.00021 0.00021 0.00021 0.00021 0.00021 0.00021 0.00021 0.00021 0.00021 0.00021 0.00021 0.00021 0.00021 0.00021 0.00021 0.00021 0.00021 0.00021 0.00021 0.00021 0.00021 0.00021 0.00021 0.00021 0.00021 0.00021 0.00021 0.00021 0.00021 0.00021 0.00021 0.00021 0.00021 0.00021 0.00021 0.00021 0.00021 0.00021 0.00021 0.00021 0.00021 0.00021 0.00021 0.00021 0.00021 0.00021 0.00021 0.00021 0.00021 0.00021 0.00021 0.00021 0.00021 0.00021 0.00021 0.00021 0.00021 0.00021 0.00021 0.00021 0.00021 0.00021 0.00021 0.00021 0.00021 0.00021 0.00021 0.00021 0.00021 0.00021 0.00021 0.00021 0.00021 0.00021 0.00021 0.00021 0.00021 0.00021 0.00021 0.00021 0.00021 0.00021 0.00021 0.00021 0.00021 0.00021 0.00021 0.00021 0.00021 0.00021 0.00021 0.00021 0.00021 0.00021 0.00021 0.00021 0.00021 0.00021 0.00021 0.00021 0.00021 0.00021 0.00021 0.00021 0.00021 0.00021 0.00021 0.00021 0.00021 0.00021 0.00021 0.00021 0.00021 0.00021 0.00021 0.00021 0.00021 0.00021 0.00021 0.00021 0.00021 0.00021 0.00021 0.00021 0.00021 0.00021 0.00021 0.00021 0.00021 0.00021 0.00021 0.00021 0.00021 0.00021 0.00021 0.00021 0.00021 0.00021 0.00021 0.00021 0.00021 0.00021 0.00021 0.00021 0.00021 0.00021 0.00021 0.00021 0.00021 0.00021 0.00021 0.00021 0.00021 0.00021 0.00021 0.00021 0.00021 0.00021 0.00021 0.00021 0.00021 0.00021 0.00021 0.00021 0.00021 0.00021 0.00021 0.00021 0.00021 0.00021 0.00021 0.00021 0.00021 0.00021 0.00021 0.00021 0.00021 0.00021 0.00021 0.00021 0.00021 0.00021 0.00021 0.00021 0.00021 0.00021 0.00021 0.00021 0.00021 0.00021 0.00021 0.00021 0.00021 0.00021 0.00021 0.00021 0.00021 0.00021 0.00021 0.00021 0.00021 0.00021 0.00021 0.00021 0.00021 0.00021 0.00021 0.00021 0.00021 0.00021 0.00021 0.00021 0.00021 0.00021 0.00021 0.00021 0.00021 0.00021 0.00021 0.00021 0.00021 0.00021 0.00021 0.00021 0.00021 0.00021 0.00021
