grade — lambda space, K=4, extent 2.20; 6 bands/octave over 40..20000 Hz, kernel 0.0833 oct, strike 0 listen 0, 1/omega, damping 5.0/s at 0.200 s

pitch normalised: the lowest audible mode of every point is moved to 440 Hz before banding

variety per unit of travel: mean 1.049, 5th pct 0.457, 95th pct 1.823
spread: 3.99x   (FM 1.83x, Saw 2.03x, Shapes 8.47x in Kyklophoria's table; 1.0 is isotropic)
twins: 0.1% of random pairs within 0.05
axes:  axis 0 1.197  axis 1 1.679  axis 2 1.036  axis 3 0.462
modes skipped as unrenderable (non-positive or above the top band): 0.00 per evaluation over 41604 evaluations

continuity (cont_check): largest step at step/500 and step/2000, ratio ~4 smooth, ~1 cliff
  axis    spec/500   spec/2000   ratio      logf/500   logf/2000   ratio
  0        0.00427     0.00107    3.99       0.02036     0.00509    4.00
  1        0.00577     0.00144    4.00       0.00318     0.00080    4.00
  2        0.00277     0.00069    4.00       0.00162     0.00040    4.00
  3        0.00115     0.00033    3.52       0.00066     0.00016    4.00

where the frequencies move fastest along each axis (log-frequency step per 1/500 of travel, in tenths of the axis):
  axis 0: 0.0204 0.0204 0.0204 0.0204 0.0204 0.0204 0.0204 0.0204 0.0204 0.0204   peak 0.0204
  axis 1: 0.0032 0.0032 0.0032 0.0032 0.0032 0.0032 0.0032 0.0032 0.0032 0.0032   peak 0.0032
  axis 2: 0.0016 0.0016 0.0016 0.0016 0.0016 0.0016 0.0016 0.0016 0.0016 0.0016   peak 0.0016
  axis 3: 0.0007 0.0007 0.0007 0.0007 0.0007 0.0007 0.0007 0.0007 0.0007 0.0007   peak 0.0007

veering map — second difference of each aligned slot's log frequency along each sweep, in cents.
a smooth trajectory is under 100; a slot that trades places with its neighbour is hundreds.
listed: every (family, parameter, slot) over 300 cents, and each family's worst.
  bar: (0.927, slot 2: 1133) (0.927, slot 4: 1136)
    2 over 300 cents; worst 1136 cents at parameter 0.927, slot 4
  plate: (1.182, slot 0: 2812) (1.182, slot 1: 598) (1.182, slot 4: 1388) (1.182, slot 5: 1050) (1.182, slot 6: 1406) (1.182, slot 7: 1528) (1.182, slot 9: 1014) (1.182, slot 11: 1956) (1.182, slot 15: 1027) (1.182, slot 16: 2013) (1.182, slot 18: 2636) (1.182, slot 19: 579) (1.182, slot 20: 4300) (1.182, slot 21: 1115) (1.182, slot 23: 1815) (1.182, slot 24: 1362) (1.182, slot 26: 3187) (1.364, slot 1: 328) (1.364, slot 6: 1564) (1.364, slot 9: 1986) (1.364, slot 12: 563) (1.364, slot 15: 949) (1.364, slot 17: 329) (1.364, slot 21: 1705) (1.364, slot 23: 1316) (1.364, slot 24: 1131) (1.546, slot 1: 618) (1.546, slot 9: 1727) (1.546, slot 21: 744) (1.727, slot 1: 347) (1.727, slot 18: 446) (1.909, slot 1: 765) (1.909, slot 9: 1464) (1.909, slot 12: 1483) (1.909, slot 18: 867) (2.091, slot 9: 1479) (2.091, slot 12: 1399) (2.091, slot 18: 332) (2.273, slot 12: 1145) (2.273, slot 20: 1766) (2.454, slot 12: 1143) (2.454, slot 20: 1756)
    42 over 300 cents; worst 4300 cents at parameter 1.182, slot 20
  bell: (0.218, slot 35: 448) (0.436, slot 32: 727) (0.545, slot 32: 643) (0.545, slot 36: 309) (0.655, slot 22: 781) (0.655, slot 33: 756) (0.764, slot 22: 759) (0.764, slot 30: 347) (0.764, slot 33: 782) (1.091, slot 29: 661)
    10 over 300 cents; worst 782 cents at parameter 0.764, slot 33
  tine: (0.068, slot 4: 451)
    1 over 300 cents; worst 451 cents at parameter 0.068, slot 4

profiles: per axis, 500 steps, spectrum step then log-frequency step
axis 0 spec: 0.00427 0.00423 0.00420 0.00417 0.00413 0.00410 0.00406 0.00402 0.00399 0.00395 0.00391 0.00388 0.00384 0.00380 0.00377 0.00373 0.00369 0.00365 0.00361 0.00358 0.00354 0.00350 0.00346 0.00343 0.00339 0.00335 0.00331 0.00328 0.00324 0.00320 0.00316 0.00313 0.00309 0.00305 0.00302 0.00298 0.00295 0.00291 0.00288 0.00284 0.00281 0.00277 0.00274 0.00271 0.00267 0.00264 0.00261 0.00258 0.00255 0.00252 0.00249 0.00246 0.00243 0.00240 0.00236 0.00234 0.00231 0.00229 0.00226 0.00223 0.00221 0.00218 0.00216 0.00214 0.00211 0.00209 0.00207 0.00205 0.00203 0.00201 0.00199 0.00197 0.00195 0.00193 0.00192 0.00190 0.00189 0.00187 0.00186 0.00185 0.00183 0.00182 0.00181 0.00181 0.00179 0.00178 0.00178 0.00177 0.00176 0.00176 0.00175 0.00175 0.00175 0.00174 0.00174 0.00174 0.00174 0.00174 0.00174 0.00174 0.00175 0.00175 0.00175 0.00176 0.00176 0.00177 0.00178 0.00178 0.00179 0.00180 0.00181 0.00182 0.00183 0.00184 0.00185 0.00186 0.00187 0.00189 0.00190 0.00191 0.00192 0.00194 0.00195 0.00197 0.00198 0.00200 0.00202 0.00203 0.00205 0.00207 0.00208 0.00210 0.00212 0.00214 0.00216 0.00217 0.00219 0.00221 0.00223 0.00225 0.00227 0.00229 0.00231 0.00233 0.00235 0.00237 0.00239 0.00241 0.00243 0.00245 0.00247 0.00249 0.00252 0.00254 0.00256 0.00258 0.00260 0.00262 0.00264 0.00266 0.00268 0.00270 0.00273 0.00275 0.00277 0.00279 0.00281 0.00283 0.00285 0.00287 0.00289 0.00291 0.00293 0.00295 0.00297 0.00299 0.00301 0.00302 0.00304 0.00306 0.00308 0.00310 0.00311 0.00313 0.00315 0.00317 0.00318 0.00320 0.00321 0.00323 0.00324 0.00326 0.00327 0.00329 0.00330 0.00331 0.00333 0.00334 0.00335 0.00336 0.00337 0.00338 0.00339 0.00340 0.00341 0.00342 0.00343 0.00344 0.00345 0.00345 0.00346 0.00347 0.00347 0.00348 0.00348 0.00348 0.00349 0.00349 0.00349 0.00349 0.00349 0.00350 0.00350 0.00349 0.00349 0.00349 0.00349 0.00349 0.00348 0.00348 0.00348 0.00347 0.00347 0.00346 0.00345 0.00345 0.00344 0.00343 0.00342 0.00341 0.00340 0.00339 0.00338 0.00337 0.00336 0.00335 0.00333 0.00332 0.00331 0.00329 0.00328 0.00326 0.00325 0.00323 0.00322 0.00320 0.00318 0.00317 0.00315 0.00313 0.00311 0.00309 0.00307 0.00306 0.00304 0.00302 0.00299 0.00297 0.00295 0.00293 0.00291 0.00289 0.00287 0.00284 0.00282 0.00280 0.00278 0.00275 0.00273 0.00271 0.00268 0.00266 0.00264 0.00261 0.00259 0.00257 0.00254 0.00252 0.00249 0.00247 0.00245 0.00242 0.00240 0.00237 0.00235 0.00233 0.00230 0.00228 0.00225 0.00223 0.00221 0.00218 0.00216 0.00214 0.00211 0.00209 0.00207 0.00204 0.00202 0.00200 0.00197 0.00195 0.00193 0.00191 0.00189 0.00187 0.00185 0.00182 0.00180 0.00178 0.00176 0.00174 0.00172 0.00171 0.00169 0.00167 0.00165 0.00163 0.00162 0.00160 0.00158 0.00157 0.00155 0.00154 0.00152 0.00151 0.00149 0.00148 0.00147 0.00145 0.00144 0.00143 0.00142 0.00141 0.00140 0.00139 0.00138 0.00137 0.00137 0.00135 0.00135 0.00134 0.00133 0.00133 0.00132 0.00132 0.00131 0.00131 0.00131 0.00131 0.00130 0.00130 0.00130 0.00130 0.00130 0.00130 0.00130 0.00130 0.00130 0.00130 0.00131 0.00131 0.00131 0.00132 0.00132 0.00132 0.00133 0.00133 0.00134 0.00134 0.00135 0.00136 0.00136 0.00137 0.00138 0.00138 0.00139 0.00140 0.00141 0.00141 0.00142 0.00143 0.00144 0.00145 0.00146 0.00147 0.00148 0.00148 0.00149 0.00150 0.00151 0.00152 0.00153 0.00154 0.00155 0.00156 0.00157 0.00158 0.00159 0.00160 0.00161 0.00162 0.00163 0.00164 0.00165 0.00166 0.00167 0.00168 0.00169 0.00170 0.00171 0.00172 0.00173 0.00174 0.00175 0.00176 0.00177 0.00178 0.00179 0.00180 0.00181 0.00182 0.00182 0.00183 0.00184 0.00185 0.00186 0.00187 0.00188 0.00188 0.00189 0.00190 0.00191 0.00192 0.00192 0.00193 0.00194 0.00195 0.00195 0.00196 0.00197 0.00197 0.00198 0.00198 0.00199 0.00200 0.00200 0.00201 0.00201 0.00202 0.00202 0.00203 0.00203 0.00204 0.00204 0.00204 0.00205 0.00205 0.00206 0.00206 0.00206 0.00206 0.00207 0.00207 0.00207 0.00207 0.00208 0.00208 0.00208 0.00208 0.00208 0.00208 0.00208 0.00208 0.00208 0.00208 0.00208 0.00208 0.00207 0.00208 0.00208 0.00208 0.00208 0.00208 0.00208 0.00208 0.00207 0.00207 0.00207 0.00207
axis 0 logf: 0.02036 0.02036 0.02036 0.02036 0.02036 0.02036 0.02036 0.02036 0.02036 0.02036 0.02036 0.02036 0.02036 0.02036 0.02036 0.02036 0.02036 0.02036 0.02036 0.02036 0.02036 0.02036 0.02036 0.02036 0.02036 0.02036 0.02036 0.02036 0.02036 0.02036 0.02036 0.02036 0.02036 0.02036 0.02036 0.02036 0.02036 0.02036 0.02036 0.02036 0.02036 0.02036 0.02036 0.02036 0.02036 0.02036 0.02036 0.02036 0.02036 0.02036 0.02036 0.02036 0.02036 0.02036 0.02036 0.02036 0.02036 0.02036 0.02036 0.02036 0.02036 0.02036 0.02036 0.02036 0.02036 0.02036 0.02036 0.02036 0.02036 0.02036 0.02036 0.02036 0.02036 0.02036 0.02036 0.02036 0.02036 0.02036 0.02036 0.02036 0.02036 0.02036 0.02036 0.02036 0.02036 0.02036 0.02036 0.02036 0.02036 0.02036 0.02036 0.02036 0.02036 0.02036 0.02036 0.02036 0.02036 0.02036 0.02036 0.02036 0.02036 0.02036 0.02036 0.02036 0.02036 0.02036 0.02036 0.02036 0.02036 0.02036 0.02036 0.02036 0.02036 0.02036 0.02036 0.02036 0.02036 0.02036 0.02036 0.02036 0.02036 0.02036 0.02036 0.02036 0.02036 0.02036 0.02036 0.02036 0.02036 0.02036 0.02036 0.02036 0.02036 0.02036 0.02036 0.02036 0.02036 0.02036 0.02036 0.02036 0.02036 0.02036 0.02036 0.02036 0.02036 0.02036 0.02036 0.02036 0.02036 0.02036 0.02036 0.02036 0.02036 0.02036 0.02036 0.02036 0.02036 0.02036 0.02036 0.02036 0.02036 0.02036 0.02036 0.02036 0.02036 0.02036 0.02036 0.02036 0.02036 0.02036 0.02036 0.02036 0.02036 0.02036 0.02036 0.02036 0.02036 0.02036 0.02036 0.02036 0.02036 0.02036 0.02036 0.02036 0.02036 0.02036 0.02036 0.02036 0.02036 0.02036 0.02036 0.02036 0.02036 0.02036 0.02036 0.02036 0.02036 0.02036 0.02036 0.02036 0.02036 0.02036 0.02036 0.02036 0.02036 0.02036 0.02036 0.02036 0.02036 0.02036 0.02036 0.02036 0.02036 0.02036 0.02036 0.02036 0.02036 0.02036 0.02036 0.02036 0.02036 0.02036 0.02036 0.02036 0.02036 0.02036 0.02036 0.02036 0.02036 0.02036 0.02036 0.02036 0.02036 0.02036 0.02036 0.02036 0.02036 0.02036 0.02036 0.02036 0.02036 0.02036 0.02036 0.02036 0.02036 0.02036 0.02036 0.02036 0.02036 0.02036 0.02036 0.02036 0.02036 0.02036 0.02036 0.02036 0.02036 0.02036 0.02036 0.02036 0.02036 0.02036 0.02036 0.02036 0.02036 0.02036 0.02036 0.02036 0.02036 0.02036 0.02036 0.02036 0.02036 0.02036 0.02036 0.02036 0.02036 0.02036 0.02036 0.02036 0.02036 0.02036 0.02036 0.02036 0.02036 0.02036 0.02036 0.02036 0.02036 0.02036 0.02036 0.02036 0.02036 0.02036 0.02036 0.02036 0.02036 0.02036 0.02036 0.02036 0.02036 0.02036 0.02036 0.02036 0.02036 0.02036 0.02036 0.02036 0.02036 0.02036 0.02036 0.02036 0.02036 0.02036 0.02036 0.02036 0.02036 0.02036 0.02036 0.02036 0.02036 0.02036 0.02036 0.02036 0.02036 0.02036 0.02036 0.02036 0.02036 0.02036 0.02036 0.02036 0.02036 0.02036 0.02036 0.02036 0.02036 0.02036 0.02036 0.02036 0.02036 0.02036 0.02036 0.02036 0.02036 0.02036 0.02036 0.02036 0.02036 0.02036 0.02036 0.02036 0.02036 0.02036 0.02036 0.02036 0.02036 0.02036 0.02036 0.02036 0.02036 0.02036 0.02036 0.02036 0.02036 0.02036 0.02036 0.02036 0.02036 0.02036 0.02036 0.02036 0.02036 0.02036 0.02036 0.02036 0.02036 0.02036 0.02036 0.02036 0.02036 0.02036 0.02036 0.02036 0.02036 0.02036 0.02036 0.02036 0.02036 0.02036 0.02036 0.02036 0.02036 0.02036 0.02036 0.02036 0.02036 0.02036 0.02036 0.02036 0.02036 0.02036 0.02036 0.02036 0.02036 0.02036 0.02036 0.02036 0.02036 0.02036 0.02036 0.02036 0.02036 0.02036 0.02036 0.02036 0.02036 0.02036 0.02036 0.02036 0.02036 0.02036 0.02036 0.02036 0.02036 0.02036 0.02036 0.02036 0.02036 0.02036 0.02036 0.02036 0.02036 0.02036 0.02036 0.02036 0.02036 0.02036 0.02036 0.02036 0.02036 0.02036 0.02036 0.02036 0.02036 0.02036 0.02036 0.02036 0.02036 0.02036 0.02036 0.02036 0.02036 0.02036 0.02036 0.02036 0.02036 0.02036 0.02036 0.02036 0.02036 0.02036 0.02036 0.02036 0.02036 0.02036 0.02036 0.02036 0.02036 0.02036 0.02036 0.02036 0.02036 0.02036 0.02036 0.02036 0.02036 0.02036 0.02036 0.02036 0.02036 0.02036 0.02036 0.02036 0.02036 0.02036 0.02036 0.02036 0.02036 0.02036 0.02036 0.02036 0.02036 0.02036 0.02036 0.02036 0.02036 0.02036 0.02036 0.02036
axis 1 spec: 0.00460 0.00465 0.00471 0.00476 0.00481 0.00486 0.00490 0.00495 0.00500 0.00505 0.00509 0.00513 0.00518 0.00522 0.00526 0.00530 0.00534 0.00537 0.00541 0.00544 0.00547 0.00550 0.00553 0.00556 0.00559 0.00561 0.00563 0.00566 0.00568 0.00569 0.00571 0.00572 0.00574 0.00575 0.00575 0.00576 0.00577 0.00577 0.00577 0.00577 0.00577 0.00576 0.00576 0.00575 0.00574 0.00573 0.00572 0.00570 0.00568 0.00566 0.00564 0.00562 0.00560 0.00557 0.00554 0.00552 0.00548 0.00545 0.00542 0.00538 0.00535 0.00531 0.00527 0.00523 0.00519 0.00514 0.00510 0.00505 0.00500 0.00496 0.00491 0.00486 0.00480 0.00475 0.00470 0.00464 0.00459 0.00453 0.00448 0.00442 0.00436 0.00430 0.00425 0.00419 0.00413 0.00407 0.00401 0.00395 0.00389 0.00383 0.00377 0.00371 0.00364 0.00358 0.00352 0.00346 0.00340 0.00334 0.00329 0.00323 0.00317 0.00311 0.00306 0.00300 0.00295 0.00289 0.00284 0.00279 0.00274 0.00269 0.00264 0.00259 0.00255 0.00250 0.00246 0.00242 0.00238 0.00235 0.00231 0.00228 0.00225 0.00222 0.00220 0.00218 0.00216 0.00214 0.00212 0.00211 0.00210 0.00209 0.00209 0.00209 0.00209 0.00215 0.00210 0.00211 0.00212 0.00213 0.00215 0.00216 0.00218 0.00220 0.00223 0.00225 0.00228 0.00231 0.00233 0.00236 0.00240 0.00243 0.00246 0.00249 0.00253 0.00256 0.00260 0.00264 0.00267 0.00273 0.00275 0.00278 0.00282 0.00286 0.00290 0.00293 0.00297 0.00301 0.00305 0.00308 0.00312 0.00315 0.00319 0.00322 0.00326 0.00329 0.00332 0.00335 0.00339 0.00342 0.00345 0.00348 0.00350 0.00353 0.00356 0.00358 0.00361 0.00363 0.00366 0.00368 0.00370 0.00372 0.00374 0.00375 0.00377 0.00379 0.00380 0.00381 0.00383 0.00384 0.00385 0.00386 0.00386 0.00387 0.00388 0.00388 0.00388 0.00388 0.00389 0.00389 0.00388 0.00388 0.00388 0.00387 0.00387 0.00386 0.00385 0.00384 0.00383 0.00382 0.00381 0.00380 0.00378 0.00377 0.00375 0.00373 0.00371 0.00370 0.00368 0.00365 0.00363 0.00361 0.00359 0.00356 0.00354 0.00351 0.00349 0.00346 0.00343 0.00341 0.00338 0.00335 0.00332 0.00329 0.00326 0.00323 0.00320 0.00317 0.00313 0.00310 0.00307 0.00304 0.00301 0.00297 0.00294 0.00291 0.00288 0.00284 0.00281 0.00278 0.00275 0.00272 0.00268 0.00265 0.00262 0.00259 0.00256 0.00253 0.00250 0.00248 0.00245 0.00242 0.00240 0.00237 0.00235 0.00232 0.00230 0.00228 0.00226 0.00224 0.00222 0.00220 0.00219 0.00217 0.00216 0.00215 0.00214 0.00213 0.00212 0.00211 0.00211 0.00211 0.00210 0.00210 0.00210 0.00210 0.00211 0.00211 0.00212 0.00213 0.00214 0.00214 0.00216 0.00217 0.00218 0.00220 0.00221 0.00223 0.00225 0.00227 0.00229 0.00231 0.00233 0.00235 0.00237 0.00239 0.00242 0.00244 0.00247 0.00249 0.00252 0.00254 0.00257 0.00260 0.00262 0.00265 0.00268 0.00270 0.00273 0.00276 0.00279 0.00281 0.00284 0.00287 0.00289 0.00292 0.00295 0.00297 0.00300 0.00303 0.00305 0.00308 0.00310 0.00312 0.00315 0.00317 0.00319 0.00322 0.00324 0.00326 0.00328 0.00330 0.00332 0.00334 0.00336 0.00337 0.00339 0.00341 0.00342 0.00344 0.00345 0.00346 0.00348 0.00349 0.00350 0.00351 0.00352 0.00353 0.00354 0.00354 0.00355 0.00356 0.00356 0.00356 0.00357 0.00357 0.00357 0.00357 0.00357 0.00357 0.00357 0.00357 0.00356 0.00356 0.00355 0.00355 0.00354 0.00353 0.00352 0.00351 0.00350 0.00349 0.00348 0.00347 0.00346 0.00344 0.00343 0.00341 0.00340 0.00338 0.00336 0.00335 0.00333 0.00331 0.00329 0.00327 0.00325 0.00323 0.00320 0.00318 0.00316 0.00313 0.00311 0.00308 0.00306 0.00303 0.00301 0.00298 0.00296 0.00293 0.00290 0.00287 0.00285 0.00282 0.00279 0.00276 0.00273 0.00270 0.00267 0.00264 0.00262 0.00259 0.00256 0.00253 0.00250 0.00247 0.00244 0.00241 0.00238 0.00235 0.00232 0.00229 0.00226 0.00224 0.00221 0.00218 0.00215 0.00212 0.00210 0.00207 0.00204 0.00202 0.00199 0.00197 0.00195 0.00192 0.00190 0.00188 0.00186 0.00184 0.00182 0.00180 0.00178 0.00176 0.00175 0.00173 0.00172 0.00170 0.00169 0.00168 0.00167 0.00166 0.00165 0.00164 0.00164 0.00163 0.00163 0.00163 0.00162 0.00162 0.00162 0.00162 0.00163 0.00163 0.00164 0.00164 0.00165 0.00165 0.00166 0.00167 0.00168 0.00169 0.00170 0.00172 0.00173 0.00174 0.00176 0.00177 0.00179 0.00180 0.00182 0.00184
axis 1 logf: 0.00318 0.00318 0.00318 0.00318 0.00318 0.00318 0.00318 0.00318 0.00318 0.00318 0.00318 0.00318 0.00318 0.00318 0.00318 0.00318 0.00318 0.00318 0.00318 0.00318 0.00318 0.00318 0.00318 0.00318 0.00318 0.00318 0.00318 0.00318 0.00318 0.00318 0.00318 0.00318 0.00318 0.00318 0.00318 0.00318 0.00318 0.00318 0.00318 0.00318 0.00318 0.00318 0.00318 0.00318 0.00318 0.00318 0.00318 0.00318 0.00318 0.00318 0.00318 0.00318 0.00318 0.00318 0.00318 0.00318 0.00318 0.00318 0.00318 0.00318 0.00318 0.00318 0.00318 0.00318 0.00318 0.00318 0.00318 0.00318 0.00318 0.00318 0.00318 0.00318 0.00318 0.00318 0.00318 0.00318 0.00318 0.00318 0.00318 0.00318 0.00318 0.00318 0.00318 0.00318 0.00318 0.00318 0.00318 0.00318 0.00318 0.00318 0.00318 0.00318 0.00318 0.00318 0.00318 0.00318 0.00318 0.00318 0.00318 0.00318 0.00318 0.00318 0.00318 0.00318 0.00318 0.00318 0.00318 0.00318 0.00318 0.00318 0.00318 0.00318 0.00318 0.00318 0.00318 0.00318 0.00318 0.00318 0.00318 0.00318 0.00318 0.00318 0.00318 0.00318 0.00318 0.00318 0.00318 0.00318 0.00318 0.00318 0.00318 0.00318 0.00318 0.00318 0.00318 0.00318 0.00318 0.00318 0.00318 0.00318 0.00318 0.00318 0.00318 0.00318 0.00318 0.00318 0.00318 0.00318 0.00318 0.00318 0.00318 0.00318 0.00318 0.00318 0.00318 0.00318 0.00318 0.00318 0.00318 0.00318 0.00318 0.00318 0.00318 0.00318 0.00318 0.00318 0.00318 0.00318 0.00318 0.00318 0.00318 0.00318 0.00318 0.00318 0.00318 0.00318 0.00318 0.00318 0.00318 0.00318 0.00318 0.00318 0.00318 0.00318 0.00318 0.00318 0.00318 0.00318 0.00318 0.00318 0.00318 0.00318 0.00318 0.00318 0.00318 0.00318 0.00318 0.00318 0.00318 0.00318 0.00318 0.00318 0.00318 0.00318 0.00318 0.00318 0.00318 0.00318 0.00318 0.00318 0.00318 0.00318 0.00318 0.00318 0.00318 0.00318 0.00318 0.00318 0.00318 0.00318 0.00318 0.00318 0.00318 0.00318 0.00318 0.00318 0.00318 0.00318 0.00318 0.00318 0.00318 0.00318 0.00318 0.00318 0.00318 0.00318 0.00318 0.00318 0.00318 0.00318 0.00318 0.00318 0.00318 0.00318 0.00318 0.00318 0.00318 0.00318 0.00318 0.00318 0.00318 0.00318 0.00318 0.00318 0.00318 0.00318 0.00318 0.00318 0.00318 0.00318 0.00318 0.00318 0.00318 0.00318 0.00318 0.00318 0.00318 0.00318 0.00318 0.00318 0.00318 0.00318 0.00318 0.00318 0.00318 0.00318 0.00318 0.00318 0.00318 0.00318 0.00318 0.00318 0.00318 0.00318 0.00318 0.00318 0.00318 0.00318 0.00318 0.00318 0.00318 0.00318 0.00318 0.00318 0.00318 0.00318 0.00318 0.00318 0.00318 0.00318 0.00318 0.00318 0.00318 0.00318 0.00318 0.00318 0.00318 0.00318 0.00318 0.00318 0.00318 0.00318 0.00318 0.00318 0.00318 0.00318 0.00318 0.00318 0.00318 0.00318 0.00318 0.00318 0.00318 0.00318 0.00318 0.00318 0.00318 0.00318 0.00318 0.00318 0.00318 0.00318 0.00318 0.00318 0.00318 0.00318 0.00318 0.00318 0.00318 0.00318 0.00318 0.00318 0.00318 0.00318 0.00318 0.00318 0.00318 0.00318 0.00318 0.00318 0.00318 0.00318 0.00318 0.00318 0.00318 0.00318 0.00318 0.00318 0.00318 0.00318 0.00318 0.00318 0.00318 0.00318 0.00318 0.00318 0.00318 0.00318 0.00318 0.00318 0.00318 0.00318 0.00318 0.00318 0.00318 0.00318 0.00318 0.00318 0.00318 0.00318 0.00318 0.00318 0.00318 0.00318 0.00318 0.00318 0.00318 0.00318 0.00318 0.00318 0.00318 0.00318 0.00318 0.00318 0.00318 0.00318 0.00318 0.00318 0.00318 0.00318 0.00318 0.00318 0.00318 0.00318 0.00318 0.00318 0.00318 0.00318 0.00318 0.00318 0.00318 0.00318 0.00318 0.00318 0.00318 0.00318 0.00318 0.00318 0.00318 0.00318 0.00318 0.00318 0.00318 0.00318 0.00318 0.00318 0.00318 0.00318 0.00318 0.00318 0.00318 0.00318 0.00318 0.00318 0.00318 0.00318 0.00318 0.00318 0.00318 0.00318 0.00318 0.00318 0.00318 0.00318 0.00318 0.00318 0.00318 0.00318 0.00318 0.00318 0.00318 0.00318 0.00318 0.00318 0.00318 0.00318 0.00318 0.00318 0.00318 0.00318 0.00318 0.00318 0.00318 0.00318 0.00318 0.00318 0.00318 0.00318 0.00318 0.00318 0.00318 0.00318 0.00318 0.00318 0.00318 0.00318 0.00318 0.00318 0.00318 0.00318 0.00318 0.00318 0.00318 0.00318 0.00318 0.00318 0.00318 0.00318 0.00318 0.00318 0.00318 0.00318 0.00318 0.00318 0.00318 0.00318 0.00318 0.00318 0.00318 0.00318
axis 2 spec: 0.00229 0.00226 0.00224 0.00221 0.00218 0.00215 0.00213 0.00210 0.00208 0.00205 0.00202 0.00200 0.00197 0.00195 0.00192 0.00190 0.00187 0.00185 0.00182 0.00180 0.00178 0.00175 0.00173 0.00171 0.00169 0.00166 0.00164 0.00162 0.00160 0.00158 0.00156 0.00154 0.00152 0.00150 0.00148 0.00146 0.00144 0.00143 0.00141 0.00139 0.00137 0.00136 0.00134 0.00133 0.00131 0.00130 0.00129 0.00127 0.00126 0.00124 0.00123 0.00122 0.00121 0.00120 0.00119 0.00118 0.00117 0.00116 0.00115 0.00114 0.00117 0.00113 0.00113 0.00112 0.00112 0.00111 0.00111 0.00111 0.00110 0.00110 0.00110 0.00110 0.00110 0.00110 0.00110 0.00110 0.00110 0.00111 0.00111 0.00111 0.00112 0.00112 0.00113 0.00113 0.00114 0.00115 0.00115 0.00116 0.00117 0.00118 0.00118 0.00119 0.00120 0.00121 0.00122 0.00123 0.00124 0.00126 0.00127 0.00128 0.00129 0.00130 0.00132 0.00133 0.00134 0.00136 0.00137 0.00138 0.00140 0.00141 0.00143 0.00144 0.00146 0.00147 0.00149 0.00150 0.00152 0.00153 0.00155 0.00157 0.00158 0.00160 0.00161 0.00163 0.00165 0.00166 0.00168 0.00170 0.00171 0.00173 0.00175 0.00177 0.00178 0.00180 0.00182 0.00183 0.00185 0.00187 0.00189 0.00190 0.00192 0.00194 0.00195 0.00197 0.00199 0.00201 0.00202 0.00204 0.00206 0.00207 0.00209 0.00211 0.00212 0.00214 0.00216 0.00217 0.00219 0.00221 0.00222 0.00224 0.00225 0.00227 0.00229 0.00230 0.00232 0.00233 0.00235 0.00236 0.00238 0.00239 0.00240 0.00242 0.00243 0.00245 0.00246 0.00247 0.00249 0.00250 0.00251 0.00252 0.00254 0.00255 0.00256 0.00257 0.00258 0.00259 0.00260 0.00261 0.00262 0.00263 0.00264 0.00265 0.00266 0.00267 0.00268 0.00269 0.00269 0.00270 0.00271 0.00271 0.00272 0.00273 0.00273 0.00274 0.00274 0.00275 0.00275 0.00276 0.00276 0.00276 0.00277 0.00277 0.00277 0.00277 0.00277 0.00277 0.00277 0.00277 0.00277 0.00277 0.00277 0.00277 0.00277 0.00277 0.00277 0.00276 0.00276 0.00276 0.00275 0.00275 0.00274 0.00274 0.00273 0.00273 0.00272 0.00271 0.00271 0.00270 0.00269 0.00268 0.00268 0.00267 0.00266 0.00265 0.00264 0.00263 0.00262 0.00261 0.00260 0.00259 0.00258 0.00256 0.00255 0.00254 0.00253 0.00251 0.00250 0.00249 0.00247 0.00246 0.00245 0.00243 0.00242 0.00240 0.00239 0.00237 0.00236 0.00234 0.00232 0.00231 0.00229 0.00228 0.00226 0.00224 0.00223 0.00221 0.00219 0.00218 0.00216 0.00214 0.00212 0.00211 0.00209 0.00207 0.00206 0.00204 0.00202 0.00200 0.00199 0.00197 0.00195 0.00193 0.00192 0.00190 0.00188 0.00187 0.00185 0.00183 0.00182 0.00180 0.00178 0.00177 0.00175 0.00174 0.00172 0.00170 0.00169 0.00167 0.00166 0.00165 0.00163 0.00162 0.00161 0.00159 0.00158 0.00157 0.00156 0.00154 0.00153 0.00152 0.00151 0.00150 0.00149 0.00148 0.00147 0.00147 0.00146 0.00145 0.00145 0.00144 0.00143 0.00143 0.00142 0.00142 0.00142 0.00141 0.00141 0.00141 0.00141 0.00141 0.00141 0.00141 0.00141 0.00141 0.00143 0.00141 0.00142 0.00142 0.00143 0.00143 0.00143 0.00144 0.00145 0.00145 0.00146 0.00147 0.00147 0.00148 0.00149 0.00150 0.00151 0.00152 0.00153 0.00154 0.00155 0.00156 0.00157 0.00158 0.00159 0.00161 0.00162 0.00163 0.00164 0.00166 0.00167 0.00168 0.00170 0.00171 0.00172 0.00174 0.00175 0.00177 0.00178 0.00180 0.00181 0.00182 0.00184 0.00185 0.00187 0.00188 0.00190 0.00191 0.00193 0.00194 0.00196 0.00197 0.00199 0.00200 0.00202 0.00203 0.00205 0.00206 0.00208 0.00209 0.00211 0.00212 0.00213 0.00215 0.00216 0.00218 0.00219 0.00221 0.00222 0.00223 0.00225 0.00226 0.00227 0.00229 0.00230 0.00231 0.00232 0.00234 0.00235 0.00236 0.00237 0.00239 0.00240 0.00241 0.00242 0.00243 0.00244 0.00245 0.00246 0.00247 0.00248 0.00249 0.00250 0.00251 0.00252 0.00253 0.00254 0.00255 0.00255 0.00256 0.00257 0.00258 0.00259 0.00259 0.00260 0.00261 0.00261 0.00262 0.00262 0.00263 0.00263 0.00264 0.00264 0.00265 0.00265 0.00266 0.00266 0.00266 0.00267 0.00267 0.00267 0.00267 0.00268 0.00268 0.00268 0.00268 0.00268 0.00268 0.00268 0.00268 0.00268 0.00268 0.00268 0.00268 0.00268 0.00268 0.00268 0.00267 0.00267 0.00267 0.00267 0.00266 0.00266 0.00266 0.00265 0.00265 0.00264 0.00264 0.00263 0.00263 0.00262 0.00262 0.00261 0.00260 0.00260 0.00259
axis 2 logf: 0.00162 0.00162 0.00162 0.00162 0.00162 0.00162 0.00162 0.00162 0.00162 0.00162 0.00162 0.00162 0.00162 0.00162 0.00162 0.00162 0.00162 0.00162 0.00162 0.00162 0.00162 0.00162 0.00162 0.00162 0.00162 0.00162 0.00162 0.00162 0.00162 0.00162 0.00162 0.00162 0.00162 0.00162 0.00162 0.00162 0.00162 0.00162 0.00162 0.00162 0.00162 0.00162 0.00162 0.00162 0.00162 0.00162 0.00162 0.00162 0.00162 0.00162 0.00162 0.00162 0.00162 0.00162 0.00162 0.00162 0.00162 0.00162 0.00162 0.00162 0.00162 0.00162 0.00162 0.00162 0.00162 0.00162 0.00162 0.00162 0.00162 0.00162 0.00162 0.00162 0.00162 0.00162 0.00162 0.00162 0.00162 0.00162 0.00162 0.00162 0.00162 0.00162 0.00162 0.00162 0.00162 0.00162 0.00162 0.00162 0.00162 0.00162 0.00162 0.00162 0.00162 0.00162 0.00162 0.00162 0.00162 0.00162 0.00162 0.00162 0.00162 0.00162 0.00162 0.00162 0.00162 0.00162 0.00162 0.00162 0.00162 0.00162 0.00162 0.00162 0.00162 0.00162 0.00162 0.00162 0.00162 0.00162 0.00162 0.00162 0.00162 0.00162 0.00162 0.00162 0.00162 0.00162 0.00162 0.00162 0.00162 0.00162 0.00162 0.00162 0.00162 0.00162 0.00162 0.00162 0.00162 0.00162 0.00162 0.00162 0.00162 0.00162 0.00162 0.00162 0.00162 0.00162 0.00162 0.00162 0.00162 0.00162 0.00162 0.00162 0.00162 0.00162 0.00162 0.00162 0.00162 0.00162 0.00162 0.00162 0.00162 0.00162 0.00162 0.00162 0.00162 0.00162 0.00162 0.00162 0.00162 0.00162 0.00162 0.00162 0.00162 0.00162 0.00162 0.00162 0.00162 0.00162 0.00162 0.00162 0.00162 0.00162 0.00162 0.00162 0.00162 0.00162 0.00162 0.00162 0.00162 0.00162 0.00162 0.00162 0.00162 0.00162 0.00162 0.00162 0.00162 0.00162 0.00162 0.00162 0.00162 0.00162 0.00162 0.00162 0.00162 0.00162 0.00162 0.00162 0.00162 0.00162 0.00162 0.00162 0.00162 0.00162 0.00162 0.00162 0.00162 0.00162 0.00162 0.00162 0.00162 0.00162 0.00162 0.00162 0.00162 0.00162 0.00162 0.00162 0.00162 0.00162 0.00162 0.00162 0.00162 0.00162 0.00162 0.00162 0.00162 0.00162 0.00162 0.00162 0.00162 0.00162 0.00162 0.00162 0.00162 0.00162 0.00162 0.00162 0.00162 0.00162 0.00162 0.00162 0.00162 0.00162 0.00162 0.00162 0.00162 0.00162 0.00162 0.00162 0.00162 0.00162 0.00162 0.00162 0.00162 0.00162 0.00162 0.00162 0.00162 0.00162 0.00162 0.00162 0.00162 0.00162 0.00162 0.00162 0.00162 0.00162 0.00162 0.00162 0.00162 0.00162 0.00162 0.00162 0.00162 0.00162 0.00162 0.00162 0.00162 0.00162 0.00162 0.00162 0.00162 0.00162 0.00162 0.00162 0.00162 0.00162 0.00162 0.00162 0.00162 0.00162 0.00162 0.00162 0.00162 0.00162 0.00162 0.00162 0.00162 0.00162 0.00162 0.00162 0.00162 0.00162 0.00162 0.00162 0.00162 0.00162 0.00162 0.00162 0.00162 0.00162 0.00162 0.00162 0.00162 0.00162 0.00162 0.00162 0.00162 0.00162 0.00162 0.00162 0.00162 0.00162 0.00162 0.00162 0.00162 0.00162 0.00162 0.00162 0.00162 0.00162 0.00162 0.00162 0.00162 0.00162 0.00162 0.00162 0.00162 0.00162 0.00162 0.00162 0.00162 0.00162 0.00162 0.00162 0.00162 0.00162 0.00162 0.00162 0.00162 0.00162 0.00162 0.00162 0.00162 0.00162 0.00162 0.00162 0.00162 0.00162 0.00162 0.00162 0.00162 0.00162 0.00162 0.00162 0.00162 0.00162 0.00162 0.00162 0.00162 0.00162 0.00162 0.00162 0.00162 0.00162 0.00162 0.00162 0.00162 0.00162 0.00162 0.00162 0.00162 0.00162 0.00162 0.00162 0.00162 0.00162 0.00162 0.00162 0.00162 0.00162 0.00162 0.00162 0.00162 0.00162 0.00162 0.00162 0.00162 0.00162 0.00162 0.00162 0.00162 0.00162 0.00162 0.00162 0.00162 0.00162 0.00162 0.00162 0.00162 0.00162 0.00162 0.00162 0.00162 0.00162 0.00162 0.00162 0.00162 0.00162 0.00162 0.00162 0.00162 0.00162 0.00162 0.00162 0.00162 0.00162 0.00162 0.00162 0.00162 0.00162 0.00162 0.00162 0.00162 0.00162 0.00162 0.00162 0.00162 0.00162 0.00162 0.00162 0.00162 0.00162 0.00162 0.00162 0.00162 0.00162 0.00162 0.00162 0.00162 0.00162 0.00162 0.00162 0.00162 0.00162 0.00162 0.00162 0.00162 0.00162 0.00162 0.00162 0.00162 0.00162 0.00162 0.00162 0.00162 0.00162 0.00162 0.00162 0.00162 0.00162 0.00162 0.00162 0.00162 0.00162 0.00162 0.00162 0.00162 0.00162 0.00162 0.00162 0.00162 0.00162 0.00162 0.00162 0.00162 0.00162 0.00162 0.00162
axis 3 spec: 0.00095 0.00095 0.00098 0.00096 0.00096 0.00096 0.00096 0.00097 0.00097 0.00097 0.00098 0.00098 0.00098 0.00098 0.00099 0.00099 0.00099 0.00099 0.00100 0.00100 0.00100 0.00100 0.00101 0.00101 0.00101 0.00101 0.00102 0.00102 0.00102 0.00102 0.00103 0.00103 0.00103 0.00103 0.00104 0.00104 0.00104 0.00104 0.00104 0.00105 0.00105 0.00105 0.00105 0.00106 0.00106 0.00106 0.00106 0.00106 0.00107 0.00107 0.00107 0.00107 0.00107 0.00108 0.00108 0.00108 0.00108 0.00108 0.00109 0.00109 0.00109 0.00109 0.00109 0.00109 0.00110 0.00110 0.00110 0.00110 0.00110 0.00110 0.00110 0.00111 0.00111 0.00111 0.00111 0.00111 0.00111 0.00111 0.00112 0.00112 0.00112 0.00112 0.00112 0.00112 0.00112 0.00112 0.00113 0.00113 0.00113 0.00113 0.00113 0.00113 0.00113 0.00113 0.00113 0.00113 0.00113 0.00114 0.00114 0.00114 0.00114 0.00114 0.00114 0.00114 0.00114 0.00114 0.00114 0.00114 0.00114 0.00114 0.00114 0.00114 0.00114 0.00115 0.00115 0.00115 0.00115 0.00115 0.00115 0.00115 0.00115 0.00115 0.00115 0.00115 0.00115 0.00115 0.00115 0.00115 0.00115 0.00115 0.00115 0.00115 0.00115 0.00115 0.00115 0.00115 0.00115 0.00115 0.00115 0.00115 0.00115 0.00114 0.00114 0.00114 0.00114 0.00114 0.00114 0.00114 0.00114 0.00114 0.00114 0.00114 0.00114 0.00114 0.00114 0.00114 0.00114 0.00114 0.00113 0.00113 0.00113 0.00113 0.00113 0.00113 0.00113 0.00113 0.00113 0.00113 0.00112 0.00112 0.00112 0.00112 0.00112 0.00112 0.00112 0.00112 0.00112 0.00111 0.00111 0.00111 0.00111 0.00111 0.00111 0.00111 0.00110 0.00110 0.00110 0.00110 0.00110 0.00110 0.00110 0.00109 0.00109 0.00109 0.00109 0.00109 0.00109 0.00108 0.00108 0.00108 0.00108 0.00108 0.00107 0.00107 0.00107 0.00107 0.00107 0.00106 0.00106 0.00106 0.00106 0.00106 0.00105 0.00105 0.00105 0.00105 0.00105 0.00104 0.00104 0.00104 0.00104 0.00104 0.00103 0.00103 0.00103 0.00103 0.00102 0.00102 0.00102 0.00102 0.00101 0.00101 0.00101 0.00101 0.00101 0.00100 0.00100 0.00100 0.00100 0.00099 0.00099 0.00099 0.00099 0.00098 0.00098 0.00098 0.00097 0.00097 0.00097 0.00097 0.00096 0.00096 0.00096 0.00096 0.00095 0.00095 0.00095 0.00095 0.00094 0.00094 0.00094 0.00093 0.00093 0.00093 0.00093 0.00092 0.00092 0.00092 0.00091 0.00091 0.00091 0.00091 0.00090 0.00090 0.00090 0.00089 0.00089 0.00089 0.00089 0.00088 0.00088 0.00088 0.00087 0.00087 0.00087 0.00086 0.00086 0.00086 0.00086 0.00085 0.00085 0.00085 0.00084 0.00084 0.00084 0.00083 0.00083 0.00083 0.00083 0.00082 0.00082 0.00082 0.00081 0.00081 0.00081 0.00080 0.00080 0.00080 0.00080 0.00079 0.00079 0.00079 0.00078 0.00078 0.00078 0.00077 0.00077 0.00077 0.00077 0.00076 0.00076 0.00076 0.00075 0.00075 0.00075 0.00074 0.00074 0.00074 0.00074 0.00073 0.00073 0.00073 0.00072 0.00072 0.00072 0.00072 0.00071 0.00071 0.00071 0.00070 0.00070 0.00070 0.00070 0.00069 0.00069 0.00069 0.00069 0.00068 0.00068 0.00068 0.00067 0.00067 0.00067 0.00067 0.00066 0.00066 0.00066 0.00066 0.00065 0.00065 0.00065 0.00065 0.00064 0.00064 0.00064 0.00064 0.00063 0.00063 0.00063 0.00063 0.00063 0.00062 0.00062 0.00062 0.00062 0.00061 0.00061 0.00061 0.00061 0.00061 0.00060 0.00060 0.00060 0.00060 0.00060 0.00059 0.00059 0.00059 0.00059 0.00059 0.00059 0.00058 0.00058 0.00058 0.00058 0.00058 0.00058 0.00058 0.00057 0.00057 0.00057 0.00057 0.00057 0.00057 0.00057 0.00057 0.00056 0.00056 0.00056 0.00056 0.00056 0.00056 0.00056 0.00056 0.00056 0.00056 0.00056 0.00055 0.00055 0.00055 0.00055 0.00055 0.00055 0.00055 0.00055 0.00055 0.00055 0.00055 0.00055 0.00055 0.00055 0.00055 0.00055 0.00055 0.00055 0.00055 0.00055 0.00055 0.00055 0.00055 0.00055 0.00055 0.00055 0.00055 0.00055 0.00055 0.00056 0.00056 0.00059 0.00056 0.00056 0.00056 0.00056 0.00056 0.00056 0.00056 0.00056 0.00057 0.00057 0.00057 0.00057 0.00057 0.00057 0.00057 0.00057 0.00058 0.00058 0.00058 0.00058 0.00058 0.00058 0.00058 0.00059 0.00059 0.00059 0.00059 0.00059 0.00060 0.00060 0.00060 0.00060 0.00060 0.00061 0.00061 0.00061 0.00061 0.00061 0.00062 0.00062 0.00062 0.00062 0.00062 0.00063 0.00063 0.00063 0.00063 0.00064 0.00064 0.00064 0.00064
axis 3 logf: 0.00066 0.00066 0.00066 0.00066 0.00066 0.00066 0.00066 0.00066 0.00066 0.00066 0.00066 0.00066 0.00066 0.00066 0.00066 0.00066 0.00066 0.00066 0.00066 0.00066 0.00066 0.00066 0.00066 0.00066 0.00066 0.00066 0.00066 0.00066 0.00066 0.00066 0.00066 0.00066 0.00066 0.00066 0.00066 0.00066 0.00066 0.00066 0.00066 0.00066 0.00066 0.00066 0.00066 0.00066 0.00066 0.00066 0.00066 0.00066 0.00066 0.00066 0.00066 0.00066 0.00066 0.00066 0.00066 0.00066 0.00066 0.00066 0.00066 0.00066 0.00066 0.00066 0.00066 0.00066 0.00066 0.00066 0.00066 0.00066 0.00066 0.00066 0.00066 0.00066 0.00066 0.00066 0.00066 0.00066 0.00066 0.00066 0.00066 0.00066 0.00066 0.00066 0.00066 0.00066 0.00066 0.00066 0.00066 0.00066 0.00066 0.00066 0.00066 0.00066 0.00066 0.00066 0.00066 0.00066 0.00066 0.00066 0.00066 0.00066 0.00066 0.00066 0.00066 0.00066 0.00066 0.00066 0.00066 0.00066 0.00066 0.00066 0.00066 0.00066 0.00066 0.00066 0.00066 0.00066 0.00066 0.00066 0.00066 0.00066 0.00066 0.00066 0.00066 0.00066 0.00066 0.00066 0.00066 0.00066 0.00066 0.00066 0.00066 0.00066 0.00066 0.00066 0.00066 0.00066 0.00066 0.00066 0.00066 0.00066 0.00066 0.00066 0.00066 0.00066 0.00066 0.00066 0.00066 0.00066 0.00066 0.00066 0.00066 0.00066 0.00066 0.00066 0.00066 0.00066 0.00066 0.00066 0.00066 0.00066 0.00066 0.00066 0.00066 0.00066 0.00066 0.00066 0.00066 0.00066 0.00066 0.00066 0.00066 0.00066 0.00066 0.00066 0.00066 0.00066 0.00066 0.00066 0.00066 0.00066 0.00066 0.00066 0.00066 0.00066 0.00066 0.00066 0.00066 0.00066 0.00066 0.00066 0.00066 0.00066 0.00066 0.00066 0.00066 0.00066 0.00066 0.00066 0.00066 0.00066 0.00066 0.00066 0.00066 0.00066 0.00066 0.00066 0.00066 0.00066 0.00066 0.00066 0.00066 0.00066 0.00066 0.00066 0.00066 0.00066 0.00066 0.00066 0.00066 0.00066 0.00066 0.00066 0.00066 0.00066 0.00066 0.00066 0.00066 0.00066 0.00066 0.00066 0.00066 0.00066 0.00066 0.00066 0.00066 0.00066 0.00066 0.00066 0.00066 0.00066 0.00066 0.00066 0.00066 0.00066 0.00066 0.00066 0.00066 0.00066 0.00066 0.00066 0.00066 0.00066 0.00066 0.00066 0.00066 0.00066 0.00066 0.00066 0.00066 0.00066 0.00066 0.00066 0.00066 0.00066 0.00066 0.00066 0.00066 0.00066 0.00066 0.00066 0.00066 0.00066 0.00066 0.00066 0.00066 0.00066 0.00066 0.00066 0.00066 0.00066 0.00066 0.00066 0.00066 0.00066 0.00066 0.00066 0.00066 0.00066 0.00066 0.00066 0.00066 0.00066 0.00066 0.00066 0.00066 0.00066 0.00066 0.00066 0.00066 0.00066 0.00066 0.00066 0.00066 0.00066 0.00066 0.00066 0.00066 0.00066 0.00066 0.00066 0.00066 0.00066 0.00066 0.00066 0.00066 0.00066 0.00066 0.00066 0.00066 0.00066 0.00066 0.00066 0.00066 0.00066 0.00066 0.00066 0.00066 0.00066 0.00066 0.00066 0.00066 0.00066 0.00066 0.00066 0.00066 0.00066 0.00066 0.00066 0.00066 0.00066 0.00066 0.00066 0.00066 0.00066 0.00066 0.00066 0.00066 0.00066 0.00066 0.00066 0.00066 0.00066 0.00066 0.00066 0.00066 0.00066 0.00066 0.00066 0.00066 0.00066 0.00066 0.00066 0.00066 0.00066 0.00066 0.00066 0.00066 0.00066 0.00066 0.00066 0.00066 0.00066 0.00066 0.00066 0.00066 0.00066 0.00066 0.00066 0.00066 0.00066 0.00066 0.00066 0.00066 0.00066 0.00066 0.00066 0.00066 0.00066 0.00066 0.00066 0.00066 0.00066 0.00066 0.00066 0.00066 0.00066 0.00066 0.00066 0.00066 0.00066 0.00066 0.00066 0.00066 0.00066 0.00066 0.00066 0.00066 0.00066 0.00066 0.00066 0.00066 0.00066 0.00066 0.00066 0.00066 0.00066 0.00066 0.00066 0.00066 0.00066 0.00066 0.00066 0.00066 0.00066 0.00066 0.00066 0.00066 0.00066 0.00066 0.00066 0.00066 0.00066 0.00066 0.00066 0.00066 0.00066 0.00066 0.00066 0.00066 0.00066 0.00066 0.00066 0.00066 0.00066 0.00066 0.00066 0.00066 0.00066 0.00066 0.00066 0.00066 0.00066 0.00066 0.00066 0.00066 0.00066 0.00066 0.00066 0.00066 0.00066 0.00066 0.00066 0.00066 0.00066 0.00066 0.00066 0.00066 0.00066 0.00066 0.00066 0.00066 0.00066 0.00066 0.00066 0.00066 0.00066 0.00066 0.00066 0.00066 0.00066 0.00066 0.00066 0.00066 0.00066 0.00066 0.00066 0.00066 0.00066 0.00066 0.00066 0.00066 0.00066 0.00066 0.00066 0.00066 0.00066 0.00066 0.00066 0.00066 0.00066
