grade — gonly space, K=4, extent 2.20; 6 bands/octave over 40..20000 Hz, kernel 0.0833 oct, strike 0 listen 0, 1/omega, damping 5.0/s at 0.200 s

pitch normalised: the lowest audible mode of every point is moved to 440 Hz before banding

variety per unit of travel: mean 1.678, 5th pct 0.257, 95th pct 3.643
spread: 14.17x   (FM 1.83x, Saw 2.03x, Shapes 8.47x in Kyklophoria's table; 1.0 is isotropic)
twins: 2.2% of random pairs within 0.05
axes:  axis 0 3.739  axis 1 0.672  axis 2 1.178  axis 3 0.172
modes skipped as unrenderable (non-positive or above the top band): 0.00 per evaluation over 41604 evaluations

continuity (cont_check): largest step at step/500 and step/2000, ratio ~4 smooth, ~1 cliff
  axis    spec/500   spec/2000   ratio      logf/500   logf/2000   ratio
  0        0.05317     0.01331    4.00       0.00000     0.00000    0.00
  1        0.00257     0.00064    3.99       0.00000     0.00000    0.00
  2        0.00854     0.00213    4.00       0.00000     0.00000    0.00
  3        0.00052     0.00013    3.99       0.00000     0.00000    0.00

where the frequencies move fastest along each axis (log-frequency step per 1/500 of travel, in tenths of the axis):
  axis 0: 0.0000 0.0000 0.0000 0.0000 0.0000 0.0000 0.0000 0.0000 0.0000 0.0000   peak 0.0000
  axis 1: 0.0000 0.0000 0.0000 0.0000 0.0000 0.0000 0.0000 0.0000 0.0000 0.0000   peak 0.0000
  axis 2: 0.0000 0.0000 0.0000 0.0000 0.0000 0.0000 0.0000 0.0000 0.0000 0.0000   peak 0.0000
  axis 3: 0.0000 0.0000 0.0000 0.0000 0.0000 0.0000 0.0000 0.0000 0.0000 0.0000   peak 0.0000

veering map — second difference of each aligned slot's log frequency along each sweep, in cents.
a smooth trajectory is under 100; a slot that trades places with its neighbour is hundreds.
listed: every (family, parameter, slot) over 300 cents, and each family's worst.
  bar: (0.927, slot 2: 1133) (0.927, slot 4: 1136)
    2 over 300 cents; worst 1136 cents at parameter 0.927, slot 4
  plate: (1.182, slot 0: 2812) (1.182, slot 1: 598) (1.182, slot 4: 1388) (1.182, slot 5: 1050) (1.182, slot 6: 1406) (1.182, slot 7: 1528) (1.182, slot 9: 1014) (1.182, slot 11: 1956) (1.182, slot 15: 1027) (1.182, slot 16: 2013) (1.182, slot 18: 2636) (1.182, slot 19: 579) (1.182, slot 20: 4300) (1.182, slot 21: 1115) (1.182, slot 23: 1815) (1.182, slot 24: 1362) (1.182, slot 26: 3187) (1.364, slot 1: 328) (1.364, slot 6: 1564) (1.364, slot 9: 1986) (1.364, slot 12: 563) (1.364, slot 15: 949) (1.364, slot 17: 329) (1.364, slot 21: 1705) (1.364, slot 23: 1316) (1.364, slot 24: 1131) (1.546, slot 1: 618) (1.546, slot 9: 1727) (1.546, slot 21: 744) (1.727, slot 1: 347) (1.727, slot 18: 446) (1.909, slot 1: 765) (1.909, slot 9: 1464) (1.909, slot 12: 1483) (1.909, slot 18: 867) (2.091, slot 9: 1479) (2.091, slot 12: 1399) (2.091, slot 18: 332) (2.273, slot 12: 1145) (2.273, slot 20: 1766) (2.454, slot 12: 1143) (2.454, slot 20: 1756)
    42 over 300 cents; worst 4300 cents at parameter 1.182, slot 20
  bell: (0.218, slot 35: 448) (0.436, slot 32: 727) (0.545, slot 32: 643) (0.545, slot 36: 309) (0.655, slot 22: 781) (0.655, slot 33: 756) (0.764, slot 22: 759) (0.764, slot 30: 347) (0.764, slot 33: 782) (1.091, slot 29: 661)
    10 over 300 cents; worst 782 cents at parameter 0.764, slot 33

profiles: per axis, 500 steps, spectrum step then log-frequency step
axis 0 spec: 0.00115 0.00114 0.00114 0.00114 0.00114 0.00114 0.00114 0.00113 0.00113 0.00113 0.00113 0.00113 0.00113 0.00113 0.00112 0.00112 0.00112 0.00112 0.00112 0.00112 0.00111 0.00111 0.00111 0.00111 0.00111 0.00110 0.00110 0.00110 0.00110 0.00110 0.00110 0.00109 0.00109 0.00109 0.00109 0.00109 0.00108 0.00108 0.00108 0.00108 0.00108 0.00107 0.00107 0.00107 0.00107 0.00107 0.00106 0.00106 0.00106 0.00106 0.00106 0.00105 0.00105 0.00105 0.00105 0.00105 0.00104 0.00104 0.00104 0.00104 0.00103 0.00103 0.00103 0.00103 0.00103 0.00102 0.00102 0.00102 0.00102 0.00101 0.00101 0.00101 0.00101 0.00100 0.00100 0.00100 0.00100 0.00100 0.00099 0.00099 0.00099 0.00099 0.00098 0.00098 0.00098 0.00098 0.00097 0.00097 0.00097 0.00097 0.00096 0.00096 0.00096 0.00096 0.00095 0.00095 0.00095 0.00095 0.00094 0.00094 0.00094 0.00093 0.00093 0.00093 0.00093 0.00092 0.00092 0.00092 0.00092 0.00091 0.00091 0.00091 0.00091 0.00090 0.00090 0.00090 0.00090 0.00089 0.00089 0.00089 0.00088 0.00088 0.00088 0.00088 0.00087 0.00087 0.00087 0.00087 0.00086 0.00086 0.00086 0.00086 0.00085 0.00085 0.00085 0.00084 0.00084 0.00084 0.00084 0.00083 0.00083 0.00083 0.00083 0.00082 0.00082 0.00082 0.00082 0.00081 0.00081 0.00081 0.00081 0.00080 0.00080 0.00080 0.00080 0.00079 0.00079 0.00079 0.00079 0.00078 0.00078 0.00078 0.00078 0.00078 0.00077 0.00077 0.00077 0.00077 0.00076 0.00076 0.00076 0.00076 0.00076 0.00075 0.00075 0.00075 0.00075 0.00075 0.00074 0.00074 0.00074 0.00074 0.00074 0.00074 0.00073 0.00073 0.00073 0.00073 0.00073 0.00073 0.00073 0.00073 0.00072 0.00072 0.00072 0.00072 0.00072 0.00072 0.00072 0.00072 0.00072 0.00072 0.00072 0.00072 0.00072 0.00072 0.00072 0.00072 0.00072 0.00072 0.00072 0.00072 0.00072 0.00072 0.00072 0.00072 0.00072 0.00072 0.00073 0.00073 0.00073 0.00073 0.00073 0.00073 0.00074 0.00074 0.00074 0.00074 0.00075 0.00075 0.00075 0.00076 0.00076 0.00076 0.00077 0.00077 0.00078 0.00078 0.00079 0.00079 0.00080 0.00080 0.00081 0.00082 0.00082 0.00083 0.00084 0.00084 0.00085 0.00086 0.00087 0.00088 0.00089 0.00090 0.00091 0.00092 0.00093 0.00094 0.00095 0.00096 0.00097 0.00098 0.00100 0.00101 0.00103 0.00104 0.00106 0.00107 0.00109 0.00111 0.00112 0.00114 0.00116 0.00118 0.00120 0.00122 0.00124 0.00127 0.00129 0.00132 0.00134 0.00137 0.00140 0.00143 0.00146 0.00149 0.00152 0.00156 0.00159 0.00163 0.00167 0.00171 0.00175 0.00179 0.00184 0.00189 0.00194 0.00199 0.00204 0.00210 0.00216 0.00222 0.00229 0.00236 0.00243 0.00251 0.00259 0.00267 0.00276 0.00286 0.00295 0.00306 0.00317 0.00329 0.00341 0.00354 0.00368 0.00382 0.00398 0.00414 0.00431 0.00450 0.00470 0.00491 0.00513 0.00537 0.00563 0.00590 0.00620 0.00651 0.00685 0.00721 0.00760 0.00802 0.00847 0.00896 0.00949 0.01006 0.01067 0.01134 0.01206 0.01284 0.01369 0.01462 0.01562 0.01671 0.01789 0.01917 0.02056 0.02207 0.02369 0.02544 0.02732 0.02932 0.03145 0.03369 0.03602 0.03842 0.04085 0.04325 0.04557 0.04773 0.04965 0.05123 0.05240 0.05307 0.05317 0.05269 0.05159 0.04992 0.04772 0.04507 0.04207 0.03882 0.03546 0.03211 0.02891 0.02604 0.02368 0.02205 0.02132 0.02156 0.02271 0.02459 0.02699 0.02969 0.03254 0.03539 0.03812 0.04064 0.04287 0.04473 0.04617 0.04716 0.04768 0.04773 0.04733 0.04654 0.04540 0.04397 0.04232 0.04050 0.03858 0.03659 0.03460 0.03262 0.03070 0.02884 0.02705 0.02536 0.02376 0.02226 0.02085 0.01954 0.01832 0.01718 0.01612 0.01513 0.01422 0.01337 0.01259 0.01186 0.01118 0.01056 0.00997 0.00943 0.00893 0.00846 0.00802 0.00762 0.00724 0.00688 0.00655 0.00625 0.00596 0.00569 0.00544 0.00520 0.00498 0.00478 0.00459 0.00441 0.00424 0.00408 0.00393 0.00379 0.00366 0.00354 0.00342 0.00332 0.00322 0.00312 0.00304 0.00296 0.00288 0.00281 0.00274 0.00268 0.00263 0.00257 0.00252 0.00248 0.00244 0.00240 0.00237 0.00233 0.00231 0.00228 0.00226 0.00223 0.00222 0.00220 0.00218 0.00217 0.00216 0.00215 0.00214 0.00214 0.00213 0.00213 0.00213 0.00212 0.00212 0.00212 0.00213 0.00213 0.00213 0.00214 0.00214 0.00215 0.00216 0.00216 0.00217 0.00218 0.00219 0.00220 0.00221 0.00222 0.00223 0.00224
axis 0 logf: 0.00000 0.00000 0.00000 0.00000 0.00000 0.00000 0.00000 0.00000 0.00000 0.00000 0.00000 0.00000 0.00000 0.00000 0.00000 0.00000 0.00000 0.00000 0.00000 0.00000 0.00000 0.00000 0.00000 0.00000 0.00000 0.00000 0.00000 0.00000 0.00000 0.00000 0.00000 0.00000 0.00000 0.00000 0.00000 0.00000 0.00000 0.00000 0.00000 0.00000 0.00000 0.00000 0.00000 0.00000 0.00000 0.00000 0.00000 0.00000 0.00000 0.00000 0.00000 0.00000 0.00000 0.00000 0.00000 0.00000 0.00000 0.00000 0.00000 0.00000 0.00000 0.00000 0.00000 0.00000 0.00000 0.00000 0.00000 0.00000 0.00000 0.00000 0.00000 0.00000 0.00000 0.00000 0.00000 0.00000 0.00000 0.00000 0.00000 0.00000 0.00000 0.00000 0.00000 0.00000 0.00000 0.00000 0.00000 0.00000 0.00000 0.00000 0.00000 0.00000 0.00000 0.00000 0.00000 0.00000 0.00000 0.00000 0.00000 0.00000 0.00000 0.00000 0.00000 0.00000 0.00000 0.00000 0.00000 0.00000 0.00000 0.00000 0.00000 0.00000 0.00000 0.00000 0.00000 0.00000 0.00000 0.00000 0.00000 0.00000 0.00000 0.00000 0.00000 0.00000 0.00000 0.00000 0.00000 0.00000 0.00000 0.00000 0.00000 0.00000 0.00000 0.00000 0.00000 0.00000 0.00000 0.00000 0.00000 0.00000 0.00000 0.00000 0.00000 0.00000 0.00000 0.00000 0.00000 0.00000 0.00000 0.00000 0.00000 0.00000 0.00000 0.00000 0.00000 0.00000 0.00000 0.00000 0.00000 0.00000 0.00000 0.00000 0.00000 0.00000 0.00000 0.00000 0.00000 0.00000 0.00000 0.00000 0.00000 0.00000 0.00000 0.00000 0.00000 0.00000 0.00000 0.00000 0.00000 0.00000 0.00000 0.00000 0.00000 0.00000 0.00000 0.00000 0.00000 0.00000 0.00000 0.00000 0.00000 0.00000 0.00000 0.00000 0.00000 0.00000 0.00000 0.00000 0.00000 0.00000 0.00000 0.00000 0.00000 0.00000 0.00000 0.00000 0.00000 0.00000 0.00000 0.00000 0.00000 0.00000 0.00000 0.00000 0.00000 0.00000 0.00000 0.00000 0.00000 0.00000 0.00000 0.00000 0.00000 0.00000 0.00000 0.00000 0.00000 0.00000 0.00000 0.00000 0.00000 0.00000 0.00000 0.00000 0.00000 0.00000 0.00000 0.00000 0.00000 0.00000 0.00000 0.00000 0.00000 0.00000 0.00000 0.00000 0.00000 0.00000 0.00000 0.00000 0.00000 0.00000 0.00000 0.00000 0.00000 0.00000 0.00000 0.00000 0.00000 0.00000 0.00000 0.00000 0.00000 0.00000 0.00000 0.00000 0.00000 0.00000 0.00000 0.00000 0.00000 0.00000 0.00000 0.00000 0.00000 0.00000 0.00000 0.00000 0.00000 0.00000 0.00000 0.00000 0.00000 0.00000 0.00000 0.00000 0.00000 0.00000 0.00000 0.00000 0.00000 0.00000 0.00000 0.00000 0.00000 0.00000 0.00000 0.00000 0.00000 0.00000 0.00000 0.00000 0.00000 0.00000 0.00000 0.00000 0.00000 0.00000 0.00000 0.00000 0.00000 0.00000 0.00000 0.00000 0.00000 0.00000 0.00000 0.00000 0.00000 0.00000 0.00000 0.00000 0.00000 0.00000 0.00000 0.00000 0.00000 0.00000 0.00000 0.00000 0.00000 0.00000 0.00000 0.00000 0.00000 0.00000 0.00000 0.00000 0.00000 0.00000 0.00000 0.00000 0.00000 0.00000 0.00000 0.00000 0.00000 0.00000 0.00000 0.00000 0.00000 0.00000 0.00000 0.00000 0.00000 0.00000 0.00000 0.00000 0.00000 0.00000 0.00000 0.00000 0.00000 0.00000 0.00000 0.00000 0.00000 0.00000 0.00000 0.00000 0.00000 0.00000 0.00000 0.00000 0.00000 0.00000 0.00000 0.00000 0.00000 0.00000 0.00000 0.00000 0.00000 0.00000 0.00000 0.00000 0.00000 0.00000 0.00000 0.00000 0.00000 0.00000 0.00000 0.00000 0.00000 0.00000 0.00000 0.00000 0.00000 0.00000 0.00000 0.00000 0.00000 0.00000 0.00000 0.00000 0.00000 0.00000 0.00000 0.00000 0.00000 0.00000 0.00000 0.00000 0.00000 0.00000 0.00000 0.00000 0.00000 0.00000 0.00000 0.00000 0.00000 0.00000 0.00000 0.00000 0.00000 0.00000 0.00000 0.00000 0.00000 0.00000 0.00000 0.00000 0.00000 0.00000 0.00000 0.00000 0.00000 0.00000 0.00000 0.00000 0.00000 0.00000 0.00000 0.00000 0.00000 0.00000 0.00000 0.00000 0.00000 0.00000 0.00000 0.00000 0.00000 0.00000 0.00000 0.00000 0.00000 0.00000 0.00000 0.00000 0.00000 0.00000 0.00000 0.00000 0.00000 0.00000 0.00000 0.00000 0.00000 0.00000 0.00000 0.00000 0.00000 0.00000 0.00000 0.00000 0.00000 0.00000 0.00000 0.00000 0.00000 0.00000 0.00000 0.00000 0.00000 0.00000 0.00000 0.00000 0.00000 0.00000 0.00000 0.00000 0.00000 0.00000 0.00000 0.00000 0.00000 0.00000
axis 1 spec: 0.00257 0.00256 0.00255 0.00254 0.00253 0.00253 0.00252 0.00251 0.00250 0.00249 0.00248 0.00247 0.00247 0.00246 0.00245 0.00244 0.00243 0.00242 0.00242 0.00241 0.00240 0.00239 0.00238 0.00237 0.00237 0.00236 0.00235 0.00234 0.00233 0.00232 0.00232 0.00231 0.00230 0.00229 0.00228 0.00228 0.00227 0.00226 0.00225 0.00224 0.00224 0.00223 0.00222 0.00221 0.00220 0.00220 0.00219 0.00218 0.00217 0.00217 0.00216 0.00215 0.00214 0.00213 0.00213 0.00212 0.00211 0.00210 0.00210 0.00209 0.00208 0.00207 0.00207 0.00206 0.00205 0.00204 0.00204 0.00203 0.00202 0.00201 0.00201 0.00200 0.00199 0.00198 0.00198 0.00197 0.00196 0.00196 0.00195 0.00194 0.00193 0.00193 0.00192 0.00191 0.00191 0.00190 0.00189 0.00188 0.00188 0.00187 0.00186 0.00186 0.00185 0.00184 0.00184 0.00183 0.00182 0.00181 0.00181 0.00180 0.00179 0.00179 0.00178 0.00177 0.00177 0.00176 0.00175 0.00175 0.00174 0.00173 0.00173 0.00172 0.00171 0.00171 0.00170 0.00169 0.00169 0.00168 0.00168 0.00167 0.00166 0.00166 0.00165 0.00164 0.00164 0.00163 0.00162 0.00162 0.00161 0.00161 0.00160 0.00159 0.00159 0.00158 0.00158 0.00157 0.00156 0.00156 0.00155 0.00155 0.00154 0.00153 0.00153 0.00152 0.00152 0.00151 0.00150 0.00150 0.00149 0.00149 0.00148 0.00148 0.00147 0.00146 0.00146 0.00145 0.00145 0.00144 0.00144 0.00143 0.00143 0.00142 0.00141 0.00141 0.00140 0.00140 0.00139 0.00139 0.00138 0.00138 0.00137 0.00137 0.00136 0.00136 0.00135 0.00135 0.00134 0.00133 0.00133 0.00132 0.00132 0.00131 0.00131 0.00130 0.00130 0.00129 0.00129 0.00128 0.00128 0.00128 0.00127 0.00127 0.00126 0.00126 0.00125 0.00125 0.00124 0.00124 0.00123 0.00123 0.00122 0.00122 0.00121 0.00121 0.00121 0.00120 0.00120 0.00119 0.00119 0.00118 0.00118 0.00117 0.00117 0.00117 0.00116 0.00116 0.00115 0.00115 0.00114 0.00114 0.00114 0.00113 0.00113 0.00112 0.00112 0.00112 0.00111 0.00111 0.00110 0.00110 0.00110 0.00109 0.00109 0.00109 0.00108 0.00108 0.00107 0.00107 0.00107 0.00106 0.00106 0.00106 0.00105 0.00105 0.00105 0.00104 0.00104 0.00104 0.00103 0.00103 0.00103 0.00102 0.00102 0.00102 0.00101 0.00101 0.00101 0.00100 0.00100 0.00100 0.00099 0.00099 0.00099 0.00099 0.00098 0.00098 0.00098 0.00097 0.00097 0.00097 0.00097 0.00096 0.00096 0.00096 0.00096 0.00095 0.00095 0.00095 0.00095 0.00094 0.00094 0.00094 0.00094 0.00093 0.00093 0.00093 0.00093 0.00092 0.00092 0.00092 0.00092 0.00092 0.00091 0.00091 0.00091 0.00091 0.00091 0.00090 0.00090 0.00090 0.00090 0.00090 0.00089 0.00089 0.00089 0.00089 0.00089 0.00089 0.00088 0.00088 0.00088 0.00088 0.00088 0.00088 0.00088 0.00087 0.00087 0.00087 0.00087 0.00087 0.00087 0.00087 0.00087 0.00087 0.00086 0.00086 0.00086 0.00086 0.00086 0.00086 0.00086 0.00086 0.00086 0.00086 0.00086 0.00086 0.00085 0.00085 0.00085 0.00085 0.00085 0.00085 0.00085 0.00085 0.00085 0.00085 0.00085 0.00085 0.00085 0.00085 0.00085 0.00085 0.00085 0.00085 0.00085 0.00085 0.00085 0.00085 0.00085 0.00085 0.00085 0.00085 0.00085 0.00085 0.00085 0.00085 0.00085 0.00085 0.00086 0.00086 0.00086 0.00086 0.00086 0.00086 0.00086 0.00086 0.00086 0.00086 0.00086 0.00086 0.00087 0.00087 0.00087 0.00087 0.00087 0.00087 0.00087 0.00087 0.00088 0.00088 0.00088 0.00088 0.00088 0.00088 0.00088 0.00089 0.00089 0.00089 0.00089 0.00089 0.00090 0.00090 0.00090 0.00090 0.00090 0.00091 0.00091 0.00091 0.00091 0.00091 0.00092 0.00092 0.00092 0.00092 0.00093 0.00093 0.00093 0.00093 0.00094 0.00094 0.00094 0.00095 0.00095 0.00095 0.00095 0.00096 0.00096 0.00096 0.00097 0.00097 0.00097 0.00098 0.00098 0.00098 0.00099 0.00099 0.00099 0.00100 0.00100 0.00100 0.00101 0.00101 0.00102 0.00102 0.00102 0.00103 0.00103 0.00104 0.00104 0.00104 0.00105 0.00105 0.00106 0.00106 0.00107 0.00107 0.00108 0.00108 0.00109 0.00109 0.00109 0.00110 0.00110 0.00111 0.00111 0.00112 0.00113 0.00113 0.00114 0.00114 0.00115 0.00115 0.00116 0.00116 0.00117 0.00117 0.00118 0.00119 0.00119 0.00120 0.00120 0.00121 0.00122 0.00122 0.00123 0.00124 0.00124 0.00125 0.00126 0.00126 0.00127 0.00128 0.00128 0.00129 0.00130 0.00131 0.00131 0.00132 0.00133 0.00134
axis 1 logf: 0.00000 0.00000 0.00000 0.00000 0.00000 0.00000 0.00000 0.00000 0.00000 0.00000 0.00000 0.00000 0.00000 0.00000 0.00000 0.00000 0.00000 0.00000 0.00000 0.00000 0.00000 0.00000 0.00000 0.00000 0.00000 0.00000 0.00000 0.00000 0.00000 0.00000 0.00000 0.00000 0.00000 0.00000 0.00000 0.00000 0.00000 0.00000 0.00000 0.00000 0.00000 0.00000 0.00000 0.00000 0.00000 0.00000 0.00000 0.00000 0.00000 0.00000 0.00000 0.00000 0.00000 0.00000 0.00000 0.00000 0.00000 0.00000 0.00000 0.00000 0.00000 0.00000 0.00000 0.00000 0.00000 0.00000 0.00000 0.00000 0.00000 0.00000 0.00000 0.00000 0.00000 0.00000 0.00000 0.00000 0.00000 0.00000 0.00000 0.00000 0.00000 0.00000 0.00000 0.00000 0.00000 0.00000 0.00000 0.00000 0.00000 0.00000 0.00000 0.00000 0.00000 0.00000 0.00000 0.00000 0.00000 0.00000 0.00000 0.00000 0.00000 0.00000 0.00000 0.00000 0.00000 0.00000 0.00000 0.00000 0.00000 0.00000 0.00000 0.00000 0.00000 0.00000 0.00000 0.00000 0.00000 0.00000 0.00000 0.00000 0.00000 0.00000 0.00000 0.00000 0.00000 0.00000 0.00000 0.00000 0.00000 0.00000 0.00000 0.00000 0.00000 0.00000 0.00000 0.00000 0.00000 0.00000 0.00000 0.00000 0.00000 0.00000 0.00000 0.00000 0.00000 0.00000 0.00000 0.00000 0.00000 0.00000 0.00000 0.00000 0.00000 0.00000 0.00000 0.00000 0.00000 0.00000 0.00000 0.00000 0.00000 0.00000 0.00000 0.00000 0.00000 0.00000 0.00000 0.00000 0.00000 0.00000 0.00000 0.00000 0.00000 0.00000 0.00000 0.00000 0.00000 0.00000 0.00000 0.00000 0.00000 0.00000 0.00000 0.00000 0.00000 0.00000 0.00000 0.00000 0.00000 0.00000 0.00000 0.00000 0.00000 0.00000 0.00000 0.00000 0.00000 0.00000 0.00000 0.00000 0.00000 0.00000 0.00000 0.00000 0.00000 0.00000 0.00000 0.00000 0.00000 0.00000 0.00000 0.00000 0.00000 0.00000 0.00000 0.00000 0.00000 0.00000 0.00000 0.00000 0.00000 0.00000 0.00000 0.00000 0.00000 0.00000 0.00000 0.00000 0.00000 0.00000 0.00000 0.00000 0.00000 0.00000 0.00000 0.00000 0.00000 0.00000 0.00000 0.00000 0.00000 0.00000 0.00000 0.00000 0.00000 0.00000 0.00000 0.00000 0.00000 0.00000 0.00000 0.00000 0.00000 0.00000 0.00000 0.00000 0.00000 0.00000 0.00000 0.00000 0.00000 0.00000 0.00000 0.00000 0.00000 0.00000 0.00000 0.00000 0.00000 0.00000 0.00000 0.00000 0.00000 0.00000 0.00000 0.00000 0.00000 0.00000 0.00000 0.00000 0.00000 0.00000 0.00000 0.00000 0.00000 0.00000 0.00000 0.00000 0.00000 0.00000 0.00000 0.00000 0.00000 0.00000 0.00000 0.00000 0.00000 0.00000 0.00000 0.00000 0.00000 0.00000 0.00000 0.00000 0.00000 0.00000 0.00000 0.00000 0.00000 0.00000 0.00000 0.00000 0.00000 0.00000 0.00000 0.00000 0.00000 0.00000 0.00000 0.00000 0.00000 0.00000 0.00000 0.00000 0.00000 0.00000 0.00000 0.00000 0.00000 0.00000 0.00000 0.00000 0.00000 0.00000 0.00000 0.00000 0.00000 0.00000 0.00000 0.00000 0.00000 0.00000 0.00000 0.00000 0.00000 0.00000 0.00000 0.00000 0.00000 0.00000 0.00000 0.00000 0.00000 0.00000 0.00000 0.00000 0.00000 0.00000 0.00000 0.00000 0.00000 0.00000 0.00000 0.00000 0.00000 0.00000 0.00000 0.00000 0.00000 0.00000 0.00000 0.00000 0.00000 0.00000 0.00000 0.00000 0.00000 0.00000 0.00000 0.00000 0.00000 0.00000 0.00000 0.00000 0.00000 0.00000 0.00000 0.00000 0.00000 0.00000 0.00000 0.00000 0.00000 0.00000 0.00000 0.00000 0.00000 0.00000 0.00000 0.00000 0.00000 0.00000 0.00000 0.00000 0.00000 0.00000 0.00000 0.00000 0.00000 0.00000 0.00000 0.00000 0.00000 0.00000 0.00000 0.00000 0.00000 0.00000 0.00000 0.00000 0.00000 0.00000 0.00000 0.00000 0.00000 0.00000 0.00000 0.00000 0.00000 0.00000 0.00000 0.00000 0.00000 0.00000 0.00000 0.00000 0.00000 0.00000 0.00000 0.00000 0.00000 0.00000 0.00000 0.00000 0.00000 0.00000 0.00000 0.00000 0.00000 0.00000 0.00000 0.00000 0.00000 0.00000 0.00000 0.00000 0.00000 0.00000 0.00000 0.00000 0.00000 0.00000 0.00000 0.00000 0.00000 0.00000 0.00000 0.00000 0.00000 0.00000 0.00000 0.00000 0.00000 0.00000 0.00000 0.00000 0.00000 0.00000 0.00000 0.00000 0.00000 0.00000 0.00000 0.00000 0.00000 0.00000 0.00000 0.00000 0.00000 0.00000 0.00000 0.00000 0.00000 0.00000 0.00000 0.00000 0.00000 0.00000 0.00000 0.00000
axis 2 spec: 0.00052 0.00052 0.00053 0.00053 0.00053 0.00053 0.00053 0.00053 0.00053 0.00053 0.00053 0.00053 0.00053 0.00053 0.00053 0.00053 0.00053 0.00053 0.00053 0.00053 0.00053 0.00053 0.00053 0.00053 0.00053 0.00053 0.00053 0.00053 0.00053 0.00054 0.00054 0.00054 0.00054 0.00054 0.00054 0.00054 0.00054 0.00054 0.00054 0.00054 0.00054 0.00054 0.00054 0.00054 0.00054 0.00054 0.00054 0.00054 0.00054 0.00054 0.00054 0.00054 0.00054 0.00055 0.00055 0.00055 0.00055 0.00055 0.00055 0.00055 0.00055 0.00055 0.00055 0.00055 0.00055 0.00055 0.00055 0.00055 0.00055 0.00055 0.00055 0.00055 0.00055 0.00056 0.00056 0.00056 0.00056 0.00056 0.00056 0.00056 0.00056 0.00056 0.00056 0.00056 0.00056 0.00056 0.00056 0.00056 0.00057 0.00057 0.00057 0.00057 0.00057 0.00057 0.00057 0.00057 0.00057 0.00057 0.00057 0.00057 0.00057 0.00058 0.00058 0.00058 0.00058 0.00058 0.00058 0.00058 0.00058 0.00058 0.00058 0.00059 0.00059 0.00059 0.00059 0.00059 0.00059 0.00059 0.00059 0.00059 0.00060 0.00060 0.00060 0.00060 0.00060 0.00060 0.00060 0.00060 0.00061 0.00061 0.00061 0.00061 0.00061 0.00061 0.00061 0.00062 0.00062 0.00062 0.00062 0.00062 0.00062 0.00062 0.00063 0.00063 0.00063 0.00063 0.00063 0.00063 0.00064 0.00064 0.00064 0.00064 0.00064 0.00065 0.00065 0.00065 0.00065 0.00065 0.00066 0.00066 0.00066 0.00066 0.00066 0.00067 0.00067 0.00067 0.00067 0.00068 0.00068 0.00068 0.00068 0.00069 0.00069 0.00069 0.00069 0.00070 0.00070 0.00070 0.00071 0.00071 0.00071 0.00071 0.00072 0.00072 0.00072 0.00073 0.00073 0.00073 0.00074 0.00074 0.00074 0.00075 0.00075 0.00075 0.00076 0.00076 0.00076 0.00077 0.00077 0.00077 0.00078 0.00078 0.00079 0.00079 0.00079 0.00080 0.00080 0.00081 0.00081 0.00081 0.00082 0.00082 0.00083 0.00083 0.00084 0.00084 0.00085 0.00085 0.00086 0.00086 0.00087 0.00087 0.00088 0.00088 0.00089 0.00089 0.00090 0.00090 0.00091 0.00091 0.00092 0.00092 0.00093 0.00094 0.00094 0.00095 0.00095 0.00096 0.00097 0.00097 0.00098 0.00099 0.00099 0.00100 0.00101 0.00101 0.00102 0.00103 0.00103 0.00104 0.00105 0.00106 0.00106 0.00107 0.00108 0.00109 0.00110 0.00110 0.00111 0.00112 0.00113 0.00114 0.00115 0.00115 0.00116 0.00117 0.00118 0.00119 0.00120 0.00121 0.00122 0.00123 0.00124 0.00125 0.00126 0.00127 0.00128 0.00129 0.00130 0.00131 0.00132 0.00133 0.00134 0.00135 0.00136 0.00138 0.00139 0.00140 0.00141 0.00142 0.00144 0.00145 0.00146 0.00147 0.00149 0.00150 0.00151 0.00153 0.00154 0.00155 0.00157 0.00158 0.00160 0.00161 0.00163 0.00164 0.00166 0.00167 0.00169 0.00170 0.00172 0.00173 0.00175 0.00177 0.00178 0.00180 0.00182 0.00184 0.00185 0.00187 0.00189 0.00191 0.00193 0.00195 0.00196 0.00198 0.00200 0.00202 0.00204 0.00206 0.00208 0.00211 0.00213 0.00215 0.00217 0.00219 0.00221 0.00224 0.00226 0.00228 0.00231 0.00233 0.00236 0.00238 0.00241 0.00243 0.00246 0.00248 0.00251 0.00253 0.00256 0.00259 0.00262 0.00264 0.00267 0.00270 0.00273 0.00276 0.00279 0.00282 0.00285 0.00288 0.00291 0.00295 0.00298 0.00301 0.00305 0.00308 0.00311 0.00315 0.00318 0.00322 0.00325 0.00329 0.00333 0.00336 0.00340 0.00344 0.00348 0.00352 0.00356 0.00360 0.00364 0.00368 0.00372 0.00376 0.00381 0.00385 0.00389 0.00394 0.00398 0.00403 0.00407 0.00412 0.00417 0.00421 0.00426 0.00431 0.00436 0.00441 0.00446 0.00451 0.00456 0.00461 0.00466 0.00471 0.00477 0.00482 0.00487 0.00493 0.00498 0.00504 0.00509 0.00515 0.00521 0.00526 0.00532 0.00538 0.00544 0.00549 0.00555 0.00561 0.00567 0.00573 0.00579 0.00585 0.00591 0.00597 0.00604 0.00610 0.00616 0.00622 0.00628 0.00634 0.00640 0.00647 0.00653 0.00659 0.00665 0.00671 0.00677 0.00683 0.00690 0.00696 0.00702 0.00708 0.00713 0.00719 0.00725 0.00731 0.00737 0.00742 0.00748 0.00753 0.00759 0.00764 0.00769 0.00774 0.00779 0.00784 0.00789 0.00794 0.00798 0.00802 0.00807 0.00811 0.00815 0.00819 0.00822 0.00826 0.00829 0.00832 0.00835 0.00838 0.00840 0.00842 0.00845 0.00846 0.00848 0.00850 0.00851 0.00852 0.00853 0.00853 0.00854 0.00854 0.00854 0.00853 0.00853 0.00852 0.00851 0.00850 0.00848 0.00846 0.00844 0.00842 0.00840 0.00837 0.00834 0.00831
axis 2 logf: 0.00000 0.00000 0.00000 0.00000 0.00000 0.00000 0.00000 0.00000 0.00000 0.00000 0.00000 0.00000 0.00000 0.00000 0.00000 0.00000 0.00000 0.00000 0.00000 0.00000 0.00000 0.00000 0.00000 0.00000 0.00000 0.00000 0.00000 0.00000 0.00000 0.00000 0.00000 0.00000 0.00000 0.00000 0.00000 0.00000 0.00000 0.00000 0.00000 0.00000 0.00000 0.00000 0.00000 0.00000 0.00000 0.00000 0.00000 0.00000 0.00000 0.00000 0.00000 0.00000 0.00000 0.00000 0.00000 0.00000 0.00000 0.00000 0.00000 0.00000 0.00000 0.00000 0.00000 0.00000 0.00000 0.00000 0.00000 0.00000 0.00000 0.00000 0.00000 0.00000 0.00000 0.00000 0.00000 0.00000 0.00000 0.00000 0.00000 0.00000 0.00000 0.00000 0.00000 0.00000 0.00000 0.00000 0.00000 0.00000 0.00000 0.00000 0.00000 0.00000 0.00000 0.00000 0.00000 0.00000 0.00000 0.00000 0.00000 0.00000 0.00000 0.00000 0.00000 0.00000 0.00000 0.00000 0.00000 0.00000 0.00000 0.00000 0.00000 0.00000 0.00000 0.00000 0.00000 0.00000 0.00000 0.00000 0.00000 0.00000 0.00000 0.00000 0.00000 0.00000 0.00000 0.00000 0.00000 0.00000 0.00000 0.00000 0.00000 0.00000 0.00000 0.00000 0.00000 0.00000 0.00000 0.00000 0.00000 0.00000 0.00000 0.00000 0.00000 0.00000 0.00000 0.00000 0.00000 0.00000 0.00000 0.00000 0.00000 0.00000 0.00000 0.00000 0.00000 0.00000 0.00000 0.00000 0.00000 0.00000 0.00000 0.00000 0.00000 0.00000 0.00000 0.00000 0.00000 0.00000 0.00000 0.00000 0.00000 0.00000 0.00000 0.00000 0.00000 0.00000 0.00000 0.00000 0.00000 0.00000 0.00000 0.00000 0.00000 0.00000 0.00000 0.00000 0.00000 0.00000 0.00000 0.00000 0.00000 0.00000 0.00000 0.00000 0.00000 0.00000 0.00000 0.00000 0.00000 0.00000 0.00000 0.00000 0.00000 0.00000 0.00000 0.00000 0.00000 0.00000 0.00000 0.00000 0.00000 0.00000 0.00000 0.00000 0.00000 0.00000 0.00000 0.00000 0.00000 0.00000 0.00000 0.00000 0.00000 0.00000 0.00000 0.00000 0.00000 0.00000 0.00000 0.00000 0.00000 0.00000 0.00000 0.00000 0.00000 0.00000 0.00000 0.00000 0.00000 0.00000 0.00000 0.00000 0.00000 0.00000 0.00000 0.00000 0.00000 0.00000 0.00000 0.00000 0.00000 0.00000 0.00000 0.00000 0.00000 0.00000 0.00000 0.00000 0.00000 0.00000 0.00000 0.00000 0.00000 0.00000 0.00000 0.00000 0.00000 0.00000 0.00000 0.00000 0.00000 0.00000 0.00000 0.00000 0.00000 0.00000 0.00000 0.00000 0.00000 0.00000 0.00000 0.00000 0.00000 0.00000 0.00000 0.00000 0.00000 0.00000 0.00000 0.00000 0.00000 0.00000 0.00000 0.00000 0.00000 0.00000 0.00000 0.00000 0.00000 0.00000 0.00000 0.00000 0.00000 0.00000 0.00000 0.00000 0.00000 0.00000 0.00000 0.00000 0.00000 0.00000 0.00000 0.00000 0.00000 0.00000 0.00000 0.00000 0.00000 0.00000 0.00000 0.00000 0.00000 0.00000 0.00000 0.00000 0.00000 0.00000 0.00000 0.00000 0.00000 0.00000 0.00000 0.00000 0.00000 0.00000 0.00000 0.00000 0.00000 0.00000 0.00000 0.00000 0.00000 0.00000 0.00000 0.00000 0.00000 0.00000 0.00000 0.00000 0.00000 0.00000 0.00000 0.00000 0.00000 0.00000 0.00000 0.00000 0.00000 0.00000 0.00000 0.00000 0.00000 0.00000 0.00000 0.00000 0.00000 0.00000 0.00000 0.00000 0.00000 0.00000 0.00000 0.00000 0.00000 0.00000 0.00000 0.00000 0.00000 0.00000 0.00000 0.00000 0.00000 0.00000 0.00000 0.00000 0.00000 0.00000 0.00000 0.00000 0.00000 0.00000 0.00000 0.00000 0.00000 0.00000 0.00000 0.00000 0.00000 0.00000 0.00000 0.00000 0.00000 0.00000 0.00000 0.00000 0.00000 0.00000 0.00000 0.00000 0.00000 0.00000 0.00000 0.00000 0.00000 0.00000 0.00000 0.00000 0.00000 0.00000 0.00000 0.00000 0.00000 0.00000 0.00000 0.00000 0.00000 0.00000 0.00000 0.00000 0.00000 0.00000 0.00000 0.00000 0.00000 0.00000 0.00000 0.00000 0.00000 0.00000 0.00000 0.00000 0.00000 0.00000 0.00000 0.00000 0.00000 0.00000 0.00000 0.00000 0.00000 0.00000 0.00000 0.00000 0.00000 0.00000 0.00000 0.00000 0.00000 0.00000 0.00000 0.00000 0.00000 0.00000 0.00000 0.00000 0.00000 0.00000 0.00000 0.00000 0.00000 0.00000 0.00000 0.00000 0.00000 0.00000 0.00000 0.00000 0.00000 0.00000 0.00000 0.00000 0.00000 0.00000 0.00000 0.00000 0.00000 0.00000 0.00000 0.00000 0.00000 0.00000 0.00000 0.00000 0.00000 0.00000 0.00000 0.00000 0.00000 0.00000
axis 3 spec: 0.00039 0.00039 0.00039 0.00039 0.00039 0.00039 0.00039 0.00039 0.00039 0.00039 0.00039 0.00039 0.00039 0.00039 0.00039 0.00039 0.00039 0.00039 0.00039 0.00039 0.00038 0.00038 0.00038 0.00038 0.00038 0.00038 0.00038 0.00038 0.00038 0.00038 0.00038 0.00038 0.00038 0.00038 0.00038 0.00038 0.00038 0.00038 0.00038 0.00038 0.00038 0.00038 0.00038 0.00038 0.00038 0.00038 0.00038 0.00038 0.00038 0.00038 0.00038 0.00038 0.00038 0.00038 0.00038 0.00038 0.00038 0.00038 0.00038 0.00038 0.00038 0.00038 0.00038 0.00038 0.00038 0.00038 0.00038 0.00038 0.00038 0.00038 0.00038 0.00038 0.00038 0.00038 0.00038 0.00038 0.00038 0.00038 0.00038 0.00038 0.00038 0.00038 0.00038 0.00038 0.00038 0.00038 0.00038 0.00038 0.00038 0.00038 0.00038 0.00038 0.00038 0.00038 0.00038 0.00038 0.00038 0.00038 0.00038 0.00038 0.00038 0.00038 0.00038 0.00038 0.00038 0.00038 0.00038 0.00038 0.00037 0.00037 0.00037 0.00037 0.00037 0.00037 0.00037 0.00037 0.00037 0.00037 0.00037 0.00037 0.00037 0.00037 0.00037 0.00037 0.00037 0.00037 0.00037 0.00037 0.00037 0.00037 0.00037 0.00037 0.00037 0.00037 0.00037 0.00037 0.00037 0.00037 0.00037 0.00037 0.00037 0.00037 0.00037 0.00037 0.00037 0.00037 0.00037 0.00037 0.00037 0.00037 0.00037 0.00037 0.00037 0.00037 0.00037 0.00037 0.00037 0.00037 0.00037 0.00037 0.00037 0.00037 0.00037 0.00037 0.00036 0.00036 0.00036 0.00036 0.00036 0.00036 0.00036 0.00036 0.00036 0.00036 0.00036 0.00036 0.00036 0.00036 0.00036 0.00036 0.00036 0.00036 0.00036 0.00036 0.00036 0.00035 0.00035 0.00035 0.00035 0.00035 0.00035 0.00035 0.00035 0.00035 0.00035 0.00035 0.00035 0.00035 0.00035 0.00035 0.00035 0.00034 0.00034 0.00034 0.00034 0.00034 0.00034 0.00034 0.00034 0.00034 0.00034 0.00034 0.00034 0.00034 0.00033 0.00033 0.00033 0.00033 0.00033 0.00033 0.00033 0.00033 0.00033 0.00033 0.00033 0.00032 0.00032 0.00032 0.00032 0.00032 0.00032 0.00032 0.00032 0.00032 0.00032 0.00032 0.00031 0.00031 0.00031 0.00031 0.00031 0.00031 0.00031 0.00031 0.00031 0.00030 0.00030 0.00030 0.00030 0.00030 0.00030 0.00030 0.00030 0.00030 0.00030 0.00029 0.00029 0.00029 0.00029 0.00029 0.00029 0.00029 0.00029 0.00029 0.00028 0.00028 0.00028 0.00028 0.00028 0.00028 0.00028 0.00028 0.00028 0.00027 0.00027 0.00027 0.00027 0.00027 0.00027 0.00027 0.00027 0.00027 0.00026 0.00026 0.00026 0.00026 0.00026 0.00026 0.00026 0.00026 0.00026 0.00026 0.00025 0.00025 0.00025 0.00025 0.00025 0.00025 0.00025 0.00025 0.00025 0.00025 0.00025 0.00024 0.00024 0.00024 0.00024 0.00024 0.00024 0.00024 0.00024 0.00024 0.00024 0.00024 0.00024 0.00024 0.00023 0.00023 0.00023 0.00023 0.00023 0.00023 0.00023 0.00023 0.00023 0.00023 0.00023 0.00023 0.00023 0.00023 0.00023 0.00023 0.00023 0.00023 0.00023 0.00023 0.00023 0.00023 0.00023 0.00023 0.00023 0.00023 0.00023 0.00023 0.00023 0.00023 0.00023 0.00023 0.00023 0.00023 0.00023 0.00023 0.00023 0.00023 0.00023 0.00023 0.00023 0.00023 0.00023 0.00023 0.00023 0.00023 0.00024 0.00024 0.00024 0.00024 0.00024 0.00024 0.00024 0.00024 0.00024 0.00024 0.00024 0.00025 0.00025 0.00025 0.00025 0.00025 0.00025 0.00025 0.00025 0.00026 0.00026 0.00026 0.00026 0.00026 0.00026 0.00026 0.00027 0.00027 0.00027 0.00027 0.00027 0.00027 0.00028 0.00028 0.00028 0.00028 0.00028 0.00028 0.00029 0.00029 0.00029 0.00029 0.00029 0.00030 0.00030 0.00030 0.00030 0.00030 0.00031 0.00031 0.00031 0.00031 0.00031 0.00032 0.00032 0.00032 0.00032 0.00032 0.00033 0.00033 0.00033 0.00033 0.00034 0.00034 0.00034 0.00034 0.00034 0.00035 0.00035 0.00035 0.00035 0.00036 0.00036 0.00036 0.00036 0.00037 0.00037 0.00037 0.00037 0.00037 0.00038 0.00038 0.00038 0.00038 0.00039 0.00039 0.00039 0.00039 0.00040 0.00040 0.00040 0.00040 0.00041 0.00041 0.00041 0.00041 0.00042 0.00042 0.00042 0.00042 0.00043 0.00043 0.00043 0.00043 0.00044 0.00044 0.00044 0.00044 0.00045 0.00045 0.00045 0.00045 0.00046 0.00046 0.00046 0.00046 0.00047 0.00047 0.00047 0.00047 0.00048 0.00048 0.00048 0.00048 0.00049 0.00049 0.00049 0.00049 0.00050 0.00050 0.00050 0.00050 0.00051 0.00051 0.00051 0.00051 0.00052 0.00052
axis 3 logf: 0.00000 0.00000 0.00000 0.00000 0.00000 0.00000 0.00000 0.00000 0.00000 0.00000 0.00000 0.00000 0.00000 0.00000 0.00000 0.00000 0.00000 0.00000 0.00000 0.00000 0.00000 0.00000 0.00000 0.00000 0.00000 0.00000 0.00000 0.00000 0.00000 0.00000 0.00000 0.00000 0.00000 0.00000 0.00000 0.00000 0.00000 0.00000 0.00000 0.00000 0.00000 0.00000 0.00000 0.00000 0.00000 0.00000 0.00000 0.00000 0.00000 0.00000 0.00000 0.00000 0.00000 0.00000 0.00000 0.00000 0.00000 0.00000 0.00000 0.00000 0.00000 0.00000 0.00000 0.00000 0.00000 0.00000 0.00000 0.00000 0.00000 0.00000 0.00000 0.00000 0.00000 0.00000 0.00000 0.00000 0.00000 0.00000 0.00000 0.00000 0.00000 0.00000 0.00000 0.00000 0.00000 0.00000 0.00000 0.00000 0.00000 0.00000 0.00000 0.00000 0.00000 0.00000 0.00000 0.00000 0.00000 0.00000 0.00000 0.00000 0.00000 0.00000 0.00000 0.00000 0.00000 0.00000 0.00000 0.00000 0.00000 0.00000 0.00000 0.00000 0.00000 0.00000 0.00000 0.00000 0.00000 0.00000 0.00000 0.00000 0.00000 0.00000 0.00000 0.00000 0.00000 0.00000 0.00000 0.00000 0.00000 0.00000 0.00000 0.00000 0.00000 0.00000 0.00000 0.00000 0.00000 0.00000 0.00000 0.00000 0.00000 0.00000 0.00000 0.00000 0.00000 0.00000 0.00000 0.00000 0.00000 0.00000 0.00000 0.00000 0.00000 0.00000 0.00000 0.00000 0.00000 0.00000 0.00000 0.00000 0.00000 0.00000 0.00000 0.00000 0.00000 0.00000 0.00000 0.00000 0.00000 0.00000 0.00000 0.00000 0.00000 0.00000 0.00000 0.00000 0.00000 0.00000 0.00000 0.00000 0.00000 0.00000 0.00000 0.00000 0.00000 0.00000 0.00000 0.00000 0.00000 0.00000 0.00000 0.00000 0.00000 0.00000 0.00000 0.00000 0.00000 0.00000 0.00000 0.00000 0.00000 0.00000 0.00000 0.00000 0.00000 0.00000 0.00000 0.00000 0.00000 0.00000 0.00000 0.00000 0.00000 0.00000 0.00000 0.00000 0.00000 0.00000 0.00000 0.00000 0.00000 0.00000 0.00000 0.00000 0.00000 0.00000 0.00000 0.00000 0.00000 0.00000 0.00000 0.00000 0.00000 0.00000 0.00000 0.00000 0.00000 0.00000 0.00000 0.00000 0.00000 0.00000 0.00000 0.00000 0.00000 0.00000 0.00000 0.00000 0.00000 0.00000 0.00000 0.00000 0.00000 0.00000 0.00000 0.00000 0.00000 0.00000 0.00000 0.00000 0.00000 0.00000 0.00000 0.00000 0.00000 0.00000 0.00000 0.00000 0.00000 0.00000 0.00000 0.00000 0.00000 0.00000 0.00000 0.00000 0.00000 0.00000 0.00000 0.00000 0.00000 0.00000 0.00000 0.00000 0.00000 0.00000 0.00000 0.00000 0.00000 0.00000 0.00000 0.00000 0.00000 0.00000 0.00000 0.00000 0.00000 0.00000 0.00000 0.00000 0.00000 0.00000 0.00000 0.00000 0.00000 0.00000 0.00000 0.00000 0.00000 0.00000 0.00000 0.00000 0.00000 0.00000 0.00000 0.00000 0.00000 0.00000 0.00000 0.00000 0.00000 0.00000 0.00000 0.00000 0.00000 0.00000 0.00000 0.00000 0.00000 0.00000 0.00000 0.00000 0.00000 0.00000 0.00000 0.00000 0.00000 0.00000 0.00000 0.00000 0.00000 0.00000 0.00000 0.00000 0.00000 0.00000 0.00000 0.00000 0.00000 0.00000 0.00000 0.00000 0.00000 0.00000 0.00000 0.00000 0.00000 0.00000 0.00000 0.00000 0.00000 0.00000 0.00000 0.00000 0.00000 0.00000 0.00000 0.00000 0.00000 0.00000 0.00000 0.00000 0.00000 0.00000 0.00000 0.00000 0.00000 0.00000 0.00000 0.00000 0.00000 0.00000 0.00000 0.00000 0.00000 0.00000 0.00000 0.00000 0.00000 0.00000 0.00000 0.00000 0.00000 0.00000 0.00000 0.00000 0.00000 0.00000 0.00000 0.00000 0.00000 0.00000 0.00000 0.00000 0.00000 0.00000 0.00000 0.00000 0.00000 0.00000 0.00000 0.00000 0.00000 0.00000 0.00000 0.00000 0.00000 0.00000 0.00000 0.00000 0.00000 0.00000 0.00000 0.00000 0.00000 0.00000 0.00000 0.00000 0.00000 0.00000 0.00000 0.00000 0.00000 0.00000 0.00000 0.00000 0.00000 0.00000 0.00000 0.00000 0.00000 0.00000 0.00000 0.00000 0.00000 0.00000 0.00000 0.00000 0.00000 0.00000 0.00000 0.00000 0.00000 0.00000 0.00000 0.00000 0.00000 0.00000 0.00000 0.00000 0.00000 0.00000 0.00000 0.00000 0.00000 0.00000 0.00000 0.00000 0.00000 0.00000 0.00000 0.00000 0.00000 0.00000 0.00000 0.00000 0.00000 0.00000 0.00000 0.00000 0.00000 0.00000 0.00000 0.00000 0.00000 0.00000 0.00000 0.00000 0.00000 0.00000 0.00000 0.00000 0.00000 0.00000 0.00000 0.00000 0.00000 0.00000 0.00000 0.00000
