grade — diagonal space, K=4, extent 2.20; 6 bands/octave over 40..20000 Hz, kernel 0.0833 oct, strike 0 listen 0, 1/omega, damping 5.0/s at 0.200 s

pitch normalised: the lowest audible mode of every point is moved to 440 Hz before banding

ring: modes weighed by their energy over the whole decay (the space's own zeta)

variety per unit of travel: mean 0.934, 5th pct 0.007, 95th pct 2.138
spread: 291.89x   (FM 1.83x, Saw 2.03x, Shapes 8.47x in Kyklophoria's table; 1.0 is isotropic)
twins: 31.5% of random pairs within 0.05
axes:  axis 0 2.356  axis 1 0.325  axis 2 0.073  axis 3 0.010
modes skipped as unrenderable (non-positive or above the top band): 0.00 per evaluation over 41604 evaluations

continuity (cont_check): largest step at step/500 and step/2000, ratio ~4 smooth, ~1 cliff
  axis    spec/500   spec/2000   ratio      logf/500   logf/2000   ratio
  0        0.02594     0.00649    4.00       0.08035     0.02009    4.00
  1        0.00553     0.00139    3.98       0.01589     0.00397    4.00
  2        0.00077     0.00019    3.99       0.01113     0.00278    4.00
  3        0.00004     0.00001    4.00       0.00329     0.00082    4.00

where the frequencies move fastest along each axis (log-frequency step per 1/500 of travel, in tenths of the axis):
  axis 0: 0.0803 0.0803 0.0803 0.0803 0.0803 0.0803 0.0803 0.0803 0.0803 0.0803   peak 0.0803
  axis 1: 0.0159 0.0159 0.0159 0.0159 0.0159 0.0159 0.0159 0.0159 0.0159 0.0159   peak 0.0159
  axis 2: 0.0111 0.0111 0.0111 0.0111 0.0111 0.0111 0.0111 0.0111 0.0111 0.0111   peak 0.0111
  axis 3: 0.0033 0.0033 0.0033 0.0033 0.0033 0.0033 0.0033 0.0033 0.0033 0.0033   peak 0.0033

veering map — second difference of each aligned slot's log frequency along each sweep, in cents.
a smooth trajectory is under 100; a slot that trades places with its neighbour is hundreds.
listed: every (family, parameter, slot) over 300 cents, and each family's worst.
  bar: (0.927, slot 2: 1133) (0.927, slot 4: 1136)
    2 over 300 cents; worst 1136 cents at parameter 0.927, slot 4
  plate: (1.182, slot 0: 2812) (1.182, slot 1: 598) (1.182, slot 4: 1388) (1.182, slot 5: 1050) (1.182, slot 6: 1406) (1.182, slot 7: 1528) (1.182, slot 9: 1014) (1.182, slot 11: 1956) (1.182, slot 15: 1027) (1.182, slot 16: 2013) (1.182, slot 18: 2636) (1.182, slot 19: 579) (1.182, slot 20: 4300) (1.182, slot 21: 1115) (1.182, slot 23: 1815) (1.182, slot 24: 1362) (1.182, slot 26: 3187) (1.364, slot 1: 328) (1.364, slot 6: 1564) (1.364, slot 9: 1986) (1.364, slot 12: 563) (1.364, slot 15: 949) (1.364, slot 17: 329) (1.364, slot 21: 1705) (1.364, slot 23: 1316) (1.364, slot 24: 1131) (1.546, slot 1: 618) (1.546, slot 9: 1727) (1.546, slot 21: 744) (1.727, slot 1: 347) (1.727, slot 18: 446) (1.909, slot 1: 765) (1.909, slot 9: 1464) (1.909, slot 12: 1483) (1.909, slot 18: 867) (2.091, slot 9: 1479) (2.091, slot 12: 1399) (2.091, slot 18: 332) (2.273, slot 12: 1145) (2.273, slot 20: 1766) (2.454, slot 12: 1143) (2.454, slot 20: 1756)
    42 over 300 cents; worst 4300 cents at parameter 1.182, slot 20
  bell: (0.218, slot 35: 448) (0.436, slot 32: 727) (0.545, slot 32: 643) (0.545, slot 36: 309) (0.655, slot 22: 781) (0.655, slot 33: 756) (0.764, slot 22: 759) (0.764, slot 30: 347) (0.764, slot 33: 782) (1.091, slot 29: 661)
    10 over 300 cents; worst 782 cents at parameter 0.764, slot 33
  tine: (0.068, slot 4: 451)
    1 over 300 cents; worst 451 cents at parameter 0.068, slot 4
  banjo: (49.000, slot 8: 392)
    1 over 300 cents; worst 392 cents at parameter 49.000, slot 8
  ep: (44.000, slot 7: 325) (47.000, slot 5: 316) (47.000, slot 5: 301) (48.000, slot 5: 322) (49.000, slot 9: 313) (56.000, slot 8: 305) (56.000, slot 8: 313) (57.000, slot 8: 318) (68.000, slot 5: 325) (68.000, slot 4: 314) (69.000, slot 4: 340) (77.000, slot 3: 346) (83.000, slot 1: 300) (93.000, slot 1: 303) (93.000, slot 1: 303) (94.000, slot 0: 300) (94.000, slot 1: 301)
    17 over 300 cents; worst 346 cents at parameter 77.000, slot 3
  guitar: (55.000, slot 2: 300) (64.000, slot 0: 363) (68.000, slot 0: 318) (69.000, slot 0: 325) (71.000, slot 0: 324) (71.000, slot 7: 305) (71.000, slot 8: 300) (71.000, slot 14: 300) (71.000, slot 17: 300) (71.000, slot 19: 300) (71.000, slot 21: 300) (71.000, slot 23: 300) (71.000, slot 25: 300) (71.000, slot 29: 300) (71.000, slot 35: 300) (71.000, slot 36: 300) (71.000, slot 39: 300) (71.000, slot 40: 300) (71.000, slot 43: 300) (71.000, slot 44: 300) (71.000, slot 47: 300) (74.000, slot 6: 316) (74.000, slot 7: 310) (74.000, slot 8: 300) (74.000, slot 9: 304) (74.000, slot 14: 300) (74.000, slot 17: 300) (74.000, slot 19: 300) (74.000, slot 21: 300) (74.000, slot 23: 300) (74.000, slot 25: 300) (74.000, slot 29: 300) (74.000, slot 35: 300) (74.000, slot 36: 300) (74.000, slot 39: 300) (74.000, slot 40: 300) (74.000, slot 43: 300) (74.000, slot 44: 300) (74.000, slot 47: 300) (75.000, slot 0: 310) (76.000, slot 6: 303) (76.000, slot 7: 312) (76.000, slot 8: 326) (76.000, slot 13: 300) (76.000, slot 17: 300) (76.000, slot 18: 300) (76.000, slot 20: 300) (76.000, slot 22: 300) (76.000, slot 24: 300) (76.000, slot 27: 300) (76.000, slot 30: 300) (76.000, slot 32: 300) (76.000, slot 35: 300) (76.000, slot 37: 300) (76.000, slot 38: 300) (76.000, slot 40: 300) (76.000, slot 41: 300) (76.000, slot 42: 300) (76.000, slot 44: 300) (76.000, slot 45: 300) (80.000, slot 7: 312) (80.000, slot 9: 300) (80.000, slot 11: 300) (80.000, slot 13: 300) (80.000, slot 14: 300) (80.000, slot 15: 300) (80.000, slot 16: 300) (80.000, slot 17: 300) (80.000, slot 18: 300) (80.000, slot 19: 300) (80.000, slot 20: 300) (80.000, slot 22: 300) (80.000, slot 23: 300) (80.000, slot 24: 300) (80.000, slot 26: 300) (80.000, slot 27: 300) (80.000, slot 28: 300) (80.000, slot 29: 300) (80.000, slot 30: 300) (80.000, slot 31: 300) (80.000, slot 32: 300) (80.000, slot 33: 300) (80.000, slot 35: 300) (80.000, slot 36: 300) (80.000, slot 37: 300) (80.000, slot 38: 300) (80.000, slot 39: 300) (80.000, slot 40: 300) (80.000, slot 41: 300) (80.000, slot 42: 300) (80.000, slot 44: 300) (80.000, slot 45: 300) (80.000, slot 46: 300) (80.000, slot 47: 300)
    94 over 300 cents; worst 363 cents at parameter 64.000, slot 0
  mandolin:
    0 over 300 cents; worst 213 cents at parameter 70.000, slot 2
  wurli: (48.000, slot 13: 301) (55.000, slot 0: 368) (72.000, slot 6: 306)
    3 over 300 cents; worst 368 cents at parameter 55.000, slot 0

profiles: per axis, 500 steps, spectrum step then log-frequency step
axis 0 spec: 0.01051 0.01050 0.01049 0.01048 0.01047 0.01045 0.01043 0.01041 0.01038 0.01036 0.01032 0.01029 0.01025 0.01021 0.01017 0.01012 0.01007 0.01002 0.00997 0.00991 0.00986 0.00980 0.00973 0.00967 0.00960 0.00953 0.00946 0.00939 0.00932 0.00924 0.00917 0.00909 0.00901 0.00893 0.00885 0.00876 0.00868 0.00859 0.00851 0.00842 0.00834 0.00825 0.00816 0.00807 0.00799 0.00790 0.00781 0.00772 0.00763 0.00754 0.00745 0.00737 0.00728 0.00719 0.00710 0.00702 0.00693 0.00684 0.00676 0.00667 0.00659 0.00650 0.00642 0.00634 0.00626 0.00618 0.00610 0.00602 0.00594 0.00587 0.00579 0.00572 0.00565 0.00558 0.00551 0.00544 0.00538 0.00532 0.00526 0.00520 0.00514 0.00509 0.00504 0.00500 0.00496 0.00492 0.00489 0.00486 0.00483 0.00482 0.00480 0.00480 0.00480 0.00481 0.00483 0.00485 0.00489 0.00493 0.00499 0.00506 0.00514 0.00523 0.00533 0.00545 0.00559 0.00574 0.00590 0.00608 0.00627 0.00649 0.00672 0.00697 0.00723 0.00752 0.00782 0.00815 0.00849 0.00886 0.00924 0.00965 0.01007 0.01052 0.01099 0.01148 0.01199 0.01252 0.01307 0.01364 0.01423 0.01483 0.01545 0.01608 0.01673 0.01738 0.01804 0.01870 0.01936 0.02002 0.02066 0.02130 0.02191 0.02250 0.02306 0.02359 0.02407 0.02451 0.02490 0.02523 0.02550 0.02571 0.02586 0.02593 0.02594 0.02587 0.02574 0.02554 0.02528 0.02496 0.02458 0.02415 0.02367 0.02315 0.02259 0.02200 0.02138 0.02075 0.02009 0.01943 0.01876 0.01809 0.01742 0.01676 0.01610 0.01545 0.01481 0.01419 0.01358 0.01299 0.01242 0.01187 0.01133 0.01081 0.01031 0.00983 0.00937 0.00893 0.00850 0.00810 0.00771 0.00733 0.00698 0.00664 0.00631 0.00601 0.00571 0.00543 0.00516 0.00491 0.00466 0.00443 0.00421 0.00400 0.00380 0.00361 0.00343 0.00326 0.00310 0.00294 0.00279 0.00265 0.00252 0.00240 0.00227 0.00216 0.00205 0.00195 0.00185 0.00176 0.00167 0.00159 0.00151 0.00143 0.00136 0.00129 0.00123 0.00116 0.00111 0.00105 0.00100 0.00095 0.00090 0.00085 0.00081 0.00077 0.00073 0.00069 0.00066 0.00063 0.00059 0.00056 0.00054 0.00051 0.00048 0.00046 0.00044 0.00041 0.00039 0.00037 0.00035 0.00034 0.00032 0.00030 0.00029 0.00027 0.00026 0.00025 0.00023 0.00022 0.00021 0.00020 0.00019 0.00018 0.00017 0.00016 0.00016 0.00015 0.00014 0.00013 0.00013 0.00012 0.00011 0.00011 0.00010 0.00010 0.00009 0.00009 0.00008 0.00008 0.00008 0.00007 0.00007 0.00006 0.00006 0.00006 0.00006 0.00005 0.00005 0.00005 0.00004 0.00004 0.00004 0.00004 0.00004 0.00003 0.00003 0.00003 0.00003 0.00003 0.00003 0.00003 0.00002 0.00002 0.00002 0.00002 0.00002 0.00002 0.00002 0.00002 0.00002 0.00002 0.00001 0.00001 0.00001 0.00001 0.00001 0.00001 0.00001 0.00001 0.00001 0.00001 0.00001 0.00001 0.00001 0.00001 0.00001 0.00001 0.00001 0.00001 0.00001 0.00001 0.00001 0.00000 0.00000 0.00000 0.00000 0.00000 0.00000 0.00000 0.00000 0.00000 0.00000 0.00000 0.00000 0.00000 0.00000 0.00000 0.00000 0.00000 0.00000 0.00000 0.00000 0.00000 0.00000 0.00000 0.00000 0.00000 0.00000 0.00000 0.00000 0.00000 0.00000 0.00000 0.00000 0.00000 0.00000 0.00000 0.00000 0.00000 0.00000 0.00000 0.00000 0.00000 0.00000 0.00000 0.00000 0.00000 0.00000 0.00000 0.00000 0.00000 0.00000 0.00000 0.00000 0.00000 0.00000 0.00000 0.00000 0.00000 0.00000 0.00000 0.00000 0.00000 0.00000 0.00000 0.00000 0.00000 0.00000 0.00000 0.00000 0.00000 0.00000 0.00000 0.00000 0.00000 0.00000 0.00000 0.00000 0.00000 0.00000 0.00000 0.00000 0.00000 0.00000 0.00000 0.00000 0.00000 0.00000 0.00000 0.00000 0.00000 0.00000 0.00000 0.00000 0.00000 0.00000 0.00000 0.00000 0.00000 0.00000 0.00000 0.00000 0.00000 0.00000 0.00000 0.00000 0.00000 0.00000 0.00000 0.00000 0.00000 0.00000 0.00000 0.00000 0.00000 0.00000 0.00000 0.00000 0.00000 0.00000 0.00000 0.00000 0.00000 0.00000 0.00000 0.00000 0.00000 0.00000 0.00000 0.00000 0.00000 0.00000 0.00000 0.00000 0.00000 0.00000 0.00000 0.00000 0.00000 0.00000 0.00000 0.00000 0.00000 0.00000 0.00000 0.00000 0.00000 0.00000 0.00000 0.00000 0.00000 0.00000 0.00000 0.00000 0.00000 0.00000 0.00000 0.00000 0.00000 0.00000 0.00000 0.00000 0.00000 0.00000 0.00000 0.00000 0.00000 0.00000 0.00000 0.00000 0.00000
axis 0 logf: 0.08035 0.08035 0.08035 0.08035 0.08035 0.08035 0.08035 0.08035 0.08035 0.08035 0.08035 0.08035 0.08035 0.08035 0.08035 0.08035 0.08035 0.08035 0.08035 0.08035 0.08035 0.08035 0.08035 0.08035 0.08035 0.08035 0.08035 0.08035 0.08035 0.08035 0.08035 0.08035 0.08035 0.08035 0.08035 0.08035 0.08035 0.08035 0.08035 0.08035 0.08035 0.08035 0.08035 0.08035 0.08035 0.08035 0.08035 0.08035 0.08035 0.08035 0.08035 0.08035 0.08035 0.08035 0.08035 0.08035 0.08035 0.08035 0.08035 0.08035 0.08035 0.08035 0.08035 0.08035 0.08035 0.08035 0.08035 0.08035 0.08035 0.08035 0.08035 0.08035 0.08035 0.08035 0.08035 0.08035 0.08035 0.08035 0.08035 0.08035 0.08035 0.08035 0.08035 0.08035 0.08035 0.08035 0.08035 0.08035 0.08035 0.08035 0.08035 0.08035 0.08035 0.08035 0.08035 0.08035 0.08035 0.08035 0.08035 0.08035 0.08035 0.08035 0.08035 0.08035 0.08035 0.08035 0.08035 0.08035 0.08035 0.08035 0.08035 0.08035 0.08035 0.08035 0.08035 0.08035 0.08035 0.08035 0.08035 0.08035 0.08035 0.08035 0.08035 0.08035 0.08035 0.08035 0.08035 0.08035 0.08035 0.08035 0.08035 0.08035 0.08035 0.08035 0.08035 0.08035 0.08035 0.08035 0.08035 0.08035 0.08035 0.08035 0.08035 0.08035 0.08035 0.08035 0.08035 0.08035 0.08035 0.08035 0.08035 0.08035 0.08035 0.08035 0.08035 0.08035 0.08035 0.08035 0.08035 0.08035 0.08035 0.08035 0.08035 0.08035 0.08035 0.08035 0.08035 0.08035 0.08035 0.08035 0.08035 0.08035 0.08035 0.08035 0.08035 0.08035 0.08035 0.08035 0.08035 0.08035 0.08035 0.08035 0.08035 0.08035 0.08035 0.08035 0.08035 0.08035 0.08035 0.08035 0.08035 0.08035 0.08035 0.08035 0.08035 0.08035 0.08035 0.08035 0.08035 0.08035 0.08035 0.08035 0.08035 0.08035 0.08035 0.08035 0.08035 0.08035 0.08035 0.08035 0.08035 0.08035 0.08035 0.08035 0.08035 0.08035 0.08035 0.08035 0.08035 0.08035 0.08035 0.08035 0.08035 0.08035 0.08035 0.08035 0.08035 0.08035 0.08035 0.08035 0.08035 0.08035 0.08035 0.08035 0.08035 0.08035 0.08035 0.08035 0.08035 0.08035 0.08035 0.08035 0.08035 0.08035 0.08035 0.08035 0.08035 0.08035 0.08035 0.08035 0.08035 0.08035 0.08035 0.08035 0.08035 0.08035 0.08035 0.08035 0.08035 0.08035 0.08035 0.08035 0.08035 0.08035 0.08035 0.08035 0.08035 0.08035 0.08035 0.08035 0.08035 0.08035 0.08035 0.08035 0.08035 0.08035 0.08035 0.08035 0.08035 0.08035 0.08035 0.08035 0.08035 0.08035 0.08035 0.08035 0.08035 0.08035 0.08035 0.08035 0.08035 0.08035 0.08035 0.08035 0.08035 0.08035 0.08035 0.08035 0.08035 0.08035 0.08035 0.08035 0.08035 0.08035 0.08035 0.08035 0.08035 0.08035 0.08035 0.08035 0.08035 0.08035 0.08035 0.08035 0.08035 0.08035 0.08035 0.08035 0.08035 0.08035 0.08035 0.08035 0.08035 0.08035 0.08035 0.08035 0.08035 0.08035 0.08035 0.08035 0.08035 0.08035 0.08035 0.08035 0.08035 0.08035 0.08035 0.08035 0.08035 0.08035 0.08035 0.08035 0.08035 0.08035 0.08035 0.08035 0.08035 0.08035 0.08035 0.08035 0.08035 0.08035 0.08035 0.08035 0.08035 0.08035 0.08035 0.08035 0.08035 0.08035 0.08035 0.08035 0.08035 0.08035 0.08035 0.08035 0.08035 0.08035 0.08035 0.08035 0.08035 0.08035 0.08035 0.08035 0.08035 0.08035 0.08035 0.08035 0.08035 0.08035 0.08035 0.08035 0.08035 0.08035 0.08035 0.08035 0.08035 0.08035 0.08035 0.08035 0.08035 0.08035 0.08035 0.08035 0.08035 0.08035 0.08035 0.08035 0.08035 0.08035 0.08035 0.08035 0.08035 0.08035 0.08035 0.08035 0.08035 0.08035 0.08035 0.08035 0.08035 0.08035 0.08035 0.08035 0.08035 0.08035 0.08035 0.08035 0.08035 0.08035 0.08035 0.08035 0.08035 0.08035 0.08035 0.08035 0.08035 0.08035 0.08035 0.08035 0.08035 0.08035 0.08035 0.08035 0.08035 0.08035 0.08035 0.08035 0.08035 0.08035 0.08035 0.08035 0.08035 0.08035 0.08035 0.08035 0.08035 0.08035 0.08035 0.08035 0.08035 0.08035 0.08035 0.08035 0.08035 0.08035 0.08035 0.08035 0.08035 0.08035 0.08035 0.08035 0.08035 0.08035 0.08035 0.08035 0.08035 0.08035 0.08035 0.08035 0.08035 0.08035 0.08035 0.08035 0.08035 0.08035 0.08035 0.08035 0.08035 0.08035 0.08035 0.08035 0.08035 0.08035 0.08035 0.08035 0.08035 0.08035 0.08035 0.08035 0.08035 0.08035 0.08035 0.08035 0.08035 0.08035 0.08035 0.08035 0.08035 0.08035
axis 1 spec: 0.00553 0.00546 0.00539 0.00533 0.00526 0.00519 0.00513 0.00506 0.00500 0.00493 0.00487 0.00480 0.00474 0.00467 0.00461 0.00455 0.00449 0.00443 0.00436 0.00430 0.00424 0.00418 0.00412 0.00407 0.00401 0.00395 0.00389 0.00384 0.00378 0.00373 0.00367 0.00362 0.00357 0.00351 0.00346 0.00341 0.00336 0.00331 0.00326 0.00321 0.00316 0.00311 0.00307 0.00302 0.00297 0.00293 0.00288 0.00284 0.00280 0.00275 0.00271 0.00267 0.00263 0.00259 0.00255 0.00251 0.00247 0.00243 0.00239 0.00236 0.00232 0.00228 0.00225 0.00221 0.00218 0.00214 0.00211 0.00207 0.00204 0.00201 0.00198 0.00195 0.00192 0.00189 0.00186 0.00183 0.00180 0.00177 0.00174 0.00171 0.00168 0.00166 0.00163 0.00160 0.00158 0.00155 0.00153 0.00150 0.00148 0.00146 0.00143 0.00141 0.00139 0.00137 0.00134 0.00132 0.00130 0.00128 0.00126 0.00124 0.00122 0.00120 0.00118 0.00116 0.00114 0.00112 0.00110 0.00109 0.00107 0.00105 0.00103 0.00102 0.00100 0.00099 0.00097 0.00095 0.00094 0.00092 0.00091 0.00089 0.00088 0.00086 0.00085 0.00084 0.00082 0.00081 0.00080 0.00078 0.00077 0.00076 0.00075 0.00073 0.00072 0.00071 0.00070 0.00069 0.00068 0.00067 0.00065 0.00064 0.00063 0.00062 0.00061 0.00060 0.00059 0.00058 0.00057 0.00056 0.00056 0.00055 0.00054 0.00053 0.00052 0.00051 0.00050 0.00049 0.00049 0.00048 0.00047 0.00046 0.00046 0.00045 0.00044 0.00043 0.00043 0.00042 0.00041 0.00041 0.00040 0.00039 0.00039 0.00038 0.00037 0.00037 0.00036 0.00036 0.00035 0.00034 0.00034 0.00033 0.00033 0.00032 0.00032 0.00031 0.00031 0.00030 0.00030 0.00029 0.00029 0.00028 0.00028 0.00027 0.00027 0.00027 0.00026 0.00026 0.00025 0.00025 0.00024 0.00024 0.00024 0.00023 0.00023 0.00022 0.00022 0.00022 0.00021 0.00021 0.00021 0.00020 0.00020 0.00020 0.00019 0.00019 0.00019 0.00018 0.00018 0.00018 0.00018 0.00017 0.00017 0.00017 0.00016 0.00016 0.00016 0.00016 0.00015 0.00015 0.00015 0.00015 0.00014 0.00014 0.00014 0.00014 0.00013 0.00013 0.00013 0.00013 0.00013 0.00012 0.00012 0.00012 0.00012 0.00012 0.00011 0.00011 0.00011 0.00011 0.00011 0.00011 0.00010 0.00010 0.00010 0.00010 0.00010 0.00010 0.00009 0.00009 0.00009 0.00009 0.00009 0.00009 0.00009 0.00008 0.00008 0.00008 0.00008 0.00008 0.00008 0.00008 0.00007 0.00007 0.00007 0.00007 0.00007 0.00007 0.00007 0.00007 0.00007 0.00006 0.00006 0.00006 0.00006 0.00006 0.00006 0.00006 0.00006 0.00006 0.00006 0.00005 0.00005 0.00005 0.00005 0.00005 0.00005 0.00005 0.00005 0.00005 0.00005 0.00005 0.00005 0.00004 0.00004 0.00004 0.00004 0.00004 0.00004 0.00004 0.00004 0.00004 0.00004 0.00004 0.00004 0.00004 0.00004 0.00004 0.00004 0.00003 0.00003 0.00003 0.00003 0.00003 0.00003 0.00003 0.00003 0.00003 0.00003 0.00003 0.00003 0.00003 0.00003 0.00003 0.00003 0.00003 0.00003 0.00003 0.00003 0.00002 0.00002 0.00002 0.00002 0.00002 0.00002 0.00002 0.00002 0.00002 0.00002 0.00002 0.00002 0.00002 0.00002 0.00002 0.00002 0.00002 0.00002 0.00002 0.00002 0.00002 0.00002 0.00002 0.00002 0.00002 0.00002 0.00002 0.00002 0.00002 0.00002 0.00002 0.00001 0.00001 0.00001 0.00001 0.00001 0.00001 0.00001 0.00001 0.00001 0.00001 0.00001 0.00001 0.00001 0.00001 0.00001 0.00001 0.00001 0.00001 0.00001 0.00001 0.00001 0.00001 0.00001 0.00001 0.00001 0.00001 0.00001 0.00001 0.00001 0.00001 0.00001 0.00001 0.00001 0.00001 0.00001 0.00001 0.00001 0.00001 0.00001 0.00001 0.00001 0.00001 0.00001 0.00001 0.00001 0.00001 0.00001 0.00001 0.00001 0.00001 0.00001 0.00001 0.00001 0.00001 0.00001 0.00001 0.00001 0.00001 0.00001 0.00001 0.00001 0.00001 0.00001 0.00001 0.00001 0.00001 0.00001 0.00000 0.00000 0.00000 0.00000 0.00000 0.00000 0.00000 0.00000 0.00000 0.00000 0.00000 0.00000 0.00000 0.00000 0.00000 0.00000 0.00000 0.00000 0.00000 0.00000 0.00000 0.00000 0.00000 0.00000 0.00000 0.00000 0.00000 0.00000 0.00000 0.00000 0.00000 0.00000 0.00000 0.00000 0.00000 0.00000 0.00000 0.00000 0.00000 0.00000 0.00000 0.00000 0.00000 0.00000 0.00000 0.00000 0.00000 0.00000 0.00000 0.00000 0.00000 0.00000 0.00000 0.00000 0.00000 0.00000 0.00000 0.00000 0.00000 0.00000 0.00000 0.00000 0.00000 0.00000 0.00000
axis 1 logf: 0.01589 0.01589 0.01589 0.01589 0.01589 0.01589 0.01589 0.01589 0.01589 0.01589 0.01589 0.01589 0.01589 0.01589 0.01589 0.01589 0.01589 0.01589 0.01589 0.01589 0.01589 0.01589 0.01589 0.01589 0.01589 0.01589 0.01589 0.01589 0.01589 0.01589 0.01589 0.01589 0.01589 0.01589 0.01589 0.01589 0.01589 0.01589 0.01589 0.01589 0.01589 0.01589 0.01589 0.01589 0.01589 0.01589 0.01589 0.01589 0.01589 0.01589 0.01589 0.01589 0.01589 0.01589 0.01589 0.01589 0.01589 0.01589 0.01589 0.01589 0.01589 0.01589 0.01589 0.01589 0.01589 0.01589 0.01589 0.01589 0.01589 0.01589 0.01589 0.01589 0.01589 0.01589 0.01589 0.01589 0.01589 0.01589 0.01589 0.01589 0.01589 0.01589 0.01589 0.01589 0.01589 0.01589 0.01589 0.01589 0.01589 0.01589 0.01589 0.01589 0.01589 0.01589 0.01589 0.01589 0.01589 0.01589 0.01589 0.01589 0.01589 0.01589 0.01589 0.01589 0.01589 0.01589 0.01589 0.01589 0.01589 0.01589 0.01589 0.01589 0.01589 0.01589 0.01589 0.01589 0.01589 0.01589 0.01589 0.01589 0.01589 0.01589 0.01589 0.01589 0.01589 0.01589 0.01589 0.01589 0.01589 0.01589 0.01589 0.01589 0.01589 0.01589 0.01589 0.01589 0.01589 0.01589 0.01589 0.01589 0.01589 0.01589 0.01589 0.01589 0.01589 0.01589 0.01589 0.01589 0.01589 0.01589 0.01589 0.01589 0.01589 0.01589 0.01589 0.01589 0.01589 0.01589 0.01589 0.01589 0.01589 0.01589 0.01589 0.01589 0.01589 0.01589 0.01589 0.01589 0.01589 0.01589 0.01589 0.01589 0.01589 0.01589 0.01589 0.01589 0.01589 0.01589 0.01589 0.01589 0.01589 0.01589 0.01589 0.01589 0.01589 0.01589 0.01589 0.01589 0.01589 0.01589 0.01589 0.01589 0.01589 0.01589 0.01589 0.01589 0.01589 0.01589 0.01589 0.01589 0.01589 0.01589 0.01589 0.01589 0.01589 0.01589 0.01589 0.01589 0.01589 0.01589 0.01589 0.01589 0.01589 0.01589 0.01589 0.01589 0.01589 0.01589 0.01589 0.01589 0.01589 0.01589 0.01589 0.01589 0.01589 0.01589 0.01589 0.01589 0.01589 0.01589 0.01589 0.01589 0.01589 0.01589 0.01589 0.01589 0.01589 0.01589 0.01589 0.01589 0.01589 0.01589 0.01589 0.01589 0.01589 0.01589 0.01589 0.01589 0.01589 0.01589 0.01589 0.01589 0.01589 0.01589 0.01589 0.01589 0.01589 0.01589 0.01589 0.01589 0.01589 0.01589 0.01589 0.01589 0.01589 0.01589 0.01589 0.01589 0.01589 0.01589 0.01589 0.01589 0.01589 0.01589 0.01589 0.01589 0.01589 0.01589 0.01589 0.01589 0.01589 0.01589 0.01589 0.01589 0.01589 0.01589 0.01589 0.01589 0.01589 0.01589 0.01589 0.01589 0.01589 0.01589 0.01589 0.01589 0.01589 0.01589 0.01589 0.01589 0.01589 0.01589 0.01589 0.01589 0.01589 0.01589 0.01589 0.01589 0.01589 0.01589 0.01589 0.01589 0.01589 0.01589 0.01589 0.01589 0.01589 0.01589 0.01589 0.01589 0.01589 0.01589 0.01589 0.01589 0.01589 0.01589 0.01589 0.01589 0.01589 0.01589 0.01589 0.01589 0.01589 0.01589 0.01589 0.01589 0.01589 0.01589 0.01589 0.01589 0.01589 0.01589 0.01589 0.01589 0.01589 0.01589 0.01589 0.01589 0.01589 0.01589 0.01589 0.01589 0.01589 0.01589 0.01589 0.01589 0.01589 0.01589 0.01589 0.01589 0.01589 0.01589 0.01589 0.01589 0.01589 0.01589 0.01589 0.01589 0.01589 0.01589 0.01589 0.01589 0.01589 0.01589 0.01589 0.01589 0.01589 0.01589 0.01589 0.01589 0.01589 0.01589 0.01589 0.01589 0.01589 0.01589 0.01589 0.01589 0.01589 0.01589 0.01589 0.01589 0.01589 0.01589 0.01589 0.01589 0.01589 0.01589 0.01589 0.01589 0.01589 0.01589 0.01589 0.01589 0.01589 0.01589 0.01589 0.01589 0.01589 0.01589 0.01589 0.01589 0.01589 0.01589 0.01589 0.01589 0.01589 0.01589 0.01589 0.01589 0.01589 0.01589 0.01589 0.01589 0.01589 0.01589 0.01589 0.01589 0.01589 0.01589 0.01589 0.01589 0.01589 0.01589 0.01589 0.01589 0.01589 0.01589 0.01589 0.01589 0.01589 0.01589 0.01589 0.01589 0.01589 0.01589 0.01589 0.01589 0.01589 0.01589 0.01589 0.01589 0.01589 0.01589 0.01589 0.01589 0.01589 0.01589 0.01589 0.01589 0.01589 0.01589 0.01589 0.01589 0.01589 0.01589 0.01589 0.01589 0.01589 0.01589 0.01589 0.01589 0.01589 0.01589 0.01589 0.01589 0.01589 0.01589 0.01589 0.01589 0.01589 0.01589 0.01589 0.01589 0.01589 0.01589 0.01589 0.01589 0.01589 0.01589 0.01589 0.01589 0.01589 0.01589 0.01589 0.01589 0.01589 0.01589 0.01589 0.01589
axis 2 spec: 0.00077 0.00076 0.00075 0.00075 0.00074 0.00073 0.00072 0.00072 0.00071 0.00070 0.00070 0.00069 0.00068 0.00068 0.00067 0.00066 0.00066 0.00065 0.00064 0.00064 0.00063 0.00062 0.00062 0.00061 0.00061 0.00060 0.00059 0.00059 0.00058 0.00058 0.00057 0.00056 0.00056 0.00055 0.00055 0.00054 0.00054 0.00053 0.00053 0.00052 0.00052 0.00051 0.00051 0.00050 0.00050 0.00049 0.00049 0.00048 0.00048 0.00047 0.00047 0.00046 0.00046 0.00045 0.00045 0.00044 0.00044 0.00044 0.00043 0.00043 0.00042 0.00042 0.00041 0.00041 0.00041 0.00040 0.00040 0.00039 0.00039 0.00039 0.00038 0.00038 0.00038 0.00037 0.00037 0.00036 0.00036 0.00036 0.00035 0.00035 0.00035 0.00034 0.00034 0.00034 0.00033 0.00033 0.00033 0.00032 0.00032 0.00032 0.00031 0.00031 0.00031 0.00030 0.00030 0.00030 0.00030 0.00029 0.00029 0.00029 0.00028 0.00028 0.00028 0.00028 0.00027 0.00027 0.00027 0.00026 0.00026 0.00026 0.00026 0.00025 0.00025 0.00025 0.00025 0.00024 0.00024 0.00024 0.00024 0.00023 0.00023 0.00023 0.00023 0.00023 0.00022 0.00022 0.00022 0.00022 0.00021 0.00021 0.00021 0.00021 0.00021 0.00020 0.00020 0.00020 0.00020 0.00020 0.00019 0.00019 0.00019 0.00019 0.00019 0.00018 0.00018 0.00018 0.00018 0.00018 0.00018 0.00017 0.00017 0.00017 0.00017 0.00017 0.00017 0.00016 0.00016 0.00016 0.00016 0.00016 0.00016 0.00015 0.00015 0.00015 0.00015 0.00015 0.00015 0.00015 0.00014 0.00014 0.00014 0.00014 0.00014 0.00014 0.00014 0.00013 0.00013 0.00013 0.00013 0.00013 0.00013 0.00013 0.00012 0.00012 0.00012 0.00012 0.00012 0.00012 0.00012 0.00012 0.00012 0.00011 0.00011 0.00011 0.00011 0.00011 0.00011 0.00011 0.00011 0.00011 0.00010 0.00010 0.00010 0.00010 0.00010 0.00010 0.00010 0.00010 0.00010 0.00010 0.00009 0.00009 0.00009 0.00009 0.00009 0.00009 0.00009 0.00009 0.00009 0.00009 0.00009 0.00008 0.00008 0.00008 0.00008 0.00008 0.00008 0.00008 0.00008 0.00008 0.00008 0.00008 0.00008 0.00008 0.00007 0.00007 0.00007 0.00007 0.00007 0.00007 0.00007 0.00007 0.00007 0.00007 0.00007 0.00007 0.00007 0.00007 0.00006 0.00006 0.00006 0.00006 0.00006 0.00006 0.00006 0.00006 0.00006 0.00006 0.00006 0.00006 0.00006 0.00006 0.00006 0.00006 0.00006 0.00005 0.00005 0.00005 0.00005 0.00005 0.00005 0.00005 0.00005 0.00005 0.00005 0.00005 0.00005 0.00005 0.00005 0.00005 0.00005 0.00005 0.00005 0.00005 0.00005 0.00004 0.00004 0.00004 0.00004 0.00004 0.00004 0.00004 0.00004 0.00004 0.00004 0.00004 0.00004 0.00004 0.00004 0.00004 0.00004 0.00004 0.00004 0.00004 0.00004 0.00004 0.00004 0.00004 0.00004 0.00004 0.00003 0.00003 0.00003 0.00003 0.00003 0.00003 0.00003 0.00003 0.00003 0.00003 0.00003 0.00003 0.00003 0.00003 0.00003 0.00003 0.00003 0.00003 0.00003 0.00003 0.00003 0.00003 0.00003 0.00003 0.00003 0.00003 0.00003 0.00003 0.00003 0.00003 0.00003 0.00003 0.00003 0.00002 0.00002 0.00002 0.00002 0.00002 0.00002 0.00002 0.00002 0.00002 0.00002 0.00002 0.00002 0.00002 0.00002 0.00002 0.00002 0.00002 0.00002 0.00002 0.00002 0.00002 0.00002 0.00002 0.00002 0.00002 0.00002 0.00002 0.00002 0.00002 0.00002 0.00002 0.00002 0.00002 0.00002 0.00002 0.00002 0.00002 0.00002 0.00002 0.00002 0.00002 0.00002 0.00002 0.00002 0.00002 0.00002 0.00002 0.00002 0.00002 0.00002 0.00002 0.00001 0.00001 0.00001 0.00001 0.00001 0.00001 0.00001 0.00001 0.00001 0.00001 0.00001 0.00001 0.00001 0.00001 0.00001 0.00001 0.00001 0.00001 0.00001 0.00001 0.00001 0.00001 0.00001 0.00001 0.00001 0.00001 0.00001 0.00001 0.00001 0.00001 0.00001 0.00001 0.00001 0.00001 0.00001 0.00001 0.00001 0.00001 0.00001 0.00001 0.00001 0.00001 0.00001 0.00001 0.00001 0.00001 0.00001 0.00001 0.00001 0.00001 0.00001 0.00001 0.00001 0.00001 0.00001 0.00001 0.00001 0.00001 0.00001 0.00001 0.00001 0.00001 0.00001 0.00001 0.00001 0.00001 0.00001 0.00001 0.00001 0.00001 0.00001 0.00001 0.00001 0.00001 0.00001 0.00001 0.00001 0.00001 0.00001 0.00001 0.00001 0.00001 0.00001 0.00001 0.00001 0.00001 0.00001 0.00001 0.00001 0.00001 0.00001 0.00001 0.00001 0.00001 0.00001 0.00001 0.00001 0.00001 0.00001 0.00001 0.00001 0.00001 0.00001 0.00001 0.00001 0.00001
axis 2 logf: 0.01113 0.01113 0.01113 0.01113 0.01113 0.01113 0.01113 0.01113 0.01113 0.01113 0.01113 0.01113 0.01113 0.01113 0.01113 0.01113 0.01113 0.01113 0.01113 0.01113 0.01113 0.01113 0.01113 0.01113 0.01113 0.01113 0.01113 0.01113 0.01113 0.01113 0.01113 0.01113 0.01113 0.01113 0.01113 0.01113 0.01113 0.01113 0.01113 0.01113 0.01113 0.01113 0.01113 0.01113 0.01113 0.01113 0.01113 0.01113 0.01113 0.01113 0.01113 0.01113 0.01113 0.01113 0.01113 0.01113 0.01113 0.01113 0.01113 0.01113 0.01113 0.01113 0.01113 0.01113 0.01113 0.01113 0.01113 0.01113 0.01113 0.01113 0.01113 0.01113 0.01113 0.01113 0.01113 0.01113 0.01113 0.01113 0.01113 0.01113 0.01113 0.01113 0.01113 0.01113 0.01113 0.01113 0.01113 0.01113 0.01113 0.01113 0.01113 0.01113 0.01113 0.01113 0.01113 0.01113 0.01113 0.01113 0.01113 0.01113 0.01113 0.01113 0.01113 0.01113 0.01113 0.01113 0.01113 0.01113 0.01113 0.01113 0.01113 0.01113 0.01113 0.01113 0.01113 0.01113 0.01113 0.01113 0.01113 0.01113 0.01113 0.01113 0.01113 0.01113 0.01113 0.01113 0.01113 0.01113 0.01113 0.01113 0.01113 0.01113 0.01113 0.01113 0.01113 0.01113 0.01113 0.01113 0.01113 0.01113 0.01113 0.01113 0.01113 0.01113 0.01113 0.01113 0.01113 0.01113 0.01113 0.01113 0.01113 0.01113 0.01113 0.01113 0.01113 0.01113 0.01113 0.01113 0.01113 0.01113 0.01113 0.01113 0.01113 0.01113 0.01113 0.01113 0.01113 0.01113 0.01113 0.01113 0.01113 0.01113 0.01113 0.01113 0.01113 0.01113 0.01113 0.01113 0.01113 0.01113 0.01113 0.01113 0.01113 0.01113 0.01113 0.01113 0.01113 0.01113 0.01113 0.01113 0.01113 0.01113 0.01113 0.01113 0.01113 0.01113 0.01113 0.01113 0.01113 0.01113 0.01113 0.01113 0.01113 0.01113 0.01113 0.01113 0.01113 0.01113 0.01113 0.01113 0.01113 0.01113 0.01113 0.01113 0.01113 0.01113 0.01113 0.01113 0.01113 0.01113 0.01113 0.01113 0.01113 0.01113 0.01113 0.01113 0.01113 0.01113 0.01113 0.01113 0.01113 0.01113 0.01113 0.01113 0.01113 0.01113 0.01113 0.01113 0.01113 0.01113 0.01113 0.01113 0.01113 0.01113 0.01113 0.01113 0.01113 0.01113 0.01113 0.01113 0.01113 0.01113 0.01113 0.01113 0.01113 0.01113 0.01113 0.01113 0.01113 0.01113 0.01113 0.01113 0.01113 0.01113 0.01113 0.01113 0.01113 0.01113 0.01113 0.01113 0.01113 0.01113 0.01113 0.01113 0.01113 0.01113 0.01113 0.01113 0.01113 0.01113 0.01113 0.01113 0.01113 0.01113 0.01113 0.01113 0.01113 0.01113 0.01113 0.01113 0.01113 0.01113 0.01113 0.01113 0.01113 0.01113 0.01113 0.01113 0.01113 0.01113 0.01113 0.01113 0.01113 0.01113 0.01113 0.01113 0.01113 0.01113 0.01113 0.01113 0.01113 0.01113 0.01113 0.01113 0.01113 0.01113 0.01113 0.01113 0.01113 0.01113 0.01113 0.01113 0.01113 0.01113 0.01113 0.01113 0.01113 0.01113 0.01113 0.01113 0.01113 0.01113 0.01113 0.01113 0.01113 0.01113 0.01113 0.01113 0.01113 0.01113 0.01113 0.01113 0.01113 0.01113 0.01113 0.01113 0.01113 0.01113 0.01113 0.01113 0.01113 0.01113 0.01113 0.01113 0.01113 0.01113 0.01113 0.01113 0.01113 0.01113 0.01113 0.01113 0.01113 0.01113 0.01113 0.01113 0.01113 0.01113 0.01113 0.01113 0.01113 0.01113 0.01113 0.01113 0.01113 0.01113 0.01113 0.01113 0.01113 0.01113 0.01113 0.01113 0.01113 0.01113 0.01113 0.01113 0.01113 0.01113 0.01113 0.01113 0.01113 0.01113 0.01113 0.01113 0.01113 0.01113 0.01113 0.01113 0.01113 0.01113 0.01113 0.01113 0.01113 0.01113 0.01113 0.01113 0.01113 0.01113 0.01113 0.01113 0.01113 0.01113 0.01113 0.01113 0.01113 0.01113 0.01113 0.01113 0.01113 0.01113 0.01113 0.01113 0.01113 0.01113 0.01113 0.01113 0.01113 0.01113 0.01113 0.01113 0.01113 0.01113 0.01113 0.01113 0.01113 0.01113 0.01113 0.01113 0.01113 0.01113 0.01113 0.01113 0.01113 0.01113 0.01113 0.01113 0.01113 0.01113 0.01113 0.01113 0.01113 0.01113 0.01113 0.01113 0.01113 0.01113 0.01113 0.01113 0.01113 0.01113 0.01113 0.01113 0.01113 0.01113 0.01113 0.01113 0.01113 0.01113 0.01113 0.01113 0.01113 0.01113 0.01113 0.01113 0.01113 0.01113 0.01113 0.01113 0.01113 0.01113 0.01113 0.01113 0.01113 0.01113 0.01113 0.01113 0.01113 0.01113 0.01113 0.01113 0.01113 0.01113 0.01113 0.01113 0.01113 0.01113 0.01113 0.01113 0.01113 0.01113
axis 3 spec: 0.00004 0.00004 0.00004 0.00004 0.00004 0.00004 0.00004 0.00004 0.00004 0.00004 0.00004 0.00004 0.00004 0.00004 0.00004 0.00004 0.00004 0.00004 0.00004 0.00004 0.00004 0.00003 0.00003 0.00003 0.00003 0.00003 0.00003 0.00003 0.00003 0.00003 0.00003 0.00003 0.00003 0.00003 0.00003 0.00003 0.00003 0.00003 0.00003 0.00003 0.00003 0.00003 0.00003 0.00003 0.00003 0.00003 0.00003 0.00003 0.00003 0.00003 0.00003 0.00003 0.00003 0.00003 0.00003 0.00003 0.00003 0.00003 0.00003 0.00003 0.00003 0.00003 0.00003 0.00003 0.00003 0.00003 0.00003 0.00003 0.00003 0.00003 0.00003 0.00003 0.00003 0.00003 0.00003 0.00003 0.00003 0.00003 0.00003 0.00003 0.00003 0.00003 0.00003 0.00003 0.00003 0.00003 0.00003 0.00003 0.00003 0.00003 0.00003 0.00003 0.00003 0.00003 0.00003 0.00003 0.00003 0.00003 0.00003 0.00003 0.00003 0.00003 0.00003 0.00003 0.00003 0.00003 0.00003 0.00003 0.00003 0.00003 0.00003 0.00003 0.00003 0.00003 0.00003 0.00003 0.00003 0.00003 0.00003 0.00003 0.00003 0.00003 0.00003 0.00003 0.00003 0.00003 0.00003 0.00003 0.00003 0.00003 0.00003 0.00003 0.00003 0.00003 0.00003 0.00003 0.00003 0.00003 0.00003 0.00002 0.00002 0.00002 0.00002 0.00002 0.00002 0.00002 0.00002 0.00002 0.00002 0.00002 0.00002 0.00002 0.00002 0.00002 0.00002 0.00002 0.00002 0.00002 0.00002 0.00002 0.00002 0.00002 0.00002 0.00002 0.00002 0.00002 0.00002 0.00002 0.00002 0.00002 0.00002 0.00002 0.00002 0.00002 0.00002 0.00002 0.00002 0.00002 0.00002 0.00002 0.00002 0.00002 0.00002 0.00002 0.00002 0.00002 0.00002 0.00002 0.00002 0.00002 0.00002 0.00002 0.00002 0.00002 0.00002 0.00002 0.00002 0.00002 0.00002 0.00002 0.00002 0.00002 0.00002 0.00002 0.00002 0.00002 0.00002 0.00002 0.00002 0.00002 0.00002 0.00002 0.00002 0.00002 0.00002 0.00002 0.00002 0.00002 0.00002 0.00002 0.00002 0.00002 0.00002 0.00002 0.00002 0.00002 0.00002 0.00002 0.00002 0.00002 0.00002 0.00002 0.00002 0.00002 0.00002 0.00002 0.00002 0.00002 0.00002 0.00002 0.00002 0.00002 0.00002 0.00002 0.00002 0.00002 0.00002 0.00002 0.00002 0.00002 0.00002 0.00002 0.00002 0.00002 0.00002 0.00002 0.00002 0.00002 0.00002 0.00002 0.00002 0.00002 0.00002 0.00002 0.00002 0.00002 0.00002 0.00002 0.00002 0.00002 0.00002 0.00002 0.00002 0.00002 0.00002 0.00002 0.00002 0.00002 0.00002 0.00002 0.00002 0.00002 0.00002 0.00002 0.00002 0.00002 0.00002 0.00002 0.00002 0.00002 0.00002 0.00002 0.00002 0.00002 0.00002 0.00002 0.00002 0.00002 0.00002 0.00002 0.00002 0.00002 0.00002 0.00002 0.00002 0.00002 0.00002 0.00002 0.00002 0.00002 0.00002 0.00002 0.00002 0.00002 0.00002 0.00002 0.00002 0.00001 0.00001 0.00001 0.00001 0.00001 0.00001 0.00001 0.00001 0.00001 0.00001 0.00001 0.00001 0.00001 0.00001 0.00001 0.00001 0.00001 0.00001 0.00001 0.00001 0.00001 0.00001 0.00001 0.00001 0.00001 0.00001 0.00001 0.00001 0.00001 0.00001 0.00001 0.00001 0.00001 0.00001 0.00001 0.00001 0.00001 0.00001 0.00001 0.00001 0.00001 0.00001 0.00001 0.00001 0.00001 0.00001 0.00001 0.00001 0.00001 0.00001 0.00001 0.00001 0.00001 0.00001 0.00001 0.00001 0.00001 0.00001 0.00001 0.00001 0.00001 0.00001 0.00001 0.00001 0.00001 0.00001 0.00001 0.00001 0.00001 0.00001 0.00001 0.00001 0.00001 0.00001 0.00001 0.00001 0.00001 0.00001 0.00001 0.00001 0.00001 0.00001 0.00001 0.00001 0.00001 0.00001 0.00001 0.00001 0.00001 0.00001 0.00001 0.00001 0.00001 0.00001 0.00001 0.00001 0.00001 0.00001 0.00001 0.00001 0.00001 0.00001 0.00001 0.00001 0.00001 0.00001 0.00001 0.00001 0.00001 0.00001 0.00001 0.00001 0.00001 0.00001 0.00001 0.00001 0.00001 0.00001 0.00001 0.00001 0.00001 0.00001 0.00001 0.00001 0.00001 0.00001 0.00001 0.00001 0.00001 0.00001 0.00001 0.00001 0.00001 0.00001 0.00001 0.00001 0.00001 0.00001 0.00001 0.00001 0.00001 0.00001 0.00001 0.00001 0.00001 0.00001 0.00001 0.00001 0.00001 0.00001 0.00001 0.00001 0.00001 0.00001 0.00001 0.00001 0.00001 0.00001 0.00001 0.00001 0.00001 0.00001 0.00001 0.00001 0.00001 0.00001 0.00001 0.00001 0.00001 0.00001 0.00001 0.00001 0.00001 0.00001 0.00001 0.00001 0.00001 0.00001 0.00001 0.00001 0.00001 0.00001 0.00001
axis 3 logf: 0.00329 0.00329 0.00329 0.00329 0.00329 0.00329 0.00329 0.00329 0.00329 0.00329 0.00329 0.00329 0.00329 0.00329 0.00329 0.00329 0.00329 0.00329 0.00329 0.00329 0.00329 0.00329 0.00329 0.00329 0.00329 0.00329 0.00329 0.00329 0.00329 0.00329 0.00329 0.00329 0.00329 0.00329 0.00329 0.00329 0.00329 0.00329 0.00329 0.00329 0.00329 0.00329 0.00329 0.00329 0.00329 0.00329 0.00329 0.00329 0.00329 0.00329 0.00329 0.00329 0.00329 0.00329 0.00329 0.00329 0.00329 0.00329 0.00329 0.00329 0.00329 0.00329 0.00329 0.00329 0.00329 0.00329 0.00329 0.00329 0.00329 0.00329 0.00329 0.00329 0.00329 0.00329 0.00329 0.00329 0.00329 0.00329 0.00329 0.00329 0.00329 0.00329 0.00329 0.00329 0.00329 0.00329 0.00329 0.00329 0.00329 0.00329 0.00329 0.00329 0.00329 0.00329 0.00329 0.00329 0.00329 0.00329 0.00329 0.00329 0.00329 0.00329 0.00329 0.00329 0.00329 0.00329 0.00329 0.00329 0.00329 0.00329 0.00329 0.00329 0.00329 0.00329 0.00329 0.00329 0.00329 0.00329 0.00329 0.00329 0.00329 0.00329 0.00329 0.00329 0.00329 0.00329 0.00329 0.00329 0.00329 0.00329 0.00329 0.00329 0.00329 0.00329 0.00329 0.00329 0.00329 0.00329 0.00329 0.00329 0.00329 0.00329 0.00329 0.00329 0.00329 0.00329 0.00329 0.00329 0.00329 0.00329 0.00329 0.00329 0.00329 0.00329 0.00329 0.00329 0.00329 0.00329 0.00329 0.00329 0.00329 0.00329 0.00329 0.00329 0.00329 0.00329 0.00329 0.00329 0.00329 0.00329 0.00329 0.00329 0.00329 0.00329 0.00329 0.00329 0.00329 0.00329 0.00329 0.00329 0.00329 0.00329 0.00329 0.00329 0.00329 0.00329 0.00329 0.00329 0.00329 0.00329 0.00329 0.00329 0.00329 0.00329 0.00329 0.00329 0.00329 0.00329 0.00329 0.00329 0.00329 0.00329 0.00329 0.00329 0.00329 0.00329 0.00329 0.00329 0.00329 0.00329 0.00329 0.00329 0.00329 0.00329 0.00329 0.00329 0.00329 0.00329 0.00329 0.00329 0.00329 0.00329 0.00329 0.00329 0.00329 0.00329 0.00329 0.00329 0.00329 0.00329 0.00329 0.00329 0.00329 0.00329 0.00329 0.00329 0.00329 0.00329 0.00329 0.00329 0.00329 0.00329 0.00329 0.00329 0.00329 0.00329 0.00329 0.00329 0.00329 0.00329 0.00329 0.00329 0.00329 0.00329 0.00329 0.00329 0.00329 0.00329 0.00329 0.00329 0.00329 0.00329 0.00329 0.00329 0.00329 0.00329 0.00329 0.00329 0.00329 0.00329 0.00329 0.00329 0.00329 0.00329 0.00329 0.00329 0.00329 0.00329 0.00329 0.00329 0.00329 0.00329 0.00329 0.00329 0.00329 0.00329 0.00329 0.00329 0.00329 0.00329 0.00329 0.00329 0.00329 0.00329 0.00329 0.00329 0.00329 0.00329 0.00329 0.00329 0.00329 0.00329 0.00329 0.00329 0.00329 0.00329 0.00329 0.00329 0.00329 0.00329 0.00329 0.00329 0.00329 0.00329 0.00329 0.00329 0.00329 0.00329 0.00329 0.00329 0.00329 0.00329 0.00329 0.00329 0.00329 0.00329 0.00329 0.00329 0.00329 0.00329 0.00329 0.00329 0.00329 0.00329 0.00329 0.00329 0.00329 0.00329 0.00329 0.00329 0.00329 0.00329 0.00329 0.00329 0.00329 0.00329 0.00329 0.00329 0.00329 0.00329 0.00329 0.00329 0.00329 0.00329 0.00329 0.00329 0.00329 0.00329 0.00329 0.00329 0.00329 0.00329 0.00329 0.00329 0.00329 0.00329 0.00329 0.00329 0.00329 0.00329 0.00329 0.00329 0.00329 0.00329 0.00329 0.00329 0.00329 0.00329 0.00329 0.00329 0.00329 0.00329 0.00329 0.00329 0.00329 0.00329 0.00329 0.00329 0.00329 0.00329 0.00329 0.00329 0.00329 0.00329 0.00329 0.00329 0.00329 0.00329 0.00329 0.00329 0.00329 0.00329 0.00329 0.00329 0.00329 0.00329 0.00329 0.00329 0.00329 0.00329 0.00329 0.00329 0.00329 0.00329 0.00329 0.00329 0.00329 0.00329 0.00329 0.00329 0.00329 0.00329 0.00329 0.00329 0.00329 0.00329 0.00329 0.00329 0.00329 0.00329 0.00329 0.00329 0.00329 0.00329 0.00329 0.00329 0.00329 0.00329 0.00329 0.00329 0.00329 0.00329 0.00329 0.00329 0.00329 0.00329 0.00329 0.00329 0.00329 0.00329 0.00329 0.00329 0.00329 0.00329 0.00329 0.00329 0.00329 0.00329 0.00329 0.00329 0.00329 0.00329 0.00329 0.00329 0.00329 0.00329 0.00329 0.00329 0.00329 0.00329 0.00329 0.00329 0.00329 0.00329 0.00329 0.00329 0.00329 0.00329 0.00329 0.00329 0.00329 0.00329 0.00329 0.00329 0.00329 0.00329 0.00329 0.00329 0.00329 0.00329 0.00329 0.00329 0.00329 0.00329 0.00329 0.00329 0.00329 0.00329 0.00329 0.00329
