grade — linear space, K=4, extent 2.20; 6 bands/octave over 40..20000 Hz, kernel 0.0833 oct, strike 0 listen 0, 1/omega, damping 5.0/s at 0.200 s

pitch normalised: the lowest audible mode of every point is moved to 440 Hz before banding

variety per unit of travel: mean 29.069, 5th pct 2.575, 95th pct 64.535
spread: 25.06x   (FM 1.83x, Saw 2.03x, Shapes 8.47x in Kyklophoria's table; 1.0 is isotropic)
twins: 0.4% of random pairs within 0.05
axes:  axis 0 74.404  axis 1 4.025  axis 2 9.503  axis 3 10.188
modes skipped as unrenderable (non-positive or above the top band): 0.14 per evaluation over 41604 evaluations

continuity (cont_check): largest step at step/500 and step/2000, ratio ~4 smooth, ~1 cliff
  axis    spec/500   spec/2000   ratio      logf/500   logf/2000   ratio
  0        1.41420     1.41420    1.00       4.31273     3.55423    1.21   <-- cliff
  1        0.02469     0.00617    4.00       0.00442     0.00111    4.00
  2        1.33044     1.32984    1.00       3.32783     1.46413    2.27   <-- cliff
  3        0.26961     0.07154    3.77       0.06642     0.01698    3.91

where the frequencies move fastest along each axis (log-frequency step per 1/500 of travel, in tenths of the axis):
  axis 0: 0.3773 0.0575 0.0237 0.0192 0.0192 0.0223 0.0324 0.2002 0.2889 0.4848   peak 4.3127
  axis 1: 0.0036 0.0035 0.0035 0.0035 0.0035 0.0036 0.0037 0.0038 0.0040 0.0043   peak 0.0044
  axis 2: 0.0064 0.0064 0.0067 0.0071 0.0078 0.0089 0.0108 0.0148 0.0264 0.2380   peak 3.3278
  axis 3: 0.0049 0.0053 0.0057 0.0062 0.0068 0.0077 0.0091 0.0112 0.0156 0.0328   peak 0.0664

veering map — second difference of each aligned slot's log frequency along each sweep, in cents.
a smooth trajectory is under 100; a slot that trades places with its neighbour is hundreds.
listed: every (family, parameter, slot) over 300 cents, and each family's worst.
  bar: (0.927, slot 2: 1133) (0.927, slot 4: 1136)
    2 over 300 cents; worst 1136 cents at parameter 0.927, slot 4
  plate: (1.182, slot 0: 2812) (1.182, slot 1: 598) (1.182, slot 4: 1388) (1.182, slot 5: 1050) (1.182, slot 6: 1406) (1.182, slot 7: 1528) (1.182, slot 9: 1014) (1.182, slot 11: 1956) (1.182, slot 15: 1027) (1.182, slot 16: 2013) (1.182, slot 18: 2636) (1.182, slot 19: 579) (1.182, slot 20: 4300) (1.182, slot 21: 1115) (1.182, slot 23: 1815) (1.182, slot 24: 1362) (1.182, slot 26: 3187) (1.364, slot 1: 328) (1.364, slot 6: 1564) (1.364, slot 9: 1986) (1.364, slot 12: 563) (1.364, slot 15: 949) (1.364, slot 17: 329) (1.364, slot 21: 1705) (1.364, slot 23: 1316) (1.364, slot 24: 1131) (1.546, slot 1: 618) (1.546, slot 9: 1727) (1.546, slot 21: 744) (1.727, slot 1: 347) (1.727, slot 18: 446) (1.909, slot 1: 765) (1.909, slot 9: 1464) (1.909, slot 12: 1483) (1.909, slot 18: 867) (2.091, slot 9: 1479) (2.091, slot 12: 1399) (2.091, slot 18: 332) (2.273, slot 12: 1145) (2.273, slot 20: 1766) (2.454, slot 12: 1143) (2.454, slot 20: 1756)
    42 over 300 cents; worst 4300 cents at parameter 1.182, slot 20
  bell: (0.218, slot 35: 448) (0.436, slot 32: 727) (0.545, slot 32: 643) (0.545, slot 36: 309) (0.655, slot 22: 781) (0.655, slot 33: 756) (0.764, slot 22: 759) (0.764, slot 30: 347) (0.764, slot 33: 782) (1.091, slot 29: 661)
    10 over 300 cents; worst 782 cents at parameter 0.764, slot 33

profiles: per axis, 500 steps, spectrum step then log-frequency step
axis 0 spec: 0.02098 0.01827 0.01064 0.01321 0.02004 0.02050 0.01453 0.00982 0.01544 0.02071 0.02037 0.01495 0.07102 0.09223 0.15567 0.22491 0.27772 0.32512 0.33601 0.30723 0.31855 0.39532 0.40977 0.23245 0.38514 0.26446 0.35567 0.20604 0.53326 0.46166 0.81906 1.01886 1.11351 1.14362 1.14161 1.11469 1.03613 0.84615 0.85939 0.56412 0.73190 0.54964 0.57661 0.56667 1.21325 0.01069 0.02553 0.04184 0.05464 0.06261 0.06809 0.07101 0.07650 0.09074 0.07973 0.05621 0.07813 0.06820 0.06141 0.07118 0.05366 0.06537 0.06435 0.03880 0.06873 0.06076 0.03372 0.05636 0.06314 0.04500 0.04170 0.05421 0.05307 0.04010 0.03589 0.04700 0.05428 0.04932 0.03497 0.02474 0.03326 0.04529 0.05010 0.04663 0.03808 0.02999 0.02820 0.03297 0.03907 0.04289 0.04292 0.03896 0.03230 0.02569 0.02310 0.02609 0.03125 0.03546 0.03747 0.03718 0.03501 0.03149 0.02705 0.02214 0.01754 0.01482 0.01566 0.01939 0.02387 0.02763 0.02998 0.03069 0.02993 0.02810 0.02571 0.02321 0.02084 0.01864 0.01653 0.01463 0.01312 0.01271 0.01373 0.01589 0.01847 0.02083 0.02255 0.02343 0.02346 0.02274 0.02154 0.02015 0.01890 0.01784 0.01708 0.01644 0.01570 0.01474 0.01351 0.01216 0.01089 0.01017 0.01034 0.01140 0.01297 0.01466 0.01616 0.01729 0.01797 0.01820 0.01804 0.01763 0.01711 0.01662 0.01630 0.01618 0.01621 0.01631 0.01636 0.01624 0.01589 0.01528 0.01444 0.01343 0.01234 0.01132 0.01056 0.01017 0.01030 0.01077 0.01160 0.01247 0.01328 0.01395 0.01440 0.01463 0.01464 0.01446 0.01417 0.01384 0.01356 0.01343 0.01346 0.01374 0.01416 0.01468 0.01521 0.01566 0.01597 0.01608 0.01596 0.01560 0.01500 0.01417 0.01321 0.01211 0.01097 0.00989 0.00898 0.00827 0.00789 0.00781 0.00795 0.00821 0.00849 0.00870 0.00878 0.00871 0.00847 0.00809 0.00759 0.00703 0.00649 0.00607 0.00587 0.00596 0.00637 0.00693 0.00764 0.00836 0.00903 0.00960 0.01004 0.01032 0.01043 0.01038 0.01020 0.00990 0.00953 0.00913 0.00877 0.00850 0.00839 0.00848 0.00878 0.00928 0.00994 0.01071 0.01156 0.01243 0.01329 0.01410 0.01483 0.01546 0.01599 0.01637 0.01662 0.01672 0.01667 0.01649 0.01616 0.01571 0.01515 0.01451 0.01381 0.01308 0.01235 0.01166 0.01105 0.01054 0.01013 0.00987 0.00973 0.00970 0.00976 0.00989 0.01007 0.01030 0.01058 0.01088 0.01122 0.01156 0.01186 0.01207 0.01217 0.01210 0.01185 0.01141 0.01082 0.01011 0.00939 0.00878 0.00838 0.00827 0.16407 0.21535 0.21455 0.17458 0.12398 0.09159 0.09887 0.14150 0.19549 0.22750 0.21091 0.15927 0.10901 0.09267 0.12494 0.18328 0.23142 0.23007 0.17965 0.12070 0.09355 0.12067 0.17773 0.22429 0.22200 0.17384 0.12327 0.11460 0.15406 0.20149 0.21322 0.17636 0.12419 0.10734 0.14727 0.20164 0.21742 0.17574 0.11534 0.10271 0.15569 0.20823 0.20656 0.15405 0.11117 0.13511 0.18888 0.21086 0.18498 0.15170 0.15312 0.17479 0.18012 0.16757 0.16094 0.16787 0.17305 0.16884 0.16037 0.15930 0.18898 0.23242 0.22567 0.16362 0.16946 0.27533 0.30143 0.21024 0.21608 0.30627 0.30190 0.28205 0.30337 0.31874 0.36230 0.31540 0.40927 0.38011 0.38382 0.50782 0.33485 0.59992 0.40457 0.57147 0.64313 0.48491 0.61319 0.66938 0.66423 0.63635 0.61934 0.55377 0.44443 0.33162 0.24849 0.08444 1.41420 0.29759 0.34770 0.45744 0.35024 0.53964 0.36218 0.57461 0.49898 0.60939 0.58400 0.72209 0.79252 0.69556 0.80400 0.98434 1.06735 1.11891 1.19417 1.26087 1.26714 1.36262 1.41256 0.85186 0.18822 0.28067 0.24840 0.18068 0.27627 0.30363 0.22233 0.31007 0.33236 0.25707 0.40122 0.28091 0.41444 0.36613 0.38025 0.46222 0.45722 0.44488 0.44448 0.39820 0.34223 0.28896 0.19830 0.10247 0.06316 1.24900 0.19590 0.30005 0.27986 0.27918 0.33493 0.23769 0.23169 0.35646 0.35444 0.33416 0.25960 0.38827 0.43036 0.31984 0.41353 0.50339 0.36807 0.59748 0.42414 0.70026 0.63191 0.55672 0.71904 0.77928 0.77181 0.80127 0.76000 0.62807 0.44438 0.23274 0.86552 0.12599 0.10992 0.16908 0.15158 0.14422 0.17897 0.15609 0.19016 0.17000 0.19545 0.19777 0.18621 0.22578 0.18932 0.22490 0.23454 0.17313 0.26466 0.24104 0.18773 0.18482 0.19259 0.18978 0.16657 0.14425 0.09471 0.05190 0.02318 0.01070 0.19204 1.22148 0.88219 0.77593 0.54056 0.32724 1.41420 0.51600 0.39688 0.56476
axis 0 logf: 0.03008 0.02938 0.02871 0.02808 0.02748 0.02692 0.02638 0.02587 0.02539 0.02493 0.02450 0.02408 3.47842 0.79279 0.43709 0.30368 0.23320 0.18954 0.15985 0.13835 0.12207 0.10932 0.09906 0.09065 0.08361 0.07765 0.07253 0.06809 2.95936 1.48657 0.57590 0.36613 0.27037 0.21538 0.17968 0.15464 0.13609 0.12180 0.11044 0.10120 0.09352 0.08703 0.08148 0.07668 2.84532 0.95831 0.48410 0.32880 0.25088 0.20401 0.17271 0.15032 0.13352 0.12043 0.10993 0.10133 0.09413 0.08803 0.08278 0.07821 0.07419 0.07064 0.06746 0.06461 0.06203 0.05968 0.05754 0.05557 0.05376 0.05209 0.05054 0.04909 0.04775 0.04649 0.04531 0.04421 0.04316 0.04218 0.04125 0.04038 0.03955 0.03876 0.03801 0.03729 0.03662 0.03597 0.03535 0.03476 0.03419 0.03365 0.03314 0.03264 0.03216 0.03170 0.03126 0.03084 0.03043 0.03004 0.02966 0.02930 0.02895 0.02861 0.02828 0.02797 0.02766 0.02737 0.02708 0.02681 0.02654 0.02628 0.02603 0.02579 0.02556 0.02533 0.02511 0.02490 0.02469 0.02449 0.02430 0.02411 0.02392 0.02375 0.02357 0.02341 0.02324 0.02309 0.02293 0.02278 0.02264 0.02250 0.02236 0.02223 0.02210 0.02198 0.02185 0.02174 0.02162 0.02151 0.02140 0.02130 0.02119 0.02110 0.02100 0.02091 0.02081 0.02073 0.02064 0.02056 0.02048 0.02040 0.02032 0.02025 0.02018 0.02011 0.02004 0.01998 0.01992 0.01985 0.01980 0.01974 0.01968 0.01963 0.01958 0.01953 0.01948 0.01944 0.01939 0.01935 0.01931 0.01927 0.01923 0.01920 0.01916 0.01913 0.01910 0.01907 0.01904 0.01901 0.01899 0.01896 0.01894 0.01892 0.01890 0.01888 0.01886 0.01885 0.01883 0.01882 0.01880 0.01879 0.01878 0.01877 0.01877 0.01876 0.01876 0.01875 0.01875 0.01875 0.01875 0.01875 0.01875 0.01875 0.01875 0.01876 0.01877 0.01877 0.01878 0.01879 0.01880 0.01881 0.01882 0.01884 0.01885 0.01887 0.01889 0.01890 0.01892 0.01894 0.01896 0.01899 0.01901 0.01903 0.01906 0.01909 0.01911 0.01914 0.01917 0.01920 0.01923 0.01927 0.01930 0.01934 0.01937 0.01941 0.01945 0.01949 0.01953 0.01957 0.01961 0.01966 0.01970 0.01975 0.01980 0.01985 0.01990 0.01995 0.02000 0.02005 0.02011 0.02016 0.02022 0.02028 0.02034 0.02040 0.02047 0.02053 0.02060 0.02066 0.02073 0.02080 0.02087 0.02095 0.02102 0.02110 0.02117 0.02125 0.02134 0.02142 0.02150 0.02159 0.02168 0.02177 0.02186 0.02195 0.02205 0.02214 0.02224 0.02234 0.02245 0.02255 0.02266 0.02277 0.02288 0.02300 0.02311 0.02323 0.02336 0.02348 0.02361 0.02374 0.02387 0.02401 0.02415 0.02429 0.02443 0.02458 0.02473 0.02489 0.02505 0.02521 0.02538 0.02555 0.02572 0.02590 0.02608 0.02627 0.02646 0.02666 0.02686 0.02707 0.02728 0.02750 0.02772 0.02796 0.02819 0.02844 0.02869 0.02895 0.02921 0.02948 0.02977 0.03006 0.03036 0.03067 0.03099 0.03132 0.03166 0.03201 0.03238 0.03276 0.03315 0.03356 0.03398 0.03442 0.03488 0.03536 0.03585 0.03637 0.03691 0.03748 0.03807 0.03869 0.03935 0.04003 0.04075 0.04151 0.04232 0.04317 0.04407 0.04502 0.04604 0.04712 0.04828 0.04953 0.05087 0.05231 0.05387 0.05556 0.05741 0.05943 0.06166 0.06411 0.06684 0.06990 0.07334 0.07725 0.08172 0.08690 0.09296 0.10014 0.10880 0.11943 0.13279 0.15008 0.17329 0.20603 0.25563 0.33942 0.51152 1.09021 3.54752 0.05715 0.05920 0.06146 0.06396 0.06674 0.06987 0.07340 0.07742 0.08204 0.08740 0.09370 0.10121 0.11030 0.12153 0.13575 0.15429 0.17947 0.21552 0.27135 0.36918 0.58576 1.57485 2.90854 0.05210 0.05365 0.05534 0.05719 0.05921 0.06144 0.06392 0.06668 0.06977 0.07327 0.07725 0.08184 0.08716 0.09342 0.10088 0.10992 0.12109 0.13523 0.15369 0.17873 0.21457 0.26999 0.36688 0.58022 1.52929 2.92840 0.04907 0.05020 0.05141 0.05270 0.05408 0.05557 0.05718 0.05892 0.06082 0.06289 0.06516 0.06768 0.07047 0.07360 0.07712 0.08112 0.08571 0.09103 0.09728 0.10472 0.11373 0.12488 0.13901 0.15747 0.18261 0.21874 0.27493 0.37401 0.59577 1.65810 2.70061 0.06285 0.06466 0.06660 0.06869 0.07093 0.07335 0.07597 0.07882 0.08192 0.08532 0.08906 0.09319 0.09778 0.10291 0.10868 0.11524 0.12274 0.13141 0.14156 0.15361 0.16815 0.18607 0.20874 0.23837 0.27885 0.33769 0.43154 0.60665 1.06707 4.31273 2.18564 0.24480 0.32011 0.46769 0.89718 3.68159 0.05827 0.06065 0.06329
axis 1 spec: 0.00502 0.00499 0.00496 0.00492 0.00488 0.00484 0.00480 0.00475 0.00470 0.00466 0.00461 0.00455 0.00450 0.00445 0.00439 0.00434 0.00428 0.00422 0.00416 0.00410 0.00404 0.00398 0.00392 0.00386 0.00380 0.00374 0.00368 0.00362 0.00356 0.00350 0.00344 0.00338 0.00333 0.00327 0.00322 0.00317 0.00312 0.00307 0.00302 0.00297 0.00293 0.00289 0.00285 0.00281 0.00278 0.00275 0.00272 0.00269 0.00266 0.00264 0.00262 0.00261 0.00259 0.00258 0.00257 0.00256 0.00256 0.00256 0.00256 0.00257 0.00258 0.00259 0.00260 0.00262 0.00264 0.00267 0.00270 0.00273 0.00276 0.00280 0.00284 0.00289 0.00294 0.00300 0.00305 0.00312 0.00318 0.00325 0.00332 0.00340 0.00348 0.00356 0.00365 0.00374 0.00384 0.00393 0.00403 0.00413 0.00424 0.00434 0.00445 0.00456 0.00467 0.00479 0.00490 0.00502 0.00513 0.00525 0.00536 0.00548 0.00559 0.00570 0.00581 0.00592 0.00603 0.00614 0.00624 0.00634 0.00644 0.00653 0.00662 0.00670 0.00678 0.00685 0.00692 0.00699 0.00704 0.00709 0.00714 0.00718 0.00721 0.00724 0.00725 0.00727 0.00727 0.00727 0.00726 0.00724 0.00721 0.00718 0.00714 0.00710 0.00705 0.00699 0.00692 0.00686 0.00678 0.00670 0.00662 0.00653 0.00645 0.00636 0.00627 0.00618 0.00609 0.00600 0.00591 0.00583 0.00576 0.00569 0.00563 0.00557 0.00554 0.00550 0.00552 0.00546 0.00548 0.00550 0.00553 0.00558 0.00564 0.00572 0.00581 0.00591 0.00602 0.00614 0.00627 0.00641 0.00656 0.00671 0.00687 0.00703 0.00719 0.00736 0.00752 0.00768 0.00784 0.00800 0.00815 0.00829 0.00843 0.00856 0.00868 0.00880 0.00890 0.00899 0.00908 0.00914 0.00920 0.00925 0.00928 0.00930 0.00930 0.00930 0.00928 0.00924 0.00919 0.00913 0.00906 0.00898 0.00888 0.00877 0.00866 0.00853 0.00840 0.00826 0.00811 0.00796 0.00780 0.00765 0.00749 0.00733 0.00718 0.00703 0.00689 0.00677 0.00665 0.00654 0.00646 0.00639 0.00634 0.00632 0.00632 0.00635 0.00639 0.00647 0.00657 0.00670 0.00684 0.00702 0.00721 0.00742 0.00765 0.00789 0.00814 0.00841 0.00868 0.00896 0.00924 0.00953 0.00981 0.01009 0.01037 0.01064 0.01090 0.01115 0.01139 0.01162 0.01183 0.01202 0.01220 0.01236 0.01250 0.01262 0.01271 0.01278 0.01283 0.01286 0.01286 0.01284 0.01279 0.01272 0.01263 0.01252 0.01238 0.01223 0.01205 0.01186 0.01165 0.01143 0.01120 0.01095 0.01069 0.01043 0.01015 0.00988 0.00960 0.00932 0.00905 0.00878 0.00851 0.00826 0.00801 0.00778 0.00757 0.00738 0.00720 0.00704 0.00692 0.00681 0.00674 0.00669 0.00668 0.00670 0.00673 0.00679 0.00688 0.00699 0.00712 0.00727 0.00743 0.00761 0.00779 0.00798 0.00817 0.00836 0.00855 0.00873 0.00891 0.00908 0.00924 0.00938 0.00951 0.00962 0.00971 0.00979 0.00984 0.00987 0.00987 0.00986 0.00981 0.00975 0.00966 0.00955 0.00941 0.00926 0.00908 0.00889 0.00867 0.00845 0.00821 0.00796 0.00771 0.00745 0.00719 0.00694 0.00670 0.00647 0.00627 0.00608 0.00592 0.00580 0.00575 0.00566 0.00565 0.00569 0.00576 0.00587 0.00602 0.00619 0.00639 0.00661 0.00684 0.00709 0.00737 0.00760 0.00785 0.00810 0.00834 0.00857 0.00878 0.00898 0.00917 0.00933 0.00947 0.00958 0.00967 0.00974 0.00978 0.00978 0.00976 0.00971 0.00978 0.00953 0.00940 0.00923 0.00904 0.00882 0.00858 0.00832 0.00803 0.00774 0.00743 0.00711 0.00680 0.00649 0.00619 0.00592 0.00568 0.00548 0.00533 0.00525 0.00524 0.00530 0.00544 0.00561 0.00587 0.00619 0.00654 0.00693 0.00734 0.00777 0.00820 0.00863 0.00906 0.00948 0.00988 0.01027 0.01063 0.01099 0.01126 0.01152 0.01175 0.01194 0.01208 0.01218 0.01223 0.01224 0.01219 0.01210 0.01197 0.01178 0.01155 0.01127 0.01096 0.01060 0.01020 0.00977 0.00930 0.00881 0.00830 0.00777 0.00722 0.00668 0.00614 0.00562 0.00514 0.00472 0.00438 0.00416 0.00408 0.00414 0.00431 0.00469 0.00513 0.00563 0.00619 0.00677 0.00737 0.00797 0.00857 0.00914 0.00970 0.01023 0.01072 0.01117 0.01158 0.01194 0.01224 0.01248 0.01272 0.01280 0.01286 0.01286 0.01279 0.01261 0.01247 0.01223 0.01193 0.01159 0.01120 0.01077 0.01032 0.00984 0.00499 0.02315 0.02359 0.02397 0.02425 0.02450 0.02464 0.02469 0.02466 0.02453 0.02433 0.02403 0.02367 0.02323 0.02273 0.02218 0.02159 0.02097 0.02034 0.01970 0.01908 0.01848 0.01792 0.01741 0.01698 0.01660
axis 1 logf: 0.00359 0.00359 0.00358 0.00358 0.00358 0.00358 0.00358 0.00358 0.00358 0.00358 0.00358 0.00358 0.00358 0.00357 0.00357 0.00357 0.00357 0.00357 0.00357 0.00357 0.00357 0.00357 0.00357 0.00357 0.00356 0.00356 0.00356 0.00356 0.00356 0.00356 0.00356 0.00356 0.00356 0.00356 0.00356 0.00356 0.00356 0.00355 0.00355 0.00355 0.00355 0.00355 0.00355 0.00355 0.00355 0.00355 0.00355 0.00355 0.00355 0.00355 0.00355 0.00354 0.00354 0.00354 0.00354 0.00354 0.00354 0.00354 0.00354 0.00354 0.00354 0.00354 0.00354 0.00354 0.00354 0.00354 0.00354 0.00354 0.00353 0.00353 0.00353 0.00353 0.00353 0.00353 0.00353 0.00353 0.00353 0.00353 0.00353 0.00353 0.00353 0.00353 0.00353 0.00353 0.00353 0.00353 0.00353 0.00353 0.00353 0.00353 0.00352 0.00352 0.00352 0.00352 0.00352 0.00352 0.00352 0.00352 0.00352 0.00352 0.00352 0.00352 0.00352 0.00352 0.00352 0.00352 0.00352 0.00352 0.00352 0.00352 0.00352 0.00352 0.00352 0.00352 0.00352 0.00352 0.00352 0.00352 0.00352 0.00352 0.00352 0.00352 0.00352 0.00352 0.00352 0.00352 0.00352 0.00352 0.00352 0.00352 0.00352 0.00352 0.00352 0.00352 0.00352 0.00352 0.00352 0.00352 0.00352 0.00352 0.00352 0.00352 0.00352 0.00352 0.00352 0.00352 0.00352 0.00352 0.00352 0.00352 0.00352 0.00352 0.00352 0.00352 0.00352 0.00352 0.00352 0.00352 0.00352 0.00352 0.00352 0.00352 0.00352 0.00352 0.00352 0.00352 0.00352 0.00352 0.00352 0.00352 0.00352 0.00352 0.00352 0.00352 0.00352 0.00352 0.00352 0.00352 0.00352 0.00352 0.00352 0.00352 0.00352 0.00352 0.00352 0.00352 0.00352 0.00352 0.00353 0.00353 0.00353 0.00353 0.00353 0.00353 0.00353 0.00353 0.00353 0.00353 0.00353 0.00353 0.00353 0.00353 0.00353 0.00353 0.00353 0.00353 0.00353 0.00354 0.00354 0.00354 0.00354 0.00354 0.00354 0.00354 0.00354 0.00354 0.00354 0.00354 0.00354 0.00354 0.00354 0.00354 0.00355 0.00355 0.00355 0.00355 0.00355 0.00355 0.00355 0.00355 0.00355 0.00355 0.00355 0.00355 0.00356 0.00356 0.00356 0.00356 0.00356 0.00356 0.00356 0.00356 0.00356 0.00356 0.00357 0.00357 0.00357 0.00357 0.00357 0.00357 0.00357 0.00357 0.00357 0.00357 0.00358 0.00358 0.00358 0.00358 0.00358 0.00358 0.00358 0.00358 0.00359 0.00359 0.00359 0.00359 0.00359 0.00359 0.00359 0.00359 0.00360 0.00360 0.00360 0.00360 0.00360 0.00360 0.00360 0.00361 0.00361 0.00361 0.00361 0.00361 0.00361 0.00361 0.00362 0.00362 0.00362 0.00362 0.00362 0.00362 0.00362 0.00363 0.00363 0.00363 0.00363 0.00363 0.00363 0.00364 0.00364 0.00364 0.00364 0.00364 0.00364 0.00365 0.00365 0.00365 0.00365 0.00365 0.00366 0.00366 0.00366 0.00366 0.00366 0.00367 0.00367 0.00367 0.00367 0.00367 0.00368 0.00368 0.00368 0.00368 0.00368 0.00369 0.00369 0.00369 0.00369 0.00369 0.00370 0.00370 0.00370 0.00370 0.00371 0.00371 0.00371 0.00371 0.00371 0.00372 0.00372 0.00372 0.00372 0.00373 0.00373 0.00373 0.00373 0.00374 0.00374 0.00374 0.00374 0.00375 0.00375 0.00375 0.00375 0.00376 0.00376 0.00376 0.00376 0.00377 0.00377 0.00377 0.00378 0.00378 0.00378 0.00378 0.00379 0.00379 0.00379 0.00380 0.00380 0.00380 0.00380 0.00381 0.00381 0.00381 0.00382 0.00382 0.00382 0.00383 0.00383 0.00383 0.00384 0.00384 0.00384 0.00384 0.00385 0.00385 0.00385 0.00386 0.00386 0.00386 0.00387 0.00387 0.00388 0.00388 0.00388 0.00389 0.00389 0.00389 0.00390 0.00390 0.00390 0.00391 0.00391 0.00391 0.00392 0.00392 0.00393 0.00393 0.00393 0.00394 0.00394 0.00395 0.00395 0.00395 0.00396 0.00396 0.00397 0.00397 0.00397 0.00398 0.00398 0.00399 0.00399 0.00400 0.00400 0.00400 0.00401 0.00401 0.00402 0.00402 0.00403 0.00403 0.00403 0.00404 0.00404 0.00405 0.00405 0.00406 0.00406 0.00407 0.00407 0.00408 0.00408 0.00409 0.00409 0.00410 0.00410 0.00411 0.00411 0.00412 0.00412 0.00413 0.00413 0.00414 0.00414 0.00415 0.00415 0.00416 0.00416 0.00417 0.00418 0.00418 0.00419 0.00419 0.00420 0.00420 0.00421 0.00422 0.00422 0.00423 0.00423 0.00424 0.00424 0.00425 0.00426 0.00426 0.00427 0.00427 0.00428 0.00429 0.00429 0.00430 0.00431 0.00431 0.00432 0.00433 0.00433 0.00434 0.00435 0.00435 0.00436 0.00437 0.00437 0.00438 0.00439 0.00439 0.00440 0.00441 0.00441 0.00442
axis 2 spec: 0.00365 0.00363 0.00361 0.00358 0.00355 0.00351 0.00346 0.00341 0.00336 0.00330 0.00323 0.00316 0.00309 0.00301 0.00293 0.00284 0.00275 0.00265 0.00256 0.00246 0.00236 0.00227 0.00217 0.00209 0.00200 0.00193 0.00186 0.00181 0.00177 0.00174 0.00174 0.00175 0.00178 0.00182 0.00188 0.00196 0.00204 0.00216 0.00223 0.00234 0.00245 0.00256 0.00267 0.00278 0.00288 0.00299 0.00308 0.00318 0.00327 0.00335 0.00342 0.00349 0.00354 0.00359 0.00363 0.00366 0.00369 0.00370 0.00371 0.00370 0.00369 0.00367 0.00365 0.00362 0.00358 0.00354 0.00350 0.00345 0.00341 0.00337 0.00334 0.00330 0.00328 0.00326 0.00325 0.00326 0.00327 0.00330 0.00333 0.00338 0.00346 0.00350 0.00357 0.00365 0.00373 0.00381 0.00389 0.00396 0.00403 0.00410 0.00415 0.00420 0.00424 0.00426 0.00427 0.00427 0.00425 0.00421 0.00416 0.00410 0.00402 0.00392 0.00380 0.00367 0.00353 0.00338 0.00322 0.00305 0.00288 0.00271 0.00255 0.00240 0.00228 0.00219 0.00214 0.00214 0.00219 0.00228 0.00242 0.00258 0.00277 0.00298 0.00319 0.00341 0.00363 0.00384 0.00404 0.00422 0.00434 0.00454 0.00467 0.00478 0.00488 0.00490 0.00493 0.00492 0.00489 0.00482 0.00473 0.00461 0.00447 0.00430 0.00412 0.00393 0.00373 0.00353 0.00335 0.00321 0.00308 0.00303 0.00305 0.00313 0.00328 0.00350 0.00376 0.00406 0.00438 0.00472 0.00506 0.00539 0.00572 0.00602 0.00629 0.00654 0.00675 0.00692 0.00706 0.00714 0.00719 0.00718 0.00713 0.00703 0.00689 0.00671 0.00650 0.00626 0.00601 0.00576 0.00551 0.00530 0.00517 0.00513 0.00508 0.00519 0.00539 0.00568 0.00605 0.00646 0.00692 0.00739 0.00786 0.00831 0.00874 0.00912 0.00946 0.00975 0.00997 0.01012 0.01021 0.01022 0.01017 0.01006 0.00990 0.00969 0.00946 0.00923 0.00901 0.00885 0.00876 0.00877 0.00892 0.00922 0.00962 0.01017 0.01086 0.01156 0.01235 0.01315 0.01394 0.01470 0.01539 0.01599 0.01649 0.01687 0.01712 0.01723 0.01718 0.01700 0.01668 0.01624 0.01570 0.01510 0.01446 0.01385 0.01332 0.01294 0.01279 0.01294 0.01342 0.01425 0.01538 0.01680 0.01842 0.02020 0.02207 0.02396 0.02581 0.02757 0.02916 0.03052 0.03161 0.03236 0.03275 0.03276 0.03237 0.03161 0.03050 0.02910 0.02746 0.02565 0.02377 0.02192 0.02023 0.01885 0.01793 0.01762 0.01803 0.01912 0.02081 0.02295 0.02540 0.02799 0.03058 0.03304 0.03523 0.03702 0.03831 0.03901 0.03907 0.03848 0.03725 0.03548 0.03326 0.03076 0.02815 0.02569 0.02366 0.02236 0.02215 0.02315 0.02525 0.02824 0.03178 0.03558 0.03933 0.04281 0.04559 0.04759 0.04857 0.04842 0.04714 0.04481 0.04161 0.03780 0.03373 0.02984 0.02670 0.02497 0.02528 0.02770 0.03172 0.03670 0.04199 0.04704 0.05131 0.05436 0.05583 0.05553 0.05347 0.04981 0.04490 0.03916 0.03307 0.02727 0.02265 0.02058 0.02198 0.02654 0.03288 0.03991 0.04682 0.05292 0.05756 0.06024 0.06066 0.05884 0.05511 0.04994 0.01287 0.03798 0.04117 0.04319 0.04376 0.04264 0.03983 0.03549 0.03000 0.02395 0.01830 0.01494 0.01612 0.02112 0.02768 0.03438 0.04037 0.04503 0.04784 0.04845 0.04677 0.04304 0.03783 0.03211 0.02740 0.02562 0.02781 0.03308 0.03941 0.04537 0.04984 0.05211 0.05184 0.04907 0.04426 0.03826 0.03240 0.02856 0.02855 0.03255 0.03875 0.04521 0.05045 0.05343 0.05360 0.05079 0.04543 0.03843 0.03130 0.02637 0.02614 0.03069 0.03725 0.04341 0.04760 0.04893 0.04710 0.04245 0.03593 0.02925 0.02497 0.02540 0.02957 0.03452 0.03802 0.03889 0.03684 0.03235 0.02687 0.02287 0.02287 0.02634 0.03034 0.03255 0.03189 0.02832 0.02300 0.01872 0.01909 0.02354 0.02804 0.03004 0.02856 0.02407 0.01892 0.01762 0.02166 0.02657 0.02872 0.02685 0.02177 0.01730 0.01893 0.02455 0.02827 0.02735 0.02208 0.01678 0.01869 0.02477 0.02775 0.02515 0.01925 0.01780 0.02281 0.02602 0.02363 0.01904 0.02024 0.02425 0.02347 0.01899 0.02026 0.02447 0.02216 0.01709 0.02181 0.02463 0.01808 0.01867 0.02465 0.01888 0.01845 0.02388 0.01720 0.02141 0.02041 0.01903 0.02106 0.01875 0.02005 0.02007 0.01711 0.02153 0.01820 0.01533 0.01760 0.01844 0.01477 0.01199 0.00663 0.00598 0.00468 0.00336 0.00182 0.00018 0.00011 1.33044 0.05505 0.04922 0.04447 0.04170 0.04159 0.04421 0.04923 0.05590 0.06324 0.07015 0.07542 0.07796 0.07736 0.07351
axis 2 logf: 0.00641 0.00641 0.00641 0.00640 0.00640 0.00640 0.00640 0.00640 0.00640 0.00640 0.00640 0.00639 0.00639 0.00639 0.00639 0.00639 0.00639 0.00639 0.00639 0.00639 0.00639 0.00639 0.00639 0.00639 0.00639 0.00639 0.00639 0.00639 0.00638 0.00638 0.00638 0.00638 0.00638 0.00639 0.00639 0.00639 0.00639 0.00639 0.00639 0.00639 0.00639 0.00639 0.00639 0.00639 0.00639 0.00639 0.00639 0.00639 0.00639 0.00640 0.00640 0.00640 0.00640 0.00640 0.00640 0.00640 0.00640 0.00641 0.00641 0.00641 0.00641 0.00641 0.00641 0.00642 0.00642 0.00642 0.00642 0.00642 0.00643 0.00643 0.00643 0.00643 0.00644 0.00644 0.00644 0.00644 0.00645 0.00645 0.00645 0.00645 0.00646 0.00646 0.00646 0.00647 0.00647 0.00647 0.00648 0.00648 0.00648 0.00649 0.00649 0.00649 0.00650 0.00650 0.00651 0.00651 0.00651 0.00652 0.00652 0.00653 0.00653 0.00653 0.00654 0.00654 0.00655 0.00655 0.00656 0.00656 0.00657 0.00657 0.00658 0.00658 0.00659 0.00659 0.00660 0.00660 0.00661 0.00661 0.00662 0.00662 0.00663 0.00663 0.00664 0.00665 0.00665 0.00666 0.00666 0.00667 0.00668 0.00668 0.00669 0.00669 0.00670 0.00671 0.00671 0.00672 0.00673 0.00674 0.00674 0.00675 0.00676 0.00676 0.00677 0.00678 0.00679 0.00679 0.00680 0.00681 0.00682 0.00682 0.00683 0.00684 0.00685 0.00686 0.00687 0.00687 0.00688 0.00689 0.00690 0.00691 0.00692 0.00693 0.00694 0.00695 0.00696 0.00696 0.00697 0.00698 0.00699 0.00700 0.00701 0.00702 0.00703 0.00704 0.00705 0.00706 0.00708 0.00709 0.00710 0.00711 0.00712 0.00713 0.00714 0.00715 0.00716 0.00718 0.00719 0.00720 0.00721 0.00722 0.00723 0.00725 0.00726 0.00727 0.00728 0.00730 0.00731 0.00732 0.00734 0.00735 0.00736 0.00738 0.00739 0.00740 0.00742 0.00743 0.00745 0.00746 0.00748 0.00749 0.00750 0.00752 0.00753 0.00755 0.00757 0.00758 0.00760 0.00761 0.00763 0.00764 0.00766 0.00768 0.00769 0.00771 0.00773 0.00775 0.00776 0.00778 0.00780 0.00782 0.00783 0.00785 0.00787 0.00789 0.00791 0.00793 0.00795 0.00796 0.00798 0.00800 0.00802 0.00804 0.00806 0.00808 0.00811 0.00813 0.00815 0.00817 0.00819 0.00821 0.00823 0.00826 0.00828 0.00830 0.00832 0.00835 0.00837 0.00839 0.00842 0.00844 0.00847 0.00849 0.00852 0.00854 0.00857 0.00859 0.00862 0.00864 0.00867 0.00870 0.00872 0.00875 0.00878 0.00881 0.00883 0.00886 0.00889 0.00892 0.00895 0.00898 0.00901 0.00904 0.00907 0.00910 0.00913 0.00917 0.00920 0.00923 0.00926 0.00930 0.00933 0.00936 0.00940 0.00943 0.00947 0.00950 0.00954 0.00958 0.00961 0.00965 0.00969 0.00973 0.00976 0.00980 0.00984 0.00988 0.00992 0.00996 0.01001 0.01005 0.01009 0.01013 0.01018 0.01022 0.01027 0.01031 0.01036 0.01040 0.01045 0.01050 0.01054 0.01059 0.01064 0.01069 0.01074 0.01079 0.01085 0.01090 0.01095 0.01101 0.01106 0.01112 0.01117 0.01123 0.01129 0.01135 0.01141 0.01147 0.01153 0.01159 0.01165 0.01172 0.01178 0.01185 0.01192 0.01198 0.01205 0.01212 0.01219 0.01226 0.01234 0.01241 0.01249 0.01256 0.01264 0.01272 0.01280 0.01288 0.01296 0.01305 0.01313 0.01322 0.01331 0.01340 0.01349 0.01358 0.01368 0.01378 0.01387 0.01397 0.01407 0.01418 0.01428 0.01439 0.01450 0.01461 0.01472 0.01484 0.01496 0.01508 0.01520 0.01532 0.01545 0.01558 0.01571 0.01585 0.01599 0.01613 0.01627 0.01642 0.01657 0.01672 0.01688 0.01704 0.01720 0.01737 0.01754 0.01771 0.01789 0.01808 0.01826 0.01846 0.01865 0.01886 0.01906 0.01927 0.01949 0.01972 0.01995 0.02018 0.02042 0.02067 0.02093 0.02119 0.02146 0.02174 0.02203 0.02232 0.02263 0.02294 0.02326 0.02360 0.02394 0.02430 0.02467 0.02505 0.02544 0.02585 0.02627 0.02671 0.02716 0.02763 0.02812 0.02863 0.02916 0.02971 0.03029 0.03088 0.03151 0.03216 0.03284 0.03355 0.03430 0.03508 0.03591 0.03677 0.03768 0.03864 0.03965 0.04072 0.04185 0.04305 0.04433 0.04568 0.04713 0.04868 0.05033 0.05210 0.05401 0.05608 0.05831 0.06073 0.06336 0.06625 0.06942 0.07291 0.07678 0.08110 0.08594 0.09141 0.09764 0.10479 0.11310 0.12285 0.13447 0.14856 0.16598 0.18810 0.21713 0.25694 0.31507 0.40846 0.58608 1.09722 3.32783 3.25185 0.01074 0.01081 0.01088 0.01095 0.01102 0.01109 0.01116 0.01124 0.01131 0.01139 0.01147 0.01154 0.01162 0.01171
axis 3 spec: 0.02433 0.02363 0.02288 0.02210 0.01062 0.00516 0.00533 0.00550 0.00568 0.00586 0.00605 0.00623 0.00641 0.00659 0.00676 0.00693 0.00710 0.00725 0.00740 0.00755 0.00768 0.00780 0.00791 0.00802 0.00810 0.00818 0.00824 0.00829 0.00833 0.00836 0.00836 0.00836 0.00834 0.00831 0.00827 0.00821 0.00814 0.00805 0.00796 0.00785 0.00773 0.00761 0.00747 0.00732 0.00717 0.00701 0.00685 0.00668 0.00651 0.00634 0.00617 0.00599 0.00582 0.00565 0.00548 0.00533 0.00518 0.00504 0.00489 0.00477 0.00465 0.00454 0.00445 0.00436 0.00429 0.00423 0.00418 0.00414 0.00411 0.00409 0.00408 0.00407 0.00407 0.00407 0.00408 0.00408 0.00409 0.00410 0.00410 0.00411 0.00411 0.00411 0.00410 0.00410 0.00408 0.00407 0.00405 0.00402 0.00399 0.00396 0.00392 0.00388 0.00384 0.00380 0.00376 0.00372 0.00367 0.00363 0.00359 0.00356 0.00353 0.00350 0.00348 0.00347 0.00346 0.00347 0.00348 0.00349 0.00352 0.00355 0.00359 0.00363 0.00368 0.00374 0.00379 0.00386 0.00393 0.00400 0.00407 0.00419 0.00422 0.00429 0.00436 0.00442 0.00449 0.00455 0.00461 0.00467 0.00472 0.00477 0.00481 0.00485 0.00489 0.00492 0.00495 0.00497 0.00499 0.00501 0.00502 0.00503 0.00503 0.00503 0.00503 0.00503 0.00502 0.00501 0.00500 0.00499 0.00498 0.00496 0.00495 0.00493 0.00491 0.00489 0.00488 0.00486 0.00484 0.00482 0.00480 0.00478 0.00476 0.00471 0.00472 0.00471 0.00469 0.00468 0.00465 0.00464 0.00462 0.00460 0.00459 0.00457 0.00456 0.00454 0.00452 0.00451 0.00449 0.00447 0.00445 0.00444 0.00442 0.00440 0.00438 0.00435 0.00433 0.00431 0.00429 0.00426 0.00424 0.00421 0.00418 0.00415 0.00413 0.00410 0.00407 0.00404 0.00400 0.00397 0.00394 0.00391 0.00388 0.00385 0.00382 0.00379 0.00376 0.00373 0.00371 0.00368 0.00364 0.00364 0.00362 0.00361 0.00360 0.00359 0.00359 0.00359 0.00359 0.00360 0.00359 0.00363 0.00365 0.00368 0.00371 0.00375 0.00379 0.00384 0.00389 0.00395 0.00401 0.00408 0.00415 0.00422 0.00430 0.00438 0.00447 0.00456 0.00465 0.00475 0.00485 0.00495 0.00506 0.00517 0.00527 0.00539 0.00550 0.00561 0.00573 0.00584 0.00595 0.00607 0.00618 0.00630 0.00641 0.00652 0.00662 0.00673 0.00683 0.00693 0.00702 0.00711 0.00720 0.00728 0.00735 0.00742 0.00748 0.00754 0.00759 0.00763 0.00766 0.00768 0.00770 0.00771 0.00771 0.00770 0.00768 0.00765 0.00762 0.00758 0.00753 0.00747 0.00741 0.00734 0.00727 0.00719 0.00711 0.00703 0.00696 0.00688 0.00681 0.00674 0.00668 0.00664 0.00660 0.00657 0.00658 0.00661 0.00666 0.00673 0.00682 0.00695 0.00710 0.00729 0.00750 0.00774 0.00801 0.00830 0.00862 0.00897 0.00933 0.00971 0.01010 0.01051 0.01092 0.01135 0.01177 0.01219 0.01261 0.01302 0.01342 0.01380 0.01416 0.01450 0.01481 0.01508 0.01532 0.01552 0.01567 0.01578 0.01584 0.01585 0.01581 0.01571 0.01556 0.01536 0.01511 0.01481 0.01446 0.01408 0.01366 0.01321 0.01274 0.01227 0.01180 0.01135 0.01093 0.01057 0.01031 0.01009 0.01002 0.01008 0.01028 0.01064 0.01111 0.01172 0.01244 0.01325 0.01414 0.01507 0.01603 0.01700 0.01796 0.01888 0.01974 0.02052 0.02121 0.02177 0.02219 0.02246 0.02255 0.02246 0.02219 0.02172 0.02107 0.02024 0.01925 0.01812 0.01688 0.01558 0.01429 0.01308 0.01208 0.01143 0.01129 0.01171 0.01274 0.01426 0.01613 0.01824 0.02047 0.02271 0.02489 0.02691 0.02869 0.03016 0.03123 0.03186 0.03199 0.03161 0.03072 0.02934 0.02754 0.02528 0.02275 0.02002 0.01725 0.01468 0.01274 0.01203 0.01285 0.01519 0.01848 0.02226 0.02620 0.03001 0.03348 0.03637 0.03849 0.03968 0.03988 0.03908 0.03736 0.03490 0.00515 0.05041 0.05638 0.06147 0.06498 0.06630 0.06504 0.06120 0.05513 0.04751 0.03932 0.03206 0.02817 0.03032 0.03849 0.05046 0.06424 0.07798 0.08951 0.09643 0.09685 0.09033 0.07817 0.06300 0.04862 0.04122 0.04710 0.06409 0.08560 0.10592 0.11929 0.12107 0.11015 0.09038 0.06818 0.05284 0.05635 0.07800 0.10548 0.12734 0.13379 0.12140 0.09659 0.07342 0.07165 0.09632 0.12896 0.14908 0.14331 0.11605 0.09148 0.10233 0.14398 0.17894 0.17497 0.13362 0.10127 0.13720 0.20417 0.22444 0.16908 0.10995 0.16541 0.25214 0.23621 0.13772 0.16447 0.26961 0.23331 0.13849 0.24010 0.25450 0.15510 0.24977 0.20824 0.20272 0.22718 0.19008
axis 3 logf: 0.00480 0.00480 0.00481 0.00481 0.00482 0.00482 0.00483 0.00483 0.00484 0.00485 0.00485 0.00486 0.00486 0.00487 0.00487 0.00488 0.00488 0.00489 0.00489 0.00490 0.00491 0.00491 0.00492 0.00492 0.00493 0.00493 0.00494 0.00495 0.00495 0.00496 0.00496 0.00497 0.00497 0.00498 0.00499 0.00499 0.00500 0.00500 0.00501 0.00502 0.00502 0.00503 0.00504 0.00504 0.00505 0.00505 0.00506 0.00507 0.00507 0.00508 0.00509 0.00509 0.00510 0.00510 0.00511 0.00512 0.00512 0.00513 0.00514 0.00514 0.00515 0.00516 0.00516 0.00517 0.00518 0.00518 0.00519 0.00520 0.00520 0.00521 0.00522 0.00523 0.00523 0.00524 0.00525 0.00525 0.00526 0.00527 0.00527 0.00528 0.00529 0.00530 0.00530 0.00531 0.00532 0.00533 0.00533 0.00534 0.00535 0.00536 0.00536 0.00537 0.00538 0.00539 0.00539 0.00540 0.00541 0.00542 0.00543 0.00543 0.00544 0.00545 0.00546 0.00547 0.00547 0.00548 0.00549 0.00550 0.00551 0.00551 0.00552 0.00553 0.00554 0.00555 0.00556 0.00556 0.00557 0.00558 0.00559 0.00560 0.00561 0.00562 0.00563 0.00563 0.00564 0.00565 0.00566 0.00567 0.00568 0.00569 0.00570 0.00571 0.00572 0.00572 0.00573 0.00574 0.00575 0.00576 0.00577 0.00578 0.00579 0.00580 0.00581 0.00582 0.00583 0.00584 0.00585 0.00586 0.00587 0.00588 0.00589 0.00590 0.00591 0.00592 0.00593 0.00594 0.00595 0.00596 0.00597 0.00598 0.00599 0.00600 0.00601 0.00603 0.00604 0.00605 0.00606 0.00607 0.00608 0.00609 0.00610 0.00611 0.00612 0.00614 0.00615 0.00616 0.00617 0.00618 0.00619 0.00621 0.00622 0.00623 0.00624 0.00625 0.00626 0.00628 0.00629 0.00630 0.00631 0.00633 0.00634 0.00635 0.00636 0.00638 0.00639 0.00640 0.00641 0.00643 0.00644 0.00645 0.00647 0.00648 0.00649 0.00651 0.00652 0.00653 0.00655 0.00656 0.00657 0.00659 0.00660 0.00662 0.00663 0.00664 0.00666 0.00667 0.00669 0.00670 0.00672 0.00673 0.00675 0.00676 0.00678 0.00679 0.00681 0.00682 0.00684 0.00685 0.00687 0.00688 0.00690 0.00692 0.00693 0.00695 0.00696 0.00698 0.00700 0.00701 0.00703 0.00705 0.00706 0.00708 0.00710 0.00711 0.00713 0.00715 0.00717 0.00718 0.00720 0.00722 0.00724 0.00725 0.00727 0.00729 0.00731 0.00733 0.00735 0.00737 0.00738 0.00740 0.00742 0.00744 0.00746 0.00748 0.00750 0.00752 0.00754 0.00756 0.00758 0.00760 0.00762 0.00764 0.00766 0.00768 0.00771 0.00773 0.00775 0.00777 0.00779 0.00781 0.00784 0.00786 0.00788 0.00790 0.00793 0.00795 0.00797 0.00800 0.00802 0.00804 0.00807 0.00809 0.00812 0.00814 0.00816 0.00819 0.00821 0.00824 0.00827 0.00829 0.00832 0.00834 0.00837 0.00840 0.00842 0.00845 0.00848 0.00850 0.00853 0.00856 0.00859 0.00862 0.00865 0.00867 0.00870 0.00873 0.00876 0.00879 0.00882 0.00885 0.00888 0.00892 0.00895 0.00898 0.00901 0.00904 0.00908 0.00911 0.00914 0.00917 0.00921 0.00924 0.00928 0.00931 0.00935 0.00938 0.00942 0.00945 0.00949 0.00953 0.00957 0.00960 0.00964 0.00968 0.00972 0.00976 0.00980 0.00984 0.00988 0.00992 0.00996 0.01000 0.01004 0.01009 0.01013 0.01017 0.01022 0.01026 0.01031 0.01035 0.01040 0.01045 0.01050 0.01054 0.01059 0.01064 0.01069 0.01074 0.01079 0.01084 0.01090 0.01095 0.01100 0.01106 0.01111 0.01117 0.01122 0.01128 0.01134 0.01140 0.01146 0.01152 0.01158 0.01164 0.01170 0.01176 0.01183 0.01189 0.01196 0.01203 0.01210 0.01217 0.01224 0.01231 0.01238 0.01245 0.01253 0.01260 0.01268 0.01276 0.01284 0.01292 0.01300 0.01308 0.01317 0.01325 0.01334 0.01343 0.01352 0.01361 0.01371 0.01380 0.01390 0.01400 0.01410 0.01420 0.01431 0.01441 0.01452 0.01463 0.01474 0.01486 0.01498 0.01509 0.01522 0.01534 0.01547 0.01560 0.01573 0.01587 0.01601 0.01615 0.01629 0.01644 0.01659 0.01675 0.01691 0.01707 0.01724 0.01741 0.01758 0.01776 0.01795 0.01814 0.01833 0.01853 0.01874 0.01895 0.01917 0.01939 0.01962 0.01986 0.02010 0.02036 0.02062 0.02089 0.02116 0.02145 0.02175 0.02205 0.02237 0.02270 0.02304 0.02340 0.02377 0.02415 0.02455 0.02497 0.02540 0.02585 0.02632 0.02681 0.02733 0.02787 0.02844 0.02903 0.02966 0.03032 0.03101 0.03174 0.03252 0.03334 0.03422 0.03514 0.03613 0.03719 0.03832 0.03953 0.04084 0.04225 0.04377 0.04543 0.04723 0.04920 0.05137 0.05376 0.05641 0.05936 0.06268 0.06642
