grade — full space, K=4, extent 2.20; 6 bands/octave over 40..20000 Hz, kernel 0.0833 oct, strike 0 listen 0, 1/omega, damping 5.0/s at 0.200 s

variety per unit of travel: mean 18.985, 5th pct 4.928, 95th pct 32.540
spread: 6.60x   (FM 1.83x, Saw 2.03x, Shapes 8.47x in Kyklophoria's table; 1.0 is isotropic)
twins: 0.0% of random pairs within 0.05
axes:  axis 0 36.064  axis 1 22.069  axis 2 4.124  axis 3 11.231
modes skipped as unrenderable (non-positive or above the top band): 0.00 per evaluation over 41604 evaluations

continuity (cont_check): largest step at step/500 and step/2000, ratio ~4 smooth, ~1 cliff
  axis    spec/500   spec/2000   ratio      logf/500   logf/2000   ratio
  0        0.12460     0.03130    3.98       0.02278     0.00570    4.00
  1        0.12991     0.03277    3.96       0.01399     0.00350    4.00
  2        0.01287     0.00322    4.00       0.00375     0.00094    4.00
  3        0.03272     0.00818    4.00       0.00741     0.00185    4.00

where the frequencies move fastest along each axis (log-frequency step per 1/500 of travel, in tenths of the axis):
  axis 0: 0.0228 0.0228 0.0228 0.0228 0.0228 0.0228 0.0228 0.0228 0.0228 0.0228   peak 0.0228
  axis 1: 0.0140 0.0140 0.0140 0.0140 0.0140 0.0140 0.0140 0.0140 0.0140 0.0140   peak 0.0140
  axis 2: 0.0038 0.0038 0.0038 0.0038 0.0038 0.0038 0.0038 0.0038 0.0038 0.0038   peak 0.0038
  axis 3: 0.0074 0.0074 0.0074 0.0074 0.0074 0.0074 0.0074 0.0074 0.0074 0.0074   peak 0.0074

veering map — second difference of each aligned slot's log frequency along each sweep, in cents.
a smooth trajectory is under 100; a slot that trades places with its neighbour is hundreds.
listed: every (family, parameter, slot) over 300 cents, and each family's worst.
  bar: (0.927, slot 2: 1133) (0.927, slot 4: 1136)
    2 over 300 cents; worst 1136 cents at parameter 0.927, slot 4
  plate: (1.182, slot 0: 2812) (1.182, slot 1: 598) (1.182, slot 4: 1388) (1.182, slot 5: 1050) (1.182, slot 6: 1406) (1.182, slot 7: 1528) (1.182, slot 9: 1014) (1.182, slot 11: 1956) (1.182, slot 15: 1027) (1.182, slot 16: 2013) (1.182, slot 18: 2636) (1.182, slot 19: 579) (1.182, slot 20: 4300) (1.182, slot 21: 1115) (1.182, slot 23: 1815) (1.182, slot 24: 1362) (1.182, slot 26: 3187) (1.364, slot 1: 328) (1.364, slot 6: 1564) (1.364, slot 9: 1986) (1.364, slot 12: 563) (1.364, slot 15: 949) (1.364, slot 17: 329) (1.364, slot 21: 1705) (1.364, slot 23: 1316) (1.364, slot 24: 1131) (1.546, slot 1: 618) (1.546, slot 9: 1727) (1.546, slot 21: 744) (1.727, slot 1: 347) (1.727, slot 18: 446) (1.909, slot 1: 765) (1.909, slot 9: 1464) (1.909, slot 12: 1483) (1.909, slot 18: 867) (2.091, slot 9: 1479) (2.091, slot 12: 1399) (2.091, slot 18: 332) (2.273, slot 12: 1145) (2.273, slot 20: 1766) (2.454, slot 12: 1143) (2.454, slot 20: 1756)
    42 over 300 cents; worst 4300 cents at parameter 1.182, slot 20
  bell: (0.218, slot 35: 448) (0.436, slot 32: 727) (0.545, slot 32: 643) (0.545, slot 36: 309) (0.655, slot 22: 781) (0.655, slot 33: 756) (0.764, slot 22: 759) (0.764, slot 30: 347) (0.764, slot 33: 782) (1.091, slot 29: 661)
    10 over 300 cents; worst 782 cents at parameter 0.764, slot 33
  tine: (0.068, slot 4: 451)
    1 over 300 cents; worst 451 cents at parameter 0.068, slot 4

profiles: per axis, 500 steps, spectrum step then log-frequency step
axis 0 spec: 0.12277 0.12460 0.11908 0.10775 0.09335 0.07860 0.06556 0.05566 0.05005 0.04956 0.05428 0.06350 0.07610 0.09071 0.10538 0.11747 0.12414 0.12352 0.11579 0.10304 0.08813 0.07361 0.06130 0.05254 0.04843 0.04963 0.05591 0.06637 0.07981 0.09472 0.10896 0.11974 0.12440 0.12161 0.11218 0.09855 0.08358 0.06961 0.05829 0.05090 0.04846 0.05137 0.05912 0.07065 0.08465 0.09943 0.11260 0.12136 0.12342 0.11819 0.10712 0.09290 0.07819 0.06508 0.05504 0.04925 0.04863 0.05327 0.06242 0.07491 0.08934 0.10380 0.11573 0.12238 0.12195 0.11457 0.10222 0.08766 0.07339 0.06124 0.05254 0.04840 0.04947 0.05554 0.06566 0.07864 0.09297 0.10663 0.11701 0.12166 0.11931 0.11066 0.09791 0.08375 0.07044 0.05963 0.05258 0.05025 0.05301 0.06038 0.07132 0.08456 0.09842 0.11065 0.11868 0.12047 0.11553 0.10518 0.09185 0.07802 0.06567 0.05623 0.05089 0.05050 0.05516 0.06417 0.07639 0.09041 0.10427 0.11543 0.12126 0.12015 0.11237 0.09991 0.08543 0.07131 0.05928 0.05068 0.04667 0.04793 0.05422 0.06451 0.07754 0.09181 0.10527 0.11537 0.11971 0.11710 0.10827 0.09540 0.08114 0.06763 0.05660 0.04933 0.04693 0.04978 0.05725 0.06813 0.08107 0.09443 0.10609 0.11371 0.11542 0.11080 0.10101 0.08824 0.07482 0.06265 0.05321 0.04782 0.04744 0.05212 0.06098 0.07269 0.08578 0.09843 0.10839 0.11349 0.11245 0.10551 0.09436 0.08124 0.06826 0.05707 0.04902 0.04534 0.04677 0.05301 0.06295 0.07527 0.08846 0.10062 0.10950 0.11308 0.11047 0.10233 0.09057 0.07748 0.06507 0.05492 0.04831 0.04623 0.04887 0.05547 0.06481 0.07560 0.08641 0.09564 0.10161 0.10310 0.09977 0.09236 0.08237 0.07150 0.06133 0.05325 0.04855 0.04821 0.05244 0.06053 0.07127 0.08324 0.09470 0.10365 0.10819 0.10722 0.10094 0.09076 0.07863 0.06645 0.05576 0.04790 0.04412 0.04519 0.05084 0.05997 0.07127 0.08331 0.09439 0.10257 0.10613 0.10423 0.09729 0.08683 0.07478 0.06299 0.05300 0.04621 0.04383 0.04629 0.05287 0.06224 0.07301 0.08374 0.09283 0.09865 0.10004 0.09671 0.08940 0.07955 0.06883 0.05880 0.05085 0.04630 0.04616 0.05032 0.05801 0.06789 0.07854 0.08837 0.09571 0.09910 0.09777 0.09196 0.08284 0.07201 0.06107 0.05150 0.04468 0.04195 0.04405 0.05041 0.05973 0.07062 0.08163 0.09114 0.09748 0.09936 0.09635 0.08909 0.07900 0.06777 0.05699 0.04809 0.04242 0.04101 0.04415 0.05076 0.05951 0.06911 0.07830 0.08583 0.09042 0.09127 0.08823 0.08190 0.07338 0.06404 0.05520 0.04812 0.04390 0.04329 0.04588 0.05079 0.05664 0.06222 0.06647 0.06861 0.06817 0.06513 0.05998 0.05307 0.04558 0.03830 0.03227 0.02863 0.02832 0.03100 0.03554 0.04066 0.04540 0.04909 0.05127 0.05170 0.05044 0.04778 0.04426 0.04052 0.03734 0.03546 0.03539 0.03727 0.04085 0.04546 0.05063 0.05576 0.06042 0.06406 0.06630 0.06694 0.06600 0.06369 0.06042 0.05667 0.05289 0.04937 0.04641 0.04391 0.04172 0.03958 0.03732 0.03480 0.03208 0.02940 0.02734 0.02637 0.02726 0.03000 0.03418 0.03910 0.04418 0.04883 0.05263 0.05524 0.05648 0.05633 0.05496 0.05264 0.04975 0.04673 0.04397 0.04182 0.04056 0.04030 0.04111 0.04289 0.04549 0.04874 0.05244 0.05642 0.06041 0.06419 0.06750 0.07004 0.07159 0.07192 0.07094 0.06870 0.06538 0.06127 0.05674 0.05218 0.04801 0.04465 0.04254 0.04200 0.04329 0.04639 0.05108 0.05700 0.06356 0.07012 0.07591 0.08012 0.08207 0.08139 0.07810 0.07265 0.06572 0.05814 0.05068 0.04409 0.03912 0.03654 0.03681 0.03997 0.04554 0.05278 0.06095 0.06925 0.07682 0.08262 0.08586 0.08598 0.08296 0.07730 0.06987 0.06165 0.05359 0.04656 0.04134 0.03863 0.03889 0.04198 0.04726 0.05408 0.06166 0.06927 0.07611 0.08138 0.08440 0.08480 0.08254 0.07812 0.07227 0.06588 0.05976 0.05465 0.05111 0.04941 0.04958 0.05134 0.05430 0.05789 0.06174 0.06537 0.06844 0.07069 0.07198 0.07233 0.07189 0.07093 0.06980 0.06871 0.06797 0.06762 0.06761 0.06776 0.06785 0.06769 0.06712 0.06608 0.06464 0.06287 0.06108 0.05951 0.05849 0.05833 0.05927 0.06137 0.06453 0.06839 0.07245 0.07601 0.07846 0.07933 0.07831 0.07544 0.07108 0.06574 0.06011 0.05493 0.05085 0.04869 0.04893 0.05178 0.05696 0.06385 0.07158 0.07910 0.08526 0.08900 0.08954 0.08670 0.08085 0.07292 0.06395 0.05499 0.04703 0.04104
axis 0 logf: 0.02278 0.02278 0.02278 0.02278 0.02278 0.02278 0.02278 0.02278 0.02278 0.02278 0.02278 0.02278 0.02278 0.02278 0.02278 0.02278 0.02278 0.02278 0.02278 0.02278 0.02278 0.02278 0.02278 0.02278 0.02278 0.02278 0.02278 0.02278 0.02278 0.02278 0.02278 0.02278 0.02278 0.02278 0.02278 0.02278 0.02278 0.02278 0.02278 0.02278 0.02278 0.02278 0.02278 0.02278 0.02278 0.02278 0.02278 0.02278 0.02278 0.02278 0.02278 0.02278 0.02278 0.02278 0.02278 0.02278 0.02278 0.02278 0.02278 0.02278 0.02278 0.02278 0.02278 0.02278 0.02278 0.02278 0.02278 0.02278 0.02278 0.02278 0.02278 0.02278 0.02278 0.02278 0.02278 0.02278 0.02278 0.02278 0.02278 0.02278 0.02278 0.02278 0.02278 0.02278 0.02278 0.02278 0.02278 0.02278 0.02278 0.02278 0.02278 0.02278 0.02278 0.02278 0.02278 0.02278 0.02278 0.02278 0.02278 0.02278 0.02278 0.02278 0.02278 0.02278 0.02278 0.02278 0.02278 0.02278 0.02278 0.02278 0.02278 0.02278 0.02278 0.02278 0.02278 0.02278 0.02278 0.02278 0.02278 0.02278 0.02278 0.02278 0.02278 0.02278 0.02278 0.02278 0.02278 0.02278 0.02278 0.02278 0.02278 0.02278 0.02278 0.02278 0.02278 0.02278 0.02278 0.02278 0.02278 0.02278 0.02278 0.02278 0.02278 0.02278 0.02278 0.02278 0.02278 0.02278 0.02278 0.02278 0.02278 0.02278 0.02278 0.02278 0.02278 0.02278 0.02278 0.02278 0.02278 0.02278 0.02278 0.02278 0.02278 0.02278 0.02278 0.02278 0.02278 0.02278 0.02278 0.02278 0.02278 0.02278 0.02278 0.02278 0.02278 0.02278 0.02278 0.02278 0.02278 0.02278 0.02278 0.02278 0.02278 0.02278 0.02278 0.02278 0.02278 0.02278 0.02278 0.02278 0.02278 0.02278 0.02278 0.02278 0.02278 0.02278 0.02278 0.02278 0.02278 0.02278 0.02278 0.02278 0.02278 0.02278 0.02278 0.02278 0.02278 0.02278 0.02278 0.02278 0.02278 0.02278 0.02278 0.02278 0.02278 0.02278 0.02278 0.02278 0.02278 0.02278 0.02278 0.02278 0.02278 0.02278 0.02278 0.02278 0.02278 0.02278 0.02278 0.02278 0.02278 0.02278 0.02278 0.02278 0.02278 0.02278 0.02278 0.02278 0.02278 0.02278 0.02278 0.02278 0.02278 0.02278 0.02278 0.02278 0.02278 0.02278 0.02278 0.02278 0.02278 0.02278 0.02278 0.02278 0.02278 0.02278 0.02278 0.02278 0.02278 0.02278 0.02278 0.02278 0.02278 0.02278 0.02278 0.02278 0.02278 0.02278 0.02278 0.02278 0.02278 0.02278 0.02278 0.02278 0.02278 0.02278 0.02278 0.02278 0.02278 0.02278 0.02278 0.02278 0.02278 0.02278 0.02278 0.02278 0.02278 0.02278 0.02278 0.02278 0.02278 0.02278 0.02278 0.02278 0.02278 0.02278 0.02278 0.02278 0.02278 0.02278 0.02278 0.02278 0.02278 0.02278 0.02278 0.02278 0.02278 0.02278 0.02278 0.02278 0.02278 0.02278 0.02278 0.02278 0.02278 0.02278 0.02278 0.02278 0.02278 0.02278 0.02278 0.02278 0.02278 0.02278 0.02278 0.02278 0.02278 0.02278 0.02278 0.02278 0.02278 0.02278 0.02278 0.02278 0.02278 0.02278 0.02278 0.02278 0.02278 0.02278 0.02278 0.02278 0.02278 0.02278 0.02278 0.02278 0.02278 0.02278 0.02278 0.02278 0.02278 0.02278 0.02278 0.02278 0.02278 0.02278 0.02278 0.02278 0.02278 0.02278 0.02278 0.02278 0.02278 0.02278 0.02278 0.02278 0.02278 0.02278 0.02278 0.02278 0.02278 0.02278 0.02278 0.02278 0.02278 0.02278 0.02278 0.02278 0.02278 0.02278 0.02278 0.02278 0.02278 0.02278 0.02278 0.02278 0.02278 0.02278 0.02278 0.02278 0.02278 0.02278 0.02278 0.02278 0.02278 0.02278 0.02278 0.02278 0.02278 0.02278 0.02278 0.02278 0.02278 0.02278 0.02278 0.02278 0.02278 0.02278 0.02278 0.02278 0.02278 0.02278 0.02278 0.02278 0.02278 0.02278 0.02278 0.02278 0.02278 0.02278 0.02278 0.02278 0.02278 0.02278 0.02278 0.02278 0.02278 0.02278 0.02278 0.02278 0.02278 0.02278 0.02278 0.02278 0.02278 0.02278 0.02278 0.02278 0.02278 0.02278 0.02278 0.02278 0.02278 0.02278 0.02278 0.02278 0.02278 0.02278 0.02278 0.02278 0.02278 0.02278 0.02278 0.02278 0.02278 0.02278 0.02278 0.02278 0.02278 0.02278 0.02278 0.02278 0.02278 0.02278 0.02278 0.02278 0.02278 0.02278 0.02278 0.02278 0.02278 0.02278 0.02278 0.02278 0.02278 0.02278 0.02278 0.02278 0.02278 0.02278 0.02278 0.02278 0.02278 0.02278 0.02278 0.02278 0.02278 0.02278 0.02278 0.02278 0.02278 0.02278 0.02278 0.02278 0.02278 0.02278 0.02278 0.02278 0.02278 0.02278
axis 1 spec: 0.00779 0.00775 0.00770 0.00765 0.00759 0.00753 0.00747 0.00740 0.00733 0.00726 0.00719 0.00711 0.00704 0.00696 0.00689 0.00681 0.00674 0.00667 0.00661 0.00654 0.00649 0.00644 0.00639 0.00635 0.00631 0.00628 0.00626 0.00624 0.00623 0.00623 0.00623 0.00623 0.00624 0.00625 0.00626 0.00628 0.00629 0.00630 0.00631 0.00632 0.00632 0.00632 0.00631 0.00630 0.00628 0.00625 0.00622 0.00618 0.00613 0.00606 0.00600 0.00592 0.00583 0.00574 0.00563 0.00553 0.00541 0.00529 0.00516 0.00502 0.00489 0.00474 0.00460 0.00445 0.00431 0.00416 0.00401 0.00387 0.00373 0.00359 0.00346 0.00334 0.00322 0.00311 0.00301 0.00293 0.00285 0.00279 0.00275 0.00272 0.00271 0.00273 0.00278 0.00287 0.00300 0.00318 0.00341 0.00368 0.00400 0.00428 0.00460 0.00485 0.00507 0.00521 0.00526 0.00524 0.00516 0.00504 0.00496 0.00496 0.00511 0.00542 0.00588 0.00642 0.00699 0.00752 0.00798 0.00831 0.00851 0.00856 0.00846 0.00824 0.00796 0.00766 0.00742 0.00732 0.00742 0.00770 0.00813 0.00864 0.00916 0.00960 0.00992 0.01009 0.01008 0.00991 0.00961 0.00923 0.00884 0.00853 0.00839 0.00849 0.00882 0.00935 0.01000 0.01067 0.01128 0.01176 0.01204 0.01207 0.01184 0.01134 0.01061 0.00973 0.00883 0.00809 0.00773 0.00788 0.00851 0.00946 0.01049 0.01141 0.01210 0.01244 0.01239 0.01193 0.01107 0.00989 0.00853 0.00725 0.00640 0.00660 0.00766 0.00926 0.01099 0.01257 0.01384 0.01467 0.01499 0.01477 0.01403 0.01284 0.01134 0.00976 0.00854 0.00821 0.00908 0.01092 0.01323 0.01561 0.01781 0.01963 0.02094 0.02165 0.02171 0.02110 0.01987 0.01810 0.01591 0.01354 0.01138 0.00980 0.00951 0.01053 0.01237 0.01443 0.01632 0.01782 0.01874 0.01906 0.01877 0.01798 0.01687 0.01576 0.01507 0.01521 0.01642 0.01853 0.02120 0.02407 0.02673 0.02895 0.03049 0.03122 0.03108 0.03009 0.02838 0.02611 0.02356 0.02104 0.01900 0.01794 0.01812 0.01962 0.02208 0.02501 0.02801 0.03071 0.03286 0.03425 0.03471 0.03424 0.03288 0.03080 0.02826 0.02569 0.02362 0.02267 0.02332 0.02556 0.02892 0.03279 0.03660 0.03981 0.04206 0.04301 0.04252 0.04061 0.03744 0.03341 0.02916 0.02572 0.02442 0.02635 0.03118 0.03776 0.04493 0.05171 0.05729 0.06097 0.06228 0.06106 0.05749 0.05210 0.04568 0.03932 0.03439 0.03269 0.03514 0.04124 0.04948 0.05835 0.06650 0.07272 0.07598 0.07567 0.07179 0.06495 0.05619 0.04681 0.03844 0.03314 0.03312 0.03818 0.04617 0.05485 0.06253 0.06794 0.07024 0.06913 0.06490 0.05830 0.05032 0.04197 0.03428 0.02850 0.02618 0.02819 0.03368 0.04105 0.04898 0.05641 0.06241 0.06619 0.06723 0.06546 0.06123 0.05524 0.04843 0.04181 0.03656 0.03392 0.03485 0.03932 0.04647 0.05523 0.06457 0.07343 0.08064 0.08511 0.08603 0.08325 0.07732 0.06935 0.06076 0.05312 0.04807 0.04709 0.05073 0.05833 0.06853 0.07979 0.09040 0.09850 0.10242 0.10126 0.09527 0.08574 0.07450 0.06333 0.05384 0.04746 0.04552 0.04848 0.05584 0.06637 0.07860 0.09081 0.10093 0.10681 0.10701 0.10146 0.09146 0.07910 0.06646 0.05529 0.04712 0.04357 0.04560 0.05299 0.06438 0.07819 0.09254 0.10505 0.11310 0.11466 0.10937 0.09869 0.08506 0.07099 0.05845 0.04908 0.04457 0.04608 0.05352 0.06548 0.08028 0.09597 0.10998 0.11931 0.12155 0.11609 0.10455 0.08978 0.07459 0.06114 0.05113 0.04618 0.04740 0.05464 0.06658 0.08158 0.09775 0.11250 0.12267 0.12556 0.12035 0.10860 0.09333 0.07758 0.06364 0.05324 0.04788 0.04861 0.05532 0.06681 0.08158 0.09781 0.11299 0.12390 0.12763 0.12307 0.11161 0.09629 0.08027 0.06597 0.05514 0.04921 0.04922 0.05519 0.06606 0.08043 0.09657 0.11207 0.12374 0.12850 0.12492 0.11409 0.09898 0.08282 0.06817 0.05682 0.05018 0.04936 0.05454 0.06479 0.07878 0.09485 0.11069 0.12315 0.12901 0.12651 0.11642 0.10157 0.08529 0.07027 0.05835 0.05100 0.04935 0.05374 0.06340 0.07700 0.09298 0.10911 0.12232 0.12927 0.12789 0.11862 0.10412 0.08777 0.07239 0.05994 0.05189 0.04943 0.05304 0.06208 0.07528 0.09113 0.10751 0.12142 0.12944 0.12919 0.12075 0.10662 0.09022 0.07450 0.06152 0.05280 0.04956 0.05240 0.06080 0.07355 0.08918 0.10566 0.12011 0.12906 0.12991 0.12239 0.10875 0.09240 0.07642 0.06297 0.05360 0.04959 0.05163 0.05936 0.07161 0.08696 0.10350 0.11843
axis 1 logf: 0.01399 0.01399 0.01399 0.01399 0.01399 0.01399 0.01399 0.01399 0.01399 0.01399 0.01399 0.01399 0.01399 0.01399 0.01399 0.01399 0.01399 0.01399 0.01399 0.01399 0.01399 0.01399 0.01399 0.01399 0.01399 0.01399 0.01399 0.01399 0.01399 0.01399 0.01399 0.01399 0.01399 0.01399 0.01399 0.01399 0.01399 0.01399 0.01399 0.01399 0.01399 0.01399 0.01399 0.01399 0.01399 0.01399 0.01399 0.01399 0.01399 0.01399 0.01399 0.01399 0.01399 0.01399 0.01399 0.01399 0.01399 0.01399 0.01399 0.01399 0.01399 0.01399 0.01399 0.01399 0.01399 0.01399 0.01399 0.01399 0.01399 0.01399 0.01399 0.01399 0.01399 0.01399 0.01399 0.01399 0.01399 0.01399 0.01399 0.01399 0.01399 0.01399 0.01399 0.01399 0.01399 0.01399 0.01399 0.01399 0.01399 0.01399 0.01399 0.01399 0.01399 0.01399 0.01399 0.01399 0.01399 0.01399 0.01399 0.01399 0.01399 0.01399 0.01399 0.01399 0.01399 0.01399 0.01399 0.01399 0.01399 0.01399 0.01399 0.01399 0.01399 0.01399 0.01399 0.01399 0.01399 0.01399 0.01399 0.01399 0.01399 0.01399 0.01399 0.01399 0.01399 0.01399 0.01399 0.01399 0.01399 0.01399 0.01399 0.01399 0.01399 0.01399 0.01399 0.01399 0.01399 0.01399 0.01399 0.01399 0.01399 0.01399 0.01399 0.01399 0.01399 0.01399 0.01399 0.01399 0.01399 0.01399 0.01399 0.01399 0.01399 0.01399 0.01399 0.01399 0.01399 0.01399 0.01399 0.01399 0.01399 0.01399 0.01399 0.01399 0.01399 0.01399 0.01399 0.01399 0.01399 0.01399 0.01399 0.01399 0.01399 0.01399 0.01399 0.01399 0.01399 0.01399 0.01399 0.01399 0.01399 0.01399 0.01399 0.01399 0.01399 0.01399 0.01399 0.01399 0.01399 0.01399 0.01399 0.01399 0.01399 0.01399 0.01399 0.01399 0.01399 0.01399 0.01399 0.01399 0.01399 0.01399 0.01399 0.01399 0.01399 0.01399 0.01399 0.01399 0.01399 0.01399 0.01399 0.01399 0.01399 0.01399 0.01399 0.01399 0.01399 0.01399 0.01399 0.01399 0.01399 0.01399 0.01399 0.01399 0.01399 0.01399 0.01399 0.01399 0.01399 0.01399 0.01399 0.01399 0.01399 0.01399 0.01399 0.01399 0.01399 0.01399 0.01399 0.01399 0.01399 0.01399 0.01399 0.01399 0.01399 0.01399 0.01399 0.01399 0.01399 0.01399 0.01399 0.01399 0.01399 0.01399 0.01399 0.01399 0.01399 0.01399 0.01399 0.01399 0.01399 0.01399 0.01399 0.01399 0.01399 0.01399 0.01399 0.01399 0.01399 0.01399 0.01399 0.01399 0.01399 0.01399 0.01399 0.01399 0.01399 0.01399 0.01399 0.01399 0.01399 0.01399 0.01399 0.01399 0.01399 0.01399 0.01399 0.01399 0.01399 0.01399 0.01399 0.01399 0.01399 0.01399 0.01399 0.01399 0.01399 0.01399 0.01399 0.01399 0.01399 0.01399 0.01399 0.01399 0.01399 0.01399 0.01399 0.01399 0.01399 0.01399 0.01399 0.01399 0.01399 0.01399 0.01399 0.01399 0.01399 0.01399 0.01399 0.01399 0.01399 0.01399 0.01399 0.01399 0.01399 0.01399 0.01399 0.01399 0.01399 0.01399 0.01399 0.01399 0.01399 0.01399 0.01399 0.01399 0.01399 0.01399 0.01399 0.01399 0.01399 0.01399 0.01399 0.01399 0.01399 0.01399 0.01399 0.01399 0.01399 0.01399 0.01399 0.01399 0.01399 0.01399 0.01399 0.01399 0.01399 0.01399 0.01399 0.01399 0.01399 0.01399 0.01399 0.01399 0.01399 0.01399 0.01399 0.01399 0.01399 0.01399 0.01399 0.01399 0.01399 0.01399 0.01399 0.01399 0.01399 0.01399 0.01399 0.01399 0.01399 0.01399 0.01399 0.01399 0.01399 0.01399 0.01399 0.01399 0.01399 0.01399 0.01399 0.01399 0.01399 0.01399 0.01399 0.01399 0.01399 0.01399 0.01399 0.01399 0.01399 0.01399 0.01399 0.01399 0.01399 0.01399 0.01399 0.01399 0.01399 0.01399 0.01399 0.01399 0.01399 0.01399 0.01399 0.01399 0.01399 0.01399 0.01399 0.01399 0.01399 0.01399 0.01399 0.01399 0.01399 0.01399 0.01399 0.01399 0.01399 0.01399 0.01399 0.01399 0.01399 0.01399 0.01399 0.01399 0.01399 0.01399 0.01399 0.01399 0.01399 0.01399 0.01399 0.01399 0.01399 0.01399 0.01399 0.01399 0.01399 0.01399 0.01399 0.01399 0.01399 0.01399 0.01399 0.01399 0.01399 0.01399 0.01399 0.01399 0.01399 0.01399 0.01399 0.01399 0.01399 0.01399 0.01399 0.01399 0.01399 0.01399 0.01399 0.01399 0.01399 0.01399 0.01399 0.01399 0.01399 0.01399 0.01399 0.01399 0.01399 0.01399 0.01399 0.01399 0.01399 0.01399 0.01399 0.01399 0.01399 0.01399 0.01399 0.01399 0.01399 0.01399 0.01399 0.01399 0.01399 0.01399 0.01399 0.01399
axis 2 spec: 0.00691 0.00671 0.00654 0.00637 0.00622 0.00608 0.00595 0.00585 0.00576 0.00572 0.00565 0.00563 0.00563 0.00566 0.00571 0.00579 0.00588 0.00600 0.00614 0.00630 0.00648 0.00667 0.00687 0.00709 0.00732 0.00755 0.00779 0.00804 0.00830 0.00855 0.00881 0.00907 0.00932 0.00957 0.00982 0.01006 0.01030 0.01053 0.01074 0.01095 0.01115 0.01133 0.01150 0.01165 0.01179 0.01192 0.01202 0.01211 0.01218 0.01223 0.01226 0.01227 0.01226 0.01224 0.01219 0.01213 0.01204 0.01194 0.01182 0.01169 0.01154 0.01137 0.01119 0.01100 0.01080 0.01058 0.01036 0.01013 0.00989 0.00965 0.00940 0.00916 0.00891 0.00867 0.00843 0.00819 0.00798 0.00775 0.00755 0.00736 0.00718 0.00703 0.00689 0.00678 0.00669 0.00663 0.00659 0.00651 0.00660 0.00664 0.00671 0.00681 0.00693 0.00707 0.00723 0.00741 0.00761 0.00782 0.00805 0.00828 0.00853 0.00878 0.00903 0.00929 0.00955 0.00981 0.01006 0.01032 0.01057 0.01081 0.01104 0.01126 0.01148 0.01168 0.01187 0.01205 0.01221 0.01235 0.01248 0.01250 0.01269 0.01276 0.01282 0.01285 0.01287 0.01287 0.01284 0.01280 0.01274 0.01266 0.01256 0.01245 0.01232 0.01217 0.01200 0.01183 0.01163 0.01143 0.01122 0.01099 0.01076 0.01052 0.01027 0.01002 0.00977 0.00951 0.00926 0.00900 0.00875 0.00851 0.00827 0.00804 0.00783 0.00761 0.00742 0.00724 0.00709 0.00695 0.00683 0.00673 0.00666 0.00661 0.00659 0.00660 0.00656 0.00668 0.00675 0.00685 0.00697 0.00711 0.00727 0.00744 0.00762 0.00782 0.00802 0.00823 0.00845 0.00867 0.00890 0.00912 0.00935 0.00957 0.00979 0.01000 0.01020 0.01040 0.01059 0.01077 0.01094 0.01110 0.01124 0.01137 0.01149 0.01159 0.01168 0.01174 0.01180 0.01183 0.01185 0.01185 0.01183 0.01179 0.01174 0.01167 0.01158 0.01148 0.01136 0.01122 0.01107 0.01090 0.01073 0.01053 0.01033 0.01012 0.00989 0.00966 0.00942 0.00918 0.00892 0.00867 0.00841 0.00815 0.00789 0.00762 0.00737 0.00711 0.00686 0.00662 0.00639 0.00616 0.00595 0.00576 0.00558 0.00542 0.00528 0.00516 0.00506 0.00499 0.00494 0.00492 0.00492 0.00494 0.00504 0.00506 0.00515 0.00526 0.00538 0.00552 0.00566 0.00581 0.00597 0.00614 0.00631 0.00648 0.00665 0.00681 0.00698 0.00714 0.00730 0.00745 0.00759 0.00773 0.00786 0.00798 0.00809 0.00819 0.00828 0.00836 0.00843 0.00847 0.00853 0.00857 0.00859 0.00860 0.00860 0.00859 0.00856 0.00853 0.00848 0.00842 0.00836 0.00828 0.00819 0.00810 0.00800 0.00789 0.00777 0.00764 0.00751 0.00738 0.00724 0.00710 0.00695 0.00681 0.00666 0.00651 0.00637 0.00622 0.00608 0.00595 0.00582 0.00569 0.00558 0.00547 0.00537 0.00528 0.00520 0.00526 0.00508 0.00504 0.00502 0.00500 0.00500 0.00501 0.00504 0.00507 0.00512 0.00517 0.00524 0.00532 0.00539 0.00547 0.00556 0.00566 0.00576 0.00586 0.00596 0.00606 0.00616 0.00625 0.00635 0.00644 0.00653 0.00662 0.00670 0.00678 0.00685 0.00692 0.00698 0.00704 0.00709 0.00713 0.00717 0.00720 0.00723 0.00723 0.00724 0.00725 0.00724 0.00724 0.00722 0.00720 0.00717 0.00714 0.00710 0.00706 0.00701 0.00696 0.00691 0.00685 0.00680 0.00674 0.00667 0.00661 0.00655 0.00649 0.00643 0.00637 0.00631 0.00625 0.00620 0.00615 0.00611 0.00607 0.00604 0.00601 0.00598 0.00597 0.00596 0.00595 0.00595 0.00596 0.00598 0.00600 0.00603 0.00608 0.00610 0.00614 0.00619 0.00625 0.00631 0.00637 0.00644 0.00651 0.00658 0.00665 0.00673 0.00682 0.00689 0.00696 0.00704 0.00712 0.00720 0.00727 0.00734 0.00741 0.00748 0.00755 0.00761 0.00767 0.00772 0.00777 0.00782 0.00786 0.00790 0.00794 0.00796 0.00798 0.00799 0.00800 0.00801 0.00801 0.00800 0.00799 0.00797 0.00795 0.00792 0.00789 0.00785 0.00780 0.00775 0.00770 0.00764 0.00758 0.00751 0.00744 0.00736 0.00728 0.00720 0.00711 0.00702 0.00693 0.00684 0.00674 0.00665 0.00655 0.00645 0.00636 0.00626 0.00616 0.00606 0.00597 0.00587 0.00578 0.00569 0.00560 0.00552 0.00543 0.00536 0.00528 0.00521 0.00514 0.00508 0.00502 0.00496 0.00491 0.00487 0.00482 0.00479 0.00476 0.00473 0.00471 0.00469 0.00468 0.00471 0.00467 0.00467 0.00467 0.00468 0.00469 0.00470 0.00472 0.00474 0.00476 0.00478 0.00482 0.00483 0.00485 0.00488 0.00490 0.00493 0.00495 0.00497 0.00500 0.00502 0.00504 0.00509 0.00508 0.00509 0.00511
axis 2 logf: 0.00375 0.00375 0.00375 0.00375 0.00375 0.00375 0.00375 0.00375 0.00375 0.00375 0.00375 0.00375 0.00375 0.00375 0.00375 0.00375 0.00375 0.00375 0.00375 0.00375 0.00375 0.00375 0.00375 0.00375 0.00375 0.00375 0.00375 0.00375 0.00375 0.00375 0.00375 0.00375 0.00375 0.00375 0.00375 0.00375 0.00375 0.00375 0.00375 0.00375 0.00375 0.00375 0.00375 0.00375 0.00375 0.00375 0.00375 0.00375 0.00375 0.00375 0.00375 0.00375 0.00375 0.00375 0.00375 0.00375 0.00375 0.00375 0.00375 0.00375 0.00375 0.00375 0.00375 0.00375 0.00375 0.00375 0.00375 0.00375 0.00375 0.00375 0.00375 0.00375 0.00375 0.00375 0.00375 0.00375 0.00375 0.00375 0.00375 0.00375 0.00375 0.00375 0.00375 0.00375 0.00375 0.00375 0.00375 0.00375 0.00375 0.00375 0.00375 0.00375 0.00375 0.00375 0.00375 0.00375 0.00375 0.00375 0.00375 0.00375 0.00375 0.00375 0.00375 0.00375 0.00375 0.00375 0.00375 0.00375 0.00375 0.00375 0.00375 0.00375 0.00375 0.00375 0.00375 0.00375 0.00375 0.00375 0.00375 0.00375 0.00375 0.00375 0.00375 0.00375 0.00375 0.00375 0.00375 0.00375 0.00375 0.00375 0.00375 0.00375 0.00375 0.00375 0.00375 0.00375 0.00375 0.00375 0.00375 0.00375 0.00375 0.00375 0.00375 0.00375 0.00375 0.00375 0.00375 0.00375 0.00375 0.00375 0.00375 0.00375 0.00375 0.00375 0.00375 0.00375 0.00375 0.00375 0.00375 0.00375 0.00375 0.00375 0.00375 0.00375 0.00375 0.00375 0.00375 0.00375 0.00375 0.00375 0.00375 0.00375 0.00375 0.00375 0.00375 0.00375 0.00375 0.00375 0.00375 0.00375 0.00375 0.00375 0.00375 0.00375 0.00375 0.00375 0.00375 0.00375 0.00375 0.00375 0.00375 0.00375 0.00375 0.00375 0.00375 0.00375 0.00375 0.00375 0.00375 0.00375 0.00375 0.00375 0.00375 0.00375 0.00375 0.00375 0.00375 0.00375 0.00375 0.00375 0.00375 0.00375 0.00375 0.00375 0.00375 0.00375 0.00375 0.00375 0.00375 0.00375 0.00375 0.00375 0.00375 0.00375 0.00375 0.00375 0.00375 0.00375 0.00375 0.00375 0.00375 0.00375 0.00375 0.00375 0.00375 0.00375 0.00375 0.00375 0.00375 0.00375 0.00375 0.00375 0.00375 0.00375 0.00375 0.00375 0.00375 0.00375 0.00375 0.00375 0.00375 0.00375 0.00375 0.00375 0.00375 0.00375 0.00375 0.00375 0.00375 0.00375 0.00375 0.00375 0.00375 0.00375 0.00375 0.00375 0.00375 0.00375 0.00375 0.00375 0.00375 0.00375 0.00375 0.00375 0.00375 0.00375 0.00375 0.00375 0.00375 0.00375 0.00375 0.00375 0.00375 0.00375 0.00375 0.00375 0.00375 0.00375 0.00375 0.00375 0.00375 0.00375 0.00375 0.00375 0.00375 0.00375 0.00375 0.00375 0.00375 0.00375 0.00375 0.00375 0.00375 0.00375 0.00375 0.00375 0.00375 0.00375 0.00375 0.00375 0.00375 0.00375 0.00375 0.00375 0.00375 0.00375 0.00375 0.00375 0.00375 0.00375 0.00375 0.00375 0.00375 0.00375 0.00375 0.00375 0.00375 0.00375 0.00375 0.00375 0.00375 0.00375 0.00375 0.00375 0.00375 0.00375 0.00375 0.00375 0.00375 0.00375 0.00375 0.00375 0.00375 0.00375 0.00375 0.00375 0.00375 0.00375 0.00375 0.00375 0.00375 0.00375 0.00375 0.00375 0.00375 0.00375 0.00375 0.00375 0.00375 0.00375 0.00375 0.00375 0.00375 0.00375 0.00375 0.00375 0.00375 0.00375 0.00375 0.00375 0.00375 0.00375 0.00375 0.00375 0.00375 0.00375 0.00375 0.00375 0.00375 0.00375 0.00375 0.00375 0.00375 0.00375 0.00375 0.00375 0.00375 0.00375 0.00375 0.00375 0.00375 0.00375 0.00375 0.00375 0.00375 0.00375 0.00375 0.00375 0.00375 0.00375 0.00375 0.00375 0.00375 0.00375 0.00375 0.00375 0.00375 0.00375 0.00375 0.00375 0.00375 0.00375 0.00375 0.00375 0.00375 0.00375 0.00375 0.00375 0.00375 0.00375 0.00375 0.00375 0.00375 0.00375 0.00375 0.00375 0.00375 0.00375 0.00375 0.00375 0.00375 0.00375 0.00375 0.00375 0.00375 0.00375 0.00375 0.00375 0.00375 0.00375 0.00375 0.00375 0.00375 0.00375 0.00375 0.00375 0.00375 0.00375 0.00375 0.00375 0.00375 0.00375 0.00375 0.00375 0.00375 0.00375 0.00375 0.00375 0.00375 0.00375 0.00375 0.00375 0.00375 0.00375 0.00375 0.00375 0.00375 0.00375 0.00375 0.00375 0.00375 0.00375 0.00375 0.00375 0.00375 0.00375 0.00375 0.00375 0.00375 0.00375 0.00375 0.00375 0.00375 0.00375 0.00375 0.00375 0.00375 0.00375 0.00375 0.00375 0.00375 0.00375 0.00375 0.00375 0.00375 0.00375 0.00375 0.00375 0.00375 0.00375
axis 3 spec: 0.01349 0.01335 0.01333 0.01343 0.01359 0.01388 0.01427 0.01476 0.01533 0.01598 0.01670 0.01749 0.01834 0.01925 0.02020 0.02121 0.02221 0.02325 0.02430 0.02535 0.02639 0.02739 0.02835 0.02925 0.03008 0.03082 0.03145 0.03197 0.03236 0.03261 0.03272 0.03269 0.03251 0.03219 0.03174 0.03116 0.03047 0.02968 0.02881 0.02788 0.02689 0.02586 0.02482 0.02376 0.02271 0.02168 0.02068 0.01972 0.01880 0.01794 0.01714 0.01641 0.01576 0.01519 0.01471 0.01432 0.01406 0.01384 0.01376 0.01377 0.01388 0.01410 0.01441 0.01482 0.01531 0.01588 0.01652 0.01723 0.01801 0.01884 0.01971 0.02063 0.02162 0.02257 0.02356 0.02456 0.02555 0.02652 0.02745 0.02834 0.02917 0.02992 0.03058 0.03114 0.03159 0.03191 0.03210 0.03216 0.03208 0.03186 0.03152 0.03106 0.03048 0.02980 0.02903 0.02819 0.02729 0.02635 0.02538 0.02439 0.02340 0.02241 0.02145 0.02052 0.01963 0.01878 0.01799 0.01727 0.01665 0.01602 0.01552 0.01511 0.01478 0.01455 0.01441 0.01437 0.01442 0.01456 0.01480 0.01513 0.01554 0.01602 0.01658 0.01721 0.01790 0.01865 0.01944 0.02028 0.02115 0.02210 0.02297 0.02390 0.02482 0.02573 0.02661 0.02745 0.02825 0.02898 0.02963 0.03019 0.03066 0.03101 0.03125 0.03137 0.03136 0.03124 0.03099 0.03062 0.03015 0.02958 0.02892 0.02819 0.02739 0.02655 0.02567 0.02477 0.02386 0.02295 0.02205 0.02118 0.02033 0.01957 0.01877 0.01807 0.01743 0.01685 0.01635 0.01592 0.01558 0.01532 0.01514 0.01505 0.01505 0.01513 0.01530 0.01555 0.01587 0.01628 0.01675 0.01728 0.01788 0.01853 0.01922 0.01996 0.02073 0.02153 0.02240 0.02318 0.02401 0.02482 0.02562 0.02639 0.02711 0.02779 0.02839 0.02893 0.02938 0.02974 0.03000 0.03015 0.03020 0.03015 0.02998 0.02972 0.02935 0.02890 0.02836 0.02775 0.02709 0.02637 0.02561 0.02483 0.02403 0.02328 0.02242 0.02164 0.02088 0.02015 0.01945 0.01881 0.01821 0.01767 0.01720 0.01679 0.01645 0.01618 0.01598 0.01587 0.01583 0.01586 0.01597 0.01615 0.01641 0.01673 0.01711 0.01755 0.01804 0.01858 0.01917 0.01979 0.02044 0.02111 0.02180 0.02250 0.02327 0.02391 0.02459 0.02524 0.02586 0.02644 0.02697 0.02744 0.02785 0.02818 0.02844 0.02861 0.02870 0.02870 0.02861 0.02844 0.02820 0.02787 0.02748 0.02703 0.02652 0.02597 0.02542 0.02475 0.02412 0.02347 0.02282 0.02218 0.02155 0.02095 0.02037 0.01983 0.01932 0.01886 0.01845 0.01808 0.01778 0.01754 0.01734 0.01720 0.01713 0.01712 0.01716 0.01726 0.01742 0.01762 0.01787 0.01817 0.01850 0.01887 0.01927 0.01970 0.02015 0.02061 0.02108 0.02156 0.02204 0.02257 0.02298 0.02342 0.02385 0.02424 0.02460 0.02493 0.02521 0.02545 0.02564 0.02579 0.02588 0.02592 0.02591 0.02585 0.02574 0.02558 0.02542 0.02513 0.02485 0.02454 0.02420 0.02384 0.02346 0.02306 0.02266 0.02226 0.02186 0.02146 0.02108 0.02070 0.02035 0.02002 0.01972 0.01944 0.01919 0.01897 0.01879 0.01864 0.01852 0.01844 0.01840 0.01839 0.01841 0.01846 0.01855 0.01866 0.01880 0.01897 0.01915 0.01936 0.01958 0.01981 0.02004 0.02029 0.02054 0.02079 0.02108 0.02127 0.02150 0.02172 0.02192 0.02211 0.02227 0.02241 0.02253 0.02263 0.02270 0.02275 0.02277 0.02279 0.02273 0.02267 0.02259 0.02248 0.02235 0.02221 0.02204 0.02185 0.02165 0.02143 0.02121 0.02097 0.02073 0.02049 0.02024 0.02000 0.01976 0.01952 0.01930 0.01908 0.01887 0.01868 0.01850 0.01833 0.01818 0.01805 0.01794 0.01784 0.01776 0.01770 0.01766 0.01763 0.01762 0.01763 0.01765 0.01769 0.01774 0.01780 0.01787 0.01795 0.01804 0.01814 0.01824 0.01838 0.01847 0.01859 0.01871 0.01883 0.01894 0.01906 0.01917 0.01927 0.01938 0.01947 0.01956 0.01963 0.01969 0.01974 0.01977 0.01979 0.01979 0.01978 0.01975 0.01970 0.01964 0.01955 0.01945 0.01933 0.01920 0.01905 0.01889 0.01871 0.01852 0.01832 0.01812 0.01791 0.01770 0.01748 0.01727 0.01705 0.01685 0.01664 0.01645 0.01627 0.01610 0.01595 0.01581 0.01569 0.01559 0.01550 0.01544 0.01540 0.01539 0.01540 0.01543 0.01548 0.01550 0.01565 0.01577 0.01590 0.01606 0.01623 0.01641 0.01660 0.01681 0.01702 0.01723 0.01744 0.01765 0.01786 0.01805 0.01823 0.01840 0.01854 0.01867 0.01877 0.01885 0.01889 0.01891 0.01890 0.01885 0.01877 0.01866 0.01852 0.01835 0.01814 0.01791 0.01766
axis 3 logf: 0.00741 0.00741 0.00741 0.00741 0.00741 0.00741 0.00741 0.00741 0.00741 0.00741 0.00741 0.00741 0.00741 0.00741 0.00741 0.00741 0.00741 0.00741 0.00741 0.00741 0.00741 0.00741 0.00741 0.00741 0.00741 0.00741 0.00741 0.00741 0.00741 0.00741 0.00741 0.00741 0.00741 0.00741 0.00741 0.00741 0.00741 0.00741 0.00741 0.00741 0.00741 0.00741 0.00741 0.00741 0.00741 0.00741 0.00741 0.00741 0.00741 0.00741 0.00741 0.00741 0.00741 0.00741 0.00741 0.00741 0.00741 0.00741 0.00741 0.00741 0.00741 0.00741 0.00741 0.00741 0.00741 0.00741 0.00741 0.00741 0.00741 0.00741 0.00741 0.00741 0.00741 0.00741 0.00741 0.00741 0.00741 0.00741 0.00741 0.00741 0.00741 0.00741 0.00741 0.00741 0.00741 0.00741 0.00741 0.00741 0.00741 0.00741 0.00741 0.00741 0.00741 0.00741 0.00741 0.00741 0.00741 0.00741 0.00741 0.00741 0.00741 0.00741 0.00741 0.00741 0.00741 0.00741 0.00741 0.00741 0.00741 0.00741 0.00741 0.00741 0.00741 0.00741 0.00741 0.00741 0.00741 0.00741 0.00741 0.00741 0.00741 0.00741 0.00741 0.00741 0.00741 0.00741 0.00741 0.00741 0.00741 0.00741 0.00741 0.00741 0.00741 0.00741 0.00741 0.00741 0.00741 0.00741 0.00741 0.00741 0.00741 0.00741 0.00741 0.00741 0.00741 0.00741 0.00741 0.00741 0.00741 0.00741 0.00741 0.00741 0.00741 0.00741 0.00741 0.00741 0.00741 0.00741 0.00741 0.00741 0.00741 0.00741 0.00741 0.00741 0.00741 0.00741 0.00741 0.00741 0.00741 0.00741 0.00741 0.00741 0.00741 0.00741 0.00741 0.00741 0.00741 0.00741 0.00741 0.00741 0.00741 0.00741 0.00741 0.00741 0.00741 0.00741 0.00741 0.00741 0.00741 0.00741 0.00741 0.00741 0.00741 0.00741 0.00741 0.00741 0.00741 0.00741 0.00741 0.00741 0.00741 0.00741 0.00741 0.00741 0.00741 0.00741 0.00741 0.00741 0.00741 0.00741 0.00741 0.00741 0.00741 0.00741 0.00741 0.00741 0.00741 0.00741 0.00741 0.00741 0.00741 0.00741 0.00741 0.00741 0.00741 0.00741 0.00741 0.00741 0.00741 0.00741 0.00741 0.00741 0.00741 0.00741 0.00741 0.00741 0.00741 0.00741 0.00741 0.00741 0.00741 0.00741 0.00741 0.00741 0.00741 0.00741 0.00741 0.00741 0.00741 0.00741 0.00741 0.00741 0.00741 0.00741 0.00741 0.00741 0.00741 0.00741 0.00741 0.00741 0.00741 0.00741 0.00741 0.00741 0.00741 0.00741 0.00741 0.00741 0.00741 0.00741 0.00741 0.00741 0.00741 0.00741 0.00741 0.00741 0.00741 0.00741 0.00741 0.00741 0.00741 0.00741 0.00741 0.00741 0.00741 0.00741 0.00741 0.00741 0.00741 0.00741 0.00741 0.00741 0.00741 0.00741 0.00741 0.00741 0.00741 0.00741 0.00741 0.00741 0.00741 0.00741 0.00741 0.00741 0.00741 0.00741 0.00741 0.00741 0.00741 0.00741 0.00741 0.00741 0.00741 0.00741 0.00741 0.00741 0.00741 0.00741 0.00741 0.00741 0.00741 0.00741 0.00741 0.00741 0.00741 0.00741 0.00741 0.00741 0.00741 0.00741 0.00741 0.00741 0.00741 0.00741 0.00741 0.00741 0.00741 0.00741 0.00741 0.00741 0.00741 0.00741 0.00741 0.00741 0.00741 0.00741 0.00741 0.00741 0.00741 0.00741 0.00741 0.00741 0.00741 0.00741 0.00741 0.00741 0.00741 0.00741 0.00741 0.00741 0.00741 0.00741 0.00741 0.00741 0.00741 0.00741 0.00741 0.00741 0.00741 0.00741 0.00741 0.00741 0.00741 0.00741 0.00741 0.00741 0.00741 0.00741 0.00741 0.00741 0.00741 0.00741 0.00741 0.00741 0.00741 0.00741 0.00741 0.00741 0.00741 0.00741 0.00741 0.00741 0.00741 0.00741 0.00741 0.00741 0.00741 0.00741 0.00741 0.00741 0.00741 0.00741 0.00741 0.00741 0.00741 0.00741 0.00741 0.00741 0.00741 0.00741 0.00741 0.00741 0.00741 0.00741 0.00741 0.00741 0.00741 0.00741 0.00741 0.00741 0.00741 0.00741 0.00741 0.00741 0.00741 0.00741 0.00741 0.00741 0.00741 0.00741 0.00741 0.00741 0.00741 0.00741 0.00741 0.00741 0.00741 0.00741 0.00741 0.00741 0.00741 0.00741 0.00741 0.00741 0.00741 0.00741 0.00741 0.00741 0.00741 0.00741 0.00741 0.00741 0.00741 0.00741 0.00741 0.00741 0.00741 0.00741 0.00741 0.00741 0.00741 0.00741 0.00741 0.00741 0.00741 0.00741 0.00741 0.00741 0.00741 0.00741 0.00741 0.00741 0.00741 0.00741 0.00741 0.00741 0.00741 0.00741 0.00741 0.00741 0.00741 0.00741 0.00741 0.00741 0.00741 0.00741 0.00741 0.00741 0.00741 0.00741 0.00741 0.00741 0.00741 0.00741 0.00741 0.00741 0.00741 0.00741 0.00741 0.00741
