grade — lambda space, K=4, extent 2.20; 6 bands/octave over 40..20000 Hz, kernel 0.0833 oct, strike 0 listen 0, 1/omega, damping 5.0/s at 0.200 s

pitch normalised: the lowest audible mode of every point is moved to 440 Hz before banding

variety per unit of travel: mean 4.516, 5th pct 1.472, 95th pct 8.605
spread: 5.85x   (FM 1.83x, Saw 2.03x, Shapes 8.47x in Kyklophoria's table; 1.0 is isotropic)
twins: 0.0% of random pairs within 0.05
axes:  axis 0 5.311  axis 1 9.134  axis 2 3.441  axis 3 1.534
modes skipped as unrenderable (non-positive or above the top band): 0.00 per evaluation over 41604 evaluations

continuity (cont_check): largest step at step/500 and step/2000, ratio ~4 smooth, ~1 cliff
  axis    spec/500   spec/2000   ratio      logf/500   logf/2000   ratio
  0        0.01674     0.00420    3.99       0.01465     0.00366    4.00
  1        0.03906     0.00977    4.00       0.01034     0.00258    4.00
  2        0.00987     0.00247    4.00       0.00451     0.00113    4.00
  3        0.00460     0.00115    4.00       0.00365     0.00091    4.00

where the frequencies move fastest along each axis (log-frequency step per 1/500 of travel, in tenths of the axis):
  axis 0: 0.0147 0.0147 0.0147 0.0147 0.0147 0.0147 0.0147 0.0147 0.0147 0.0147   peak 0.0147
  axis 1: 0.0103 0.0103 0.0103 0.0103 0.0103 0.0103 0.0103 0.0103 0.0103 0.0103   peak 0.0103
  axis 2: 0.0045 0.0045 0.0045 0.0045 0.0045 0.0045 0.0045 0.0045 0.0045 0.0045   peak 0.0045
  axis 3: 0.0036 0.0036 0.0036 0.0036 0.0036 0.0036 0.0036 0.0036 0.0036 0.0036   peak 0.0036

veering map — second difference of each aligned slot's log frequency along each sweep, in cents.
a smooth trajectory is under 100; a slot that trades places with its neighbour is hundreds.
listed: every (family, parameter, slot) over 300 cents, and each family's worst.
  bar: (0.927, slot 2: 1133) (0.927, slot 4: 1136)
    2 over 300 cents; worst 1136 cents at parameter 0.927, slot 4
  plate: (1.182, slot 0: 2812) (1.182, slot 1: 598) (1.182, slot 4: 1388) (1.182, slot 5: 1050) (1.182, slot 6: 1406) (1.182, slot 7: 1528) (1.182, slot 9: 1014) (1.182, slot 11: 1956) (1.182, slot 15: 1027) (1.182, slot 16: 2013) (1.182, slot 18: 2636) (1.182, slot 19: 579) (1.182, slot 20: 4300) (1.182, slot 21: 1115) (1.182, slot 23: 1815) (1.182, slot 24: 1362) (1.182, slot 26: 3187) (1.364, slot 1: 328) (1.364, slot 6: 1564) (1.364, slot 9: 1986) (1.364, slot 12: 563) (1.364, slot 15: 949) (1.364, slot 17: 329) (1.364, slot 21: 1705) (1.364, slot 23: 1316) (1.364, slot 24: 1131) (1.546, slot 1: 618) (1.546, slot 9: 1727) (1.546, slot 21: 744) (1.727, slot 1: 347) (1.727, slot 18: 446) (1.909, slot 1: 765) (1.909, slot 9: 1464) (1.909, slot 12: 1483) (1.909, slot 18: 867) (2.091, slot 9: 1479) (2.091, slot 12: 1399) (2.091, slot 18: 332) (2.273, slot 12: 1145) (2.273, slot 20: 1766) (2.454, slot 12: 1143) (2.454, slot 20: 1756)
    42 over 300 cents; worst 4300 cents at parameter 1.182, slot 20
  bell: (0.218, slot 35: 448) (0.436, slot 32: 727) (0.545, slot 32: 643) (0.545, slot 36: 309) (0.655, slot 22: 781) (0.655, slot 33: 756) (0.764, slot 22: 759) (0.764, slot 30: 347) (0.764, slot 33: 782) (1.091, slot 29: 661)
    10 over 300 cents; worst 782 cents at parameter 0.764, slot 33

profiles: per axis, 500 steps, spectrum step then log-frequency step
axis 0 spec: 0.00789 0.00803 0.00817 0.00831 0.00844 0.00858 0.00871 0.00883 0.00895 0.00907 0.00919 0.00930 0.00941 0.00952 0.00962 0.00972 0.00982 0.00992 0.01001 0.01011 0.01020 0.01029 0.01039 0.01048 0.01058 0.01068 0.01078 0.01088 0.01098 0.01109 0.01120 0.01132 0.01143 0.01155 0.01168 0.01180 0.01193 0.01206 0.01219 0.01232 0.01245 0.01258 0.01271 0.01283 0.01296 0.01308 0.01319 0.01330 0.01340 0.01349 0.01357 0.01365 0.01371 0.01377 0.01382 0.01385 0.01387 0.01389 0.01389 0.01388 0.01385 0.01382 0.01377 0.01372 0.01365 0.01357 0.01349 0.01339 0.01329 0.01317 0.01305 0.01293 0.01279 0.01266 0.01251 0.01237 0.01222 0.01207 0.01191 0.01175 0.01160 0.01144 0.01128 0.01112 0.01096 0.01080 0.01064 0.01048 0.01033 0.01017 0.01002 0.00987 0.00972 0.00957 0.00942 0.00927 0.00913 0.00899 0.00885 0.00871 0.00858 0.00845 0.00831 0.00819 0.00806 0.00794 0.00782 0.00770 0.00758 0.00747 0.00737 0.00726 0.00716 0.00707 0.00698 0.00689 0.00681 0.00674 0.00667 0.00661 0.00655 0.00652 0.00647 0.00643 0.00641 0.00639 0.00638 0.00637 0.00638 0.00639 0.00642 0.00643 0.00646 0.00650 0.00654 0.00658 0.00664 0.00669 0.00676 0.00682 0.00689 0.00696 0.00704 0.00712 0.00720 0.00728 0.00737 0.00745 0.00754 0.00763 0.00771 0.00781 0.00790 0.00800 0.00809 0.00818 0.00828 0.00837 0.00847 0.00857 0.00866 0.00876 0.00886 0.00896 0.00906 0.00916 0.00927 0.00937 0.00948 0.00959 0.00971 0.00982 0.00994 0.01006 0.01018 0.01031 0.01044 0.01057 0.01070 0.01083 0.01097 0.01110 0.01124 0.01138 0.01152 0.01165 0.01179 0.01192 0.01205 0.01218 0.01230 0.01241 0.01252 0.01263 0.01273 0.01282 0.01290 0.01298 0.01304 0.01310 0.01315 0.01319 0.01323 0.01325 0.01327 0.01328 0.01328 0.01328 0.01326 0.01325 0.01323 0.01320 0.01316 0.01312 0.01308 0.01304 0.01298 0.01293 0.01287 0.01281 0.01274 0.01267 0.01259 0.01251 0.01243 0.01234 0.01224 0.01214 0.01203 0.01191 0.01179 0.01166 0.01152 0.01138 0.01122 0.01106 0.01089 0.01072 0.01053 0.01034 0.01015 0.00994 0.00973 0.00952 0.00930 0.00908 0.00886 0.00864 0.00842 0.00820 0.00798 0.00777 0.00757 0.00737 0.00718 0.00701 0.00684 0.00669 0.00656 0.00644 0.00634 0.00625 0.00619 0.00614 0.00611 0.00611 0.00611 0.00613 0.00616 0.00621 0.00627 0.00634 0.00641 0.00649 0.00657 0.00666 0.00674 0.00683 0.00693 0.00699 0.00707 0.00714 0.00721 0.00727 0.00732 0.00737 0.00741 0.00745 0.00748 0.00751 0.00753 0.00755 0.00757 0.00758 0.00759 0.00761 0.00763 0.00765 0.00767 0.00771 0.00774 0.00779 0.00785 0.00792 0.00801 0.00810 0.00821 0.00833 0.00846 0.00861 0.00876 0.00893 0.00911 0.00930 0.00950 0.00970 0.00991 0.01012 0.01034 0.01055 0.01076 0.01098 0.01119 0.01139 0.01159 0.01178 0.01196 0.01213 0.01229 0.01245 0.01259 0.01272 0.01283 0.01294 0.01303 0.01312 0.01319 0.01325 0.01330 0.01334 0.01338 0.01341 0.01343 0.01345 0.01346 0.01348 0.01349 0.01350 0.01351 0.01352 0.01354 0.01355 0.01357 0.01359 0.01361 0.01364 0.01366 0.01368 0.01370 0.01372 0.01373 0.01374 0.01374 0.01373 0.01372 0.01369 0.01365 0.01360 0.01354 0.01346 0.01337 0.01326 0.01314 0.01300 0.01285 0.01268 0.01250 0.01231 0.01210 0.01188 0.01166 0.01142 0.01119 0.01094 0.01070 0.01045 0.01021 0.00997 0.00974 0.00951 0.00930 0.00910 0.00892 0.00876 0.00861 0.00849 0.00838 0.00830 0.00824 0.00820 0.00819 0.00819 0.00821 0.00824 0.00829 0.00835 0.00841 0.00849 0.00856 0.00863 0.00871 0.00877 0.00884 0.00889 0.00893 0.00897 0.00899 0.00899 0.00898 0.00896 0.00892 0.00887 0.00880 0.00872 0.00862 0.00851 0.00843 0.00826 0.00812 0.00797 0.00782 0.00767 0.00752 0.00738 0.00724 0.00712 0.00701 0.00693 0.00686 0.00683 0.00682 0.00689 0.00691 0.00701 0.00713 0.00729 0.00748 0.00770 0.00794 0.00820 0.00848 0.00877 0.00907 0.00938 0.00970 0.01001 0.01032 0.01063 0.01093 0.01122 0.01149 0.01176 0.01200 0.01223 0.01245 0.01264 0.01282 0.01297 0.01311 0.01323 0.01333 0.01341 0.01349 0.01354 0.01359 0.01363 0.01366 0.01370 0.01373 0.01377 0.01381 0.01387 0.01393 0.01402 0.01411 0.01423 0.01432 0.01450 0.01466 0.01484 0.01504 0.01524 0.01545 0.01566 0.01587 0.01607 0.01626 0.01644 0.01660 0.01674
axis 0 logf: 0.01465 0.01465 0.01465 0.01465 0.01465 0.01465 0.01465 0.01465 0.01465 0.01465 0.01465 0.01465 0.01465 0.01465 0.01465 0.01465 0.01465 0.01465 0.01465 0.01465 0.01465 0.01465 0.01465 0.01465 0.01465 0.01465 0.01465 0.01465 0.01465 0.01465 0.01465 0.01465 0.01465 0.01465 0.01465 0.01465 0.01465 0.01465 0.01465 0.01465 0.01465 0.01465 0.01465 0.01465 0.01465 0.01465 0.01465 0.01465 0.01465 0.01465 0.01465 0.01465 0.01465 0.01465 0.01465 0.01465 0.01465 0.01465 0.01465 0.01465 0.01465 0.01465 0.01465 0.01465 0.01465 0.01465 0.01465 0.01465 0.01465 0.01465 0.01465 0.01465 0.01465 0.01465 0.01465 0.01465 0.01465 0.01465 0.01465 0.01465 0.01465 0.01465 0.01465 0.01465 0.01465 0.01465 0.01465 0.01465 0.01465 0.01465 0.01465 0.01465 0.01465 0.01465 0.01465 0.01465 0.01465 0.01465 0.01465 0.01465 0.01465 0.01465 0.01465 0.01465 0.01465 0.01465 0.01465 0.01465 0.01465 0.01465 0.01465 0.01465 0.01465 0.01465 0.01465 0.01465 0.01465 0.01465 0.01465 0.01465 0.01465 0.01465 0.01465 0.01465 0.01465 0.01465 0.01465 0.01465 0.01465 0.01465 0.01465 0.01465 0.01465 0.01465 0.01465 0.01465 0.01465 0.01465 0.01465 0.01465 0.01465 0.01465 0.01465 0.01465 0.01465 0.01465 0.01465 0.01465 0.01465 0.01465 0.01465 0.01465 0.01465 0.01465 0.01465 0.01465 0.01465 0.01465 0.01465 0.01465 0.01465 0.01465 0.01465 0.01465 0.01465 0.01465 0.01465 0.01465 0.01465 0.01465 0.01465 0.01465 0.01465 0.01465 0.01465 0.01465 0.01465 0.01465 0.01465 0.01465 0.01465 0.01465 0.01465 0.01465 0.01465 0.01465 0.01465 0.01465 0.01465 0.01465 0.01465 0.01465 0.01465 0.01465 0.01465 0.01465 0.01465 0.01465 0.01465 0.01465 0.01465 0.01465 0.01465 0.01465 0.01465 0.01465 0.01465 0.01465 0.01465 0.01465 0.01465 0.01465 0.01465 0.01465 0.01465 0.01465 0.01465 0.01465 0.01465 0.01465 0.01465 0.01465 0.01465 0.01465 0.01465 0.01465 0.01465 0.01465 0.01465 0.01465 0.01465 0.01465 0.01465 0.01465 0.01465 0.01465 0.01465 0.01465 0.01465 0.01465 0.01465 0.01465 0.01465 0.01465 0.01465 0.01465 0.01465 0.01465 0.01465 0.01465 0.01465 0.01465 0.01465 0.01465 0.01465 0.01465 0.01465 0.01465 0.01465 0.01465 0.01465 0.01465 0.01465 0.01465 0.01465 0.01465 0.01465 0.01465 0.01465 0.01465 0.01465 0.01465 0.01465 0.01465 0.01465 0.01465 0.01465 0.01465 0.01465 0.01465 0.01465 0.01465 0.01465 0.01465 0.01465 0.01465 0.01465 0.01465 0.01465 0.01465 0.01465 0.01465 0.01465 0.01465 0.01465 0.01465 0.01465 0.01465 0.01465 0.01465 0.01465 0.01465 0.01465 0.01465 0.01465 0.01465 0.01465 0.01465 0.01465 0.01465 0.01465 0.01465 0.01465 0.01465 0.01465 0.01465 0.01465 0.01465 0.01465 0.01465 0.01465 0.01465 0.01465 0.01465 0.01465 0.01465 0.01465 0.01465 0.01465 0.01465 0.01465 0.01465 0.01465 0.01465 0.01465 0.01465 0.01465 0.01465 0.01465 0.01465 0.01465 0.01465 0.01465 0.01465 0.01465 0.01465 0.01465 0.01465 0.01465 0.01465 0.01465 0.01465 0.01465 0.01465 0.01465 0.01465 0.01465 0.01465 0.01465 0.01465 0.01465 0.01465 0.01465 0.01465 0.01465 0.01465 0.01465 0.01465 0.01465 0.01465 0.01465 0.01465 0.01465 0.01465 0.01465 0.01465 0.01465 0.01465 0.01465 0.01465 0.01465 0.01465 0.01465 0.01465 0.01465 0.01465 0.01465 0.01465 0.01465 0.01465 0.01465 0.01465 0.01465 0.01465 0.01465 0.01465 0.01465 0.01465 0.01465 0.01465 0.01465 0.01465 0.01465 0.01465 0.01465 0.01465 0.01465 0.01465 0.01465 0.01465 0.01465 0.01465 0.01465 0.01465 0.01465 0.01465 0.01465 0.01465 0.01465 0.01465 0.01465 0.01465 0.01465 0.01465 0.01465 0.01465 0.01465 0.01465 0.01465 0.01465 0.01465 0.01465 0.01465 0.01465 0.01465 0.01465 0.01465 0.01465 0.01465 0.01465 0.01465 0.01465 0.01465 0.01465 0.01465 0.01465 0.01465 0.01465 0.01465 0.01465 0.01465 0.01465 0.01465 0.01465 0.01465 0.01465 0.01465 0.01465 0.01465 0.01465 0.01465 0.01465 0.01465 0.01465 0.01465 0.01465 0.01465 0.01465 0.01465 0.01465 0.01465 0.01465 0.01465 0.01465 0.01465 0.01465 0.01465 0.01465 0.01465 0.01465 0.01465 0.01465 0.01465 0.01465 0.01465 0.01465 0.01465 0.01465 0.01465 0.01465 0.01465 0.01465 0.01465 0.01465 0.01465 0.01465 0.01465 0.01465 0.01465 0.01465
axis 1 spec: 0.01257 0.01289 0.01325 0.01364 0.01405 0.01449 0.01492 0.01536 0.01580 0.01621 0.01662 0.01700 0.01735 0.01768 0.01799 0.01826 0.01852 0.01875 0.01897 0.01918 0.01937 0.01955 0.01974 0.01991 0.02009 0.02026 0.02043 0.02059 0.02073 0.02086 0.02097 0.02104 0.02108 0.02108 0.02104 0.02095 0.02082 0.02063 0.02039 0.02011 0.01977 0.01940 0.01899 0.01855 0.01809 0.01761 0.01711 0.01661 0.01611 0.01563 0.01515 0.01470 0.01427 0.01387 0.01351 0.01318 0.01288 0.01262 0.01239 0.01220 0.01203 0.01188 0.01175 0.01163 0.01152 0.01143 0.01131 0.01120 0.01108 0.01096 0.01082 0.01068 0.01053 0.01038 0.01022 0.01008 0.00995 0.00985 0.00976 0.00971 0.00971 0.00974 0.00983 0.00996 0.01013 0.01035 0.01059 0.01086 0.01115 0.01145 0.01175 0.01205 0.01234 0.01262 0.01288 0.01314 0.01338 0.01361 0.01384 0.01406 0.01429 0.01453 0.01478 0.01506 0.01535 0.01568 0.01602 0.01639 0.01679 0.01719 0.01762 0.01805 0.01848 0.01890 0.01930 0.01969 0.02005 0.02038 0.02068 0.02094 0.02116 0.02133 0.02147 0.02157 0.02162 0.02163 0.02160 0.02153 0.02142 0.02128 0.02109 0.02086 0.02060 0.02031 0.01999 0.01963 0.01926 0.01887 0.01846 0.01805 0.01764 0.01722 0.01682 0.01642 0.01604 0.01567 0.01532 0.01498 0.01464 0.01433 0.01399 0.01366 0.01333 0.01299 0.01264 0.01228 0.01191 0.01154 0.01117 0.01081 0.01048 0.01016 0.00989 0.00967 0.00951 0.00941 0.00938 0.00941 0.00949 0.00962 0.00978 0.00996 0.01015 0.01032 0.01049 0.01064 0.01076 0.01085 0.01093 0.01098 0.01103 0.01107 0.01112 0.01119 0.01129 0.01143 0.01162 0.01186 0.01215 0.01249 0.01287 0.01328 0.01371 0.01415 0.01459 0.01502 0.01544 0.01583 0.01620 0.01654 0.01686 0.01715 0.01743 0.01769 0.01795 0.01820 0.01846 0.01873 0.01900 0.01928 0.01955 0.01982 0.02006 0.02030 0.02050 0.02066 0.02078 0.02085 0.02089 0.02088 0.02083 0.02076 0.02067 0.02057 0.02047 0.02037 0.02029 0.02022 0.02017 0.02013 0.02009 0.02003 0.01995 0.01982 0.01966 0.01943 0.01913 0.01876 0.01831 0.01779 0.01721 0.01658 0.01592 0.01524 0.01458 0.01395 0.01338 0.01289 0.01249 0.01219 0.01200 0.01190 0.01187 0.01188 0.01192 0.01194 0.01195 0.01190 0.01180 0.01164 0.01141 0.01112 0.01078 0.01044 0.01009 0.00976 0.00950 0.00934 0.00932 0.00940 0.00962 0.00996 0.01038 0.01085 0.01134 0.01182 0.01227 0.01266 0.01298 0.01322 0.01338 0.01347 0.01351 0.01350 0.01349 0.01349 0.01354 0.01366 0.01389 0.01424 0.01470 0.01526 0.01591 0.01660 0.01730 0.01799 0.01863 0.01920 0.01966 0.02002 0.02025 0.02036 0.02035 0.02025 0.02008 0.01986 0.01963 0.01943 0.01928 0.01922 0.01927 0.01943 0.01970 0.02005 0.02046 0.02090 0.02132 0.02169 0.02200 0.02218 0.02226 0.02220 0.02202 0.02173 0.02135 0.02091 0.02046 0.02003 0.01966 0.01939 0.01926 0.01924 0.01936 0.01957 0.01985 0.02013 0.02038 0.02055 0.02061 0.02052 0.02027 0.01984 0.01924 0.01847 0.01757 0.01655 0.01547 0.01438 0.01334 0.01243 0.01174 0.01129 0.01115 0.01131 0.01170 0.01224 0.01285 0.01345 0.01398 0.01439 0.01464 0.01471 0.01459 0.01430 0.01382 0.01322 0.01254 0.01184 0.01123 0.01080 0.01067 0.01090 0.01150 0.01242 0.01358 0.01488 0.01622 0.01753 0.01873 0.01977 0.02060 0.02120 0.02154 0.02162 0.02144 0.02104 0.02046 0.01976 0.01903 0.01838 0.01790 0.01772 0.01791 0.01850 0.01944 0.02068 0.02209 0.02358 0.02503 0.02635 0.02745 0.02827 0.02879 0.02893 0.02873 0.02820 0.02740 0.02640 0.02529 0.02418 0.02321 0.02252 0.02219 0.02230 0.02285 0.02376 0.02492 0.02621 0.02749 0.02864 0.02954 0.03013 0.03034 0.03014 0.02953 0.02853 0.02720 0.02561 0.02385 0.02207 0.02039 0.01901 0.01809 0.01775 0.01803 0.01888 0.02012 0.02159 0.02311 0.02453 0.02572 0.02661 0.02711 0.02720 0.02685 0.02608 0.02491 0.02341 0.02166 0.01976 0.01785 0.01612 0.01477 0.01410 0.01416 0.01505 0.01656 0.01848 0.02059 0.02293 0.02467 0.02638 0.02773 0.02866 0.02913 0.02911 0.02862 0.02771 0.02644 0.02495 0.02339 0.02196 0.02090 0.02046 0.02076 0.02194 0.02380 0.02615 0.02877 0.03143 0.03391 0.03605 0.03768 0.03871 0.03906 0.03869 0.03762 0.03591 0.03363 0.03089 0.02778 0.02442 0.02092 0.01738 0.01391 0.01070 0.00809 0.00668 0.00701 0.00866
axis 1 logf: 0.01034 0.01034 0.01034 0.01034 0.01034 0.01034 0.01034 0.01034 0.01034 0.01034 0.01034 0.01034 0.01034 0.01034 0.01034 0.01034 0.01034 0.01034 0.01034 0.01034 0.01034 0.01034 0.01034 0.01034 0.01034 0.01034 0.01034 0.01034 0.01034 0.01034 0.01034 0.01034 0.01034 0.01034 0.01034 0.01034 0.01034 0.01034 0.01034 0.01034 0.01034 0.01034 0.01034 0.01034 0.01034 0.01034 0.01034 0.01034 0.01034 0.01034 0.01034 0.01034 0.01034 0.01034 0.01034 0.01034 0.01034 0.01034 0.01034 0.01034 0.01034 0.01034 0.01034 0.01034 0.01034 0.01034 0.01034 0.01034 0.01034 0.01034 0.01034 0.01034 0.01034 0.01034 0.01034 0.01034 0.01034 0.01034 0.01034 0.01034 0.01034 0.01034 0.01034 0.01034 0.01034 0.01034 0.01034 0.01034 0.01034 0.01034 0.01034 0.01034 0.01034 0.01034 0.01034 0.01034 0.01034 0.01034 0.01034 0.01034 0.01034 0.01034 0.01034 0.01034 0.01034 0.01034 0.01034 0.01034 0.01034 0.01034 0.01034 0.01034 0.01034 0.01034 0.01034 0.01034 0.01034 0.01034 0.01034 0.01034 0.01034 0.01034 0.01034 0.01034 0.01034 0.01034 0.01034 0.01034 0.01034 0.01034 0.01034 0.01034 0.01034 0.01034 0.01034 0.01034 0.01034 0.01034 0.01034 0.01034 0.01034 0.01034 0.01034 0.01034 0.01034 0.01034 0.01034 0.01034 0.01034 0.01034 0.01034 0.01034 0.01034 0.01034 0.01034 0.01034 0.01034 0.01034 0.01034 0.01034 0.01034 0.01034 0.01034 0.01034 0.01034 0.01034 0.01034 0.01034 0.01034 0.01034 0.01034 0.01034 0.01034 0.01034 0.01034 0.01034 0.01034 0.01034 0.01034 0.01034 0.01034 0.01034 0.01034 0.01034 0.01034 0.01034 0.01034 0.01034 0.01034 0.01034 0.01034 0.01034 0.01034 0.01034 0.01034 0.01034 0.01034 0.01034 0.01034 0.01034 0.01034 0.01034 0.01034 0.01034 0.01034 0.01034 0.01034 0.01034 0.01034 0.01034 0.01034 0.01034 0.01034 0.01034 0.01034 0.01034 0.01034 0.01034 0.01034 0.01034 0.01034 0.01034 0.01034 0.01034 0.01034 0.01034 0.01034 0.01034 0.01034 0.01034 0.01034 0.01034 0.01034 0.01034 0.01034 0.01034 0.01034 0.01034 0.01034 0.01034 0.01034 0.01034 0.01034 0.01034 0.01034 0.01034 0.01034 0.01034 0.01034 0.01034 0.01034 0.01034 0.01034 0.01034 0.01034 0.01034 0.01034 0.01034 0.01034 0.01034 0.01034 0.01034 0.01034 0.01034 0.01034 0.01034 0.01034 0.01034 0.01034 0.01034 0.01034 0.01034 0.01034 0.01034 0.01034 0.01034 0.01034 0.01034 0.01034 0.01034 0.01034 0.01034 0.01034 0.01034 0.01034 0.01034 0.01034 0.01034 0.01034 0.01034 0.01034 0.01034 0.01034 0.01034 0.01034 0.01034 0.01034 0.01034 0.01034 0.01034 0.01034 0.01034 0.01034 0.01034 0.01034 0.01034 0.01034 0.01034 0.01034 0.01034 0.01034 0.01034 0.01034 0.01034 0.01034 0.01034 0.01034 0.01034 0.01034 0.01034 0.01034 0.01034 0.01034 0.01034 0.01034 0.01034 0.01034 0.01034 0.01034 0.01034 0.01034 0.01034 0.01034 0.01034 0.01034 0.01034 0.01034 0.01034 0.01034 0.01034 0.01034 0.01034 0.01034 0.01034 0.01034 0.01034 0.01034 0.01034 0.01034 0.01034 0.01034 0.01034 0.01034 0.01034 0.01034 0.01034 0.01034 0.01034 0.01034 0.01034 0.01034 0.01034 0.01034 0.01034 0.01034 0.01034 0.01034 0.01034 0.01034 0.01034 0.01034 0.01034 0.01034 0.01034 0.01034 0.01034 0.01034 0.01034 0.01034 0.01034 0.01034 0.01034 0.01034 0.01034 0.01034 0.01034 0.01034 0.01034 0.01034 0.01034 0.01034 0.01034 0.01034 0.01034 0.01034 0.01034 0.01034 0.01034 0.01034 0.01034 0.01034 0.01034 0.01034 0.01034 0.01034 0.01034 0.01034 0.01034 0.01034 0.01034 0.01034 0.01034 0.01034 0.01034 0.01034 0.01034 0.01034 0.01034 0.01034 0.01034 0.01034 0.01034 0.01034 0.01034 0.01034 0.01034 0.01034 0.01034 0.01034 0.01034 0.01034 0.01034 0.01034 0.01034 0.01034 0.01034 0.01034 0.01034 0.01034 0.01034 0.01034 0.01034 0.01034 0.01034 0.01034 0.01034 0.01034 0.01034 0.01034 0.01034 0.01034 0.01034 0.01034 0.01034 0.01034 0.01034 0.01034 0.01034 0.01034 0.01034 0.01034 0.01034 0.01034 0.01034 0.01034 0.01034 0.01034 0.01034 0.01034 0.01034 0.01034 0.01034 0.01034 0.01034 0.01034 0.01034 0.01034 0.01034 0.01034 0.01034 0.01034 0.01034 0.01034 0.01034 0.01034 0.01034 0.01034 0.01034 0.01034 0.01034 0.01034 0.01034 0.01034 0.01034 0.01034 0.01034 0.01034 0.01034 0.01034 0.01034
axis 2 spec: 0.00393 0.00391 0.00389 0.00388 0.00387 0.00389 0.00385 0.00385 0.00385 0.00385 0.00385 0.00386 0.00387 0.00389 0.00390 0.00392 0.00394 0.00397 0.00399 0.00402 0.00406 0.00409 0.00413 0.00417 0.00422 0.00426 0.00431 0.00436 0.00442 0.00447 0.00453 0.00459 0.00466 0.00472 0.00479 0.00486 0.00492 0.00500 0.00507 0.00514 0.00522 0.00530 0.00537 0.00545 0.00553 0.00561 0.00570 0.00578 0.00586 0.00594 0.00603 0.00611 0.00620 0.00628 0.00637 0.00645 0.00654 0.00662 0.00671 0.00679 0.00688 0.00696 0.00704 0.00713 0.00721 0.00729 0.00737 0.00745 0.00753 0.00761 0.00769 0.00776 0.00784 0.00791 0.00799 0.00806 0.00813 0.00820 0.00827 0.00833 0.00840 0.00846 0.00852 0.00858 0.00864 0.00870 0.00875 0.00881 0.00886 0.00891 0.00896 0.00900 0.00905 0.00909 0.00913 0.00917 0.00921 0.00924 0.00927 0.00930 0.00933 0.00935 0.00938 0.00940 0.00942 0.00943 0.00944 0.00946 0.00946 0.00947 0.00947 0.00947 0.00947 0.00946 0.00946 0.00945 0.00943 0.00942 0.00940 0.00937 0.00935 0.00932 0.00929 0.00926 0.00922 0.00918 0.00914 0.00910 0.00905 0.00900 0.00895 0.00889 0.00883 0.00877 0.00871 0.00865 0.00858 0.00851 0.00844 0.00836 0.00829 0.00821 0.00813 0.00805 0.00796 0.00788 0.00779 0.00770 0.00761 0.00752 0.00743 0.00734 0.00725 0.00715 0.00706 0.00696 0.00687 0.00677 0.00667 0.00658 0.00648 0.00639 0.00629 0.00620 0.00610 0.00601 0.00592 0.00582 0.00573 0.00564 0.00556 0.00547 0.00538 0.00530 0.00522 0.00514 0.00506 0.00498 0.00491 0.00484 0.00477 0.00470 0.00464 0.00458 0.00452 0.00446 0.00441 0.00436 0.00431 0.00427 0.00423 0.00419 0.00415 0.00412 0.00409 0.00407 0.00404 0.00402 0.00401 0.00399 0.00398 0.00397 0.00397 0.00396 0.00396 0.00396 0.00397 0.00398 0.00398 0.00400 0.00403 0.00402 0.00404 0.00406 0.00408 0.00410 0.00411 0.00415 0.00417 0.00420 0.00423 0.00426 0.00429 0.00433 0.00436 0.00440 0.00443 0.00447 0.00451 0.00455 0.00459 0.00463 0.00467 0.00471 0.00476 0.00480 0.00485 0.00490 0.00494 0.00500 0.00505 0.00510 0.00515 0.00521 0.00526 0.00532 0.00538 0.00544 0.00550 0.00556 0.00563 0.00569 0.00576 0.00583 0.00590 0.00597 0.00604 0.00612 0.00619 0.00627 0.00635 0.00643 0.00652 0.00660 0.00668 0.00676 0.00686 0.00695 0.00704 0.00713 0.00722 0.00731 0.00740 0.00750 0.00759 0.00768 0.00778 0.00787 0.00797 0.00806 0.00815 0.00824 0.00834 0.00843 0.00852 0.00860 0.00869 0.00877 0.00886 0.00894 0.00901 0.00909 0.00916 0.00923 0.00930 0.00936 0.00942 0.00948 0.00954 0.00959 0.00963 0.00967 0.00971 0.00975 0.00978 0.00980 0.00982 0.00984 0.00985 0.00986 0.00987 0.00987 0.00986 0.00985 0.00984 0.00982 0.00980 0.00977 0.00974 0.00971 0.00967 0.00963 0.00958 0.00954 0.00948 0.00943 0.00937 0.00931 0.00925 0.00918 0.00912 0.00905 0.00897 0.00890 0.00883 0.00875 0.00867 0.00859 0.00851 0.00844 0.00835 0.00827 0.00819 0.00811 0.00803 0.00795 0.00787 0.00779 0.00771 0.00763 0.00755 0.00748 0.00740 0.00732 0.00725 0.00718 0.00710 0.00703 0.00696 0.00689 0.00683 0.00676 0.00669 0.00663 0.00657 0.00650 0.00644 0.00638 0.00632 0.00626 0.00621 0.00615 0.00609 0.00604 0.00598 0.00593 0.00587 0.00582 0.00577 0.00571 0.00566 0.00561 0.00556 0.00551 0.00546 0.00541 0.00536 0.00531 0.00526 0.00521 0.00516 0.00511 0.00506 0.00501 0.00496 0.00491 0.00487 0.00482 0.00477 0.00473 0.00468 0.00464 0.00459 0.00455 0.00451 0.00447 0.00443 0.00439 0.00435 0.00432 0.00428 0.00425 0.00422 0.00419 0.00417 0.00417 0.00413 0.00411 0.00409 0.00408 0.00408 0.00407 0.00407 0.00407 0.00408 0.00409 0.00410 0.00412 0.00413 0.00416 0.00419 0.00422 0.00425 0.00429 0.00434 0.00438 0.00443 0.00448 0.00454 0.00460 0.00466 0.00472 0.00479 0.00486 0.00493 0.00501 0.00508 0.00516 0.00524 0.00532 0.00541 0.00549 0.00558 0.00566 0.00575 0.00584 0.00593 0.00602 0.00611 0.00620 0.00629 0.00638 0.00647 0.00656 0.00665 0.00674 0.00683 0.00692 0.00701 0.00710 0.00719 0.00727 0.00736 0.00744 0.00753 0.00761 0.00769 0.00777 0.00785 0.00792 0.00800 0.00807 0.00815 0.00822 0.00829 0.00836 0.00842 0.00849 0.00855 0.00861 0.00867 0.00873 0.00879 0.00884 0.00890 0.00895 0.00900 0.00905 0.00910 0.00914
axis 2 logf: 0.00451 0.00451 0.00451 0.00451 0.00451 0.00451 0.00451 0.00451 0.00451 0.00451 0.00451 0.00451 0.00451 0.00451 0.00451 0.00451 0.00451 0.00451 0.00451 0.00451 0.00451 0.00451 0.00451 0.00451 0.00451 0.00451 0.00451 0.00451 0.00451 0.00451 0.00451 0.00451 0.00451 0.00451 0.00451 0.00451 0.00451 0.00451 0.00451 0.00451 0.00451 0.00451 0.00451 0.00451 0.00451 0.00451 0.00451 0.00451 0.00451 0.00451 0.00451 0.00451 0.00451 0.00451 0.00451 0.00451 0.00451 0.00451 0.00451 0.00451 0.00451 0.00451 0.00451 0.00451 0.00451 0.00451 0.00451 0.00451 0.00451 0.00451 0.00451 0.00451 0.00451 0.00451 0.00451 0.00451 0.00451 0.00451 0.00451 0.00451 0.00451 0.00451 0.00451 0.00451 0.00451 0.00451 0.00451 0.00451 0.00451 0.00451 0.00451 0.00451 0.00451 0.00451 0.00451 0.00451 0.00451 0.00451 0.00451 0.00451 0.00451 0.00451 0.00451 0.00451 0.00451 0.00451 0.00451 0.00451 0.00451 0.00451 0.00451 0.00451 0.00451 0.00451 0.00451 0.00451 0.00451 0.00451 0.00451 0.00451 0.00451 0.00451 0.00451 0.00451 0.00451 0.00451 0.00451 0.00451 0.00451 0.00451 0.00451 0.00451 0.00451 0.00451 0.00451 0.00451 0.00451 0.00451 0.00451 0.00451 0.00451 0.00451 0.00451 0.00451 0.00451 0.00451 0.00451 0.00451 0.00451 0.00451 0.00451 0.00451 0.00451 0.00451 0.00451 0.00451 0.00451 0.00451 0.00451 0.00451 0.00451 0.00451 0.00451 0.00451 0.00451 0.00451 0.00451 0.00451 0.00451 0.00451 0.00451 0.00451 0.00451 0.00451 0.00451 0.00451 0.00451 0.00451 0.00451 0.00451 0.00451 0.00451 0.00451 0.00451 0.00451 0.00451 0.00451 0.00451 0.00451 0.00451 0.00451 0.00451 0.00451 0.00451 0.00451 0.00451 0.00451 0.00451 0.00451 0.00451 0.00451 0.00451 0.00451 0.00451 0.00451 0.00451 0.00451 0.00451 0.00451 0.00451 0.00451 0.00451 0.00451 0.00451 0.00451 0.00451 0.00451 0.00451 0.00451 0.00451 0.00451 0.00451 0.00451 0.00451 0.00451 0.00451 0.00451 0.00451 0.00451 0.00451 0.00451 0.00451 0.00451 0.00451 0.00451 0.00451 0.00451 0.00451 0.00451 0.00451 0.00451 0.00451 0.00451 0.00451 0.00451 0.00451 0.00451 0.00451 0.00451 0.00451 0.00451 0.00451 0.00451 0.00451 0.00451 0.00451 0.00451 0.00451 0.00451 0.00451 0.00451 0.00451 0.00451 0.00451 0.00451 0.00451 0.00451 0.00451 0.00451 0.00451 0.00451 0.00451 0.00451 0.00451 0.00451 0.00451 0.00451 0.00451 0.00451 0.00451 0.00451 0.00451 0.00451 0.00451 0.00451 0.00451 0.00451 0.00451 0.00451 0.00451 0.00451 0.00451 0.00451 0.00451 0.00451 0.00451 0.00451 0.00451 0.00451 0.00451 0.00451 0.00451 0.00451 0.00451 0.00451 0.00451 0.00451 0.00451 0.00451 0.00451 0.00451 0.00451 0.00451 0.00451 0.00451 0.00451 0.00451 0.00451 0.00451 0.00451 0.00451 0.00451 0.00451 0.00451 0.00451 0.00451 0.00451 0.00451 0.00451 0.00451 0.00451 0.00451 0.00451 0.00451 0.00451 0.00451 0.00451 0.00451 0.00451 0.00451 0.00451 0.00451 0.00451 0.00451 0.00451 0.00451 0.00451 0.00451 0.00451 0.00451 0.00451 0.00451 0.00451 0.00451 0.00451 0.00451 0.00451 0.00451 0.00451 0.00451 0.00451 0.00451 0.00451 0.00451 0.00451 0.00451 0.00451 0.00451 0.00451 0.00451 0.00451 0.00451 0.00451 0.00451 0.00451 0.00451 0.00451 0.00451 0.00451 0.00451 0.00451 0.00451 0.00451 0.00451 0.00451 0.00451 0.00451 0.00451 0.00451 0.00451 0.00451 0.00451 0.00451 0.00451 0.00451 0.00451 0.00451 0.00451 0.00451 0.00451 0.00451 0.00451 0.00451 0.00451 0.00451 0.00451 0.00451 0.00451 0.00451 0.00451 0.00451 0.00451 0.00451 0.00451 0.00451 0.00451 0.00451 0.00451 0.00451 0.00451 0.00451 0.00451 0.00451 0.00451 0.00451 0.00451 0.00451 0.00451 0.00451 0.00451 0.00451 0.00451 0.00451 0.00451 0.00451 0.00451 0.00451 0.00451 0.00451 0.00451 0.00451 0.00451 0.00451 0.00451 0.00451 0.00451 0.00451 0.00451 0.00451 0.00451 0.00451 0.00451 0.00451 0.00451 0.00451 0.00451 0.00451 0.00451 0.00451 0.00451 0.00451 0.00451 0.00451 0.00451 0.00451 0.00451 0.00451 0.00451 0.00451 0.00451 0.00451 0.00451 0.00451 0.00451 0.00451 0.00451 0.00451 0.00451 0.00451 0.00451 0.00451 0.00451 0.00451 0.00451 0.00451 0.00451 0.00451 0.00451 0.00451 0.00451 0.00451 0.00451 0.00451 0.00451 0.00451 0.00451 0.00451 0.00451 0.00451 0.00451
axis 3 spec: 0.00330 0.00335 0.00341 0.00348 0.00354 0.00361 0.00368 0.00375 0.00382 0.00389 0.00395 0.00401 0.00407 0.00412 0.00417 0.00421 0.00424 0.00427 0.00430 0.00432 0.00433 0.00433 0.00433 0.00432 0.00431 0.00429 0.00427 0.00425 0.00421 0.00418 0.00414 0.00411 0.00407 0.00403 0.00399 0.00395 0.00391 0.00388 0.00385 0.00383 0.00381 0.00379 0.00379 0.00378 0.00379 0.00380 0.00382 0.00384 0.00387 0.00390 0.00394 0.00398 0.00403 0.00407 0.00412 0.00417 0.00422 0.00427 0.00432 0.00436 0.00440 0.00444 0.00448 0.00451 0.00454 0.00456 0.00458 0.00459 0.00459 0.00460 0.00459 0.00459 0.00457 0.00456 0.00454 0.00451 0.00448 0.00445 0.00442 0.00439 0.00435 0.00431 0.00428 0.00424 0.00421 0.00418 0.00415 0.00412 0.00410 0.00408 0.00407 0.00406 0.00405 0.00405 0.00406 0.00407 0.00408 0.00410 0.00413 0.00415 0.00418 0.00421 0.00424 0.00428 0.00431 0.00434 0.00437 0.00440 0.00443 0.00446 0.00448 0.00450 0.00451 0.00453 0.00453 0.00454 0.00454 0.00453 0.00452 0.00451 0.00449 0.00446 0.00444 0.00441 0.00438 0.00434 0.00430 0.00426 0.00422 0.00418 0.00414 0.00410 0.00405 0.00401 0.00398 0.00394 0.00391 0.00388 0.00385 0.00383 0.00381 0.00379 0.00378 0.00377 0.00377 0.00377 0.00378 0.00378 0.00380 0.00381 0.00382 0.00384 0.00386 0.00387 0.00389 0.00391 0.00392 0.00393 0.00395 0.00395 0.00396 0.00396 0.00396 0.00396 0.00395 0.00394 0.00393 0.00391 0.00389 0.00387 0.00384 0.00381 0.00377 0.00373 0.00370 0.00366 0.00361 0.00357 0.00353 0.00348 0.00344 0.00339 0.00335 0.00331 0.00327 0.00324 0.00321 0.00318 0.00315 0.00313 0.00311 0.00310 0.00309 0.00308 0.00308 0.00308 0.00308 0.00309 0.00310 0.00311 0.00312 0.00313 0.00315 0.00316 0.00317 0.00318 0.00319 0.00320 0.00320 0.00321 0.00321 0.00320 0.00320 0.00319 0.00318 0.00316 0.00315 0.00313 0.00310 0.00308 0.00305 0.00301 0.00298 0.00294 0.00291 0.00287 0.00283 0.00279 0.00275 0.00271 0.00267 0.00264 0.00260 0.00257 0.00254 0.00251 0.00249 0.00246 0.00245 0.00243 0.00243 0.00242 0.00241 0.00242 0.00242 0.00242 0.00243 0.00244 0.00246 0.00247 0.00248 0.00249 0.00251 0.00252 0.00253 0.00254 0.00255 0.00256 0.00256 0.00256 0.00256 0.00256 0.00255 0.00254 0.00253 0.00252 0.00250 0.00248 0.00246 0.00243 0.00240 0.00237 0.00234 0.00231 0.00228 0.00225 0.00221 0.00218 0.00215 0.00212 0.00209 0.00206 0.00204 0.00201 0.00199 0.00198 0.00197 0.00196 0.00195 0.00195 0.00195 0.00195 0.00196 0.00197 0.00199 0.00200 0.00202 0.00203 0.00205 0.00207 0.00209 0.00211 0.00212 0.00214 0.00215 0.00217 0.00218 0.00218 0.00219 0.00219 0.00219 0.00219 0.00218 0.00217 0.00216 0.00215 0.00213 0.00211 0.00208 0.00206 0.00203 0.00200 0.00197 0.00194 0.00191 0.00187 0.00184 0.00180 0.00177 0.00174 0.00171 0.00168 0.00165 0.00162 0.00160 0.00158 0.00157 0.00156 0.00155 0.00154 0.00154 0.00155 0.00155 0.00156 0.00157 0.00159 0.00167 0.00162 0.00164 0.00166 0.00168 0.00170 0.00172 0.00174 0.00176 0.00177 0.00179 0.00180 0.00181 0.00182 0.00183 0.00183 0.00184 0.00184 0.00184 0.00183 0.00183 0.00182 0.00181 0.00181 0.00180 0.00178 0.00177 0.00176 0.00175 0.00174 0.00173 0.00172 0.00171 0.00170 0.00170 0.00169 0.00169 0.00170 0.00170 0.00171 0.00171 0.00172 0.00174 0.00175 0.00177 0.00179 0.00181 0.00183 0.00185 0.00188 0.00190 0.00192 0.00195 0.00197 0.00199 0.00202 0.00204 0.00206 0.00207 0.00209 0.00210 0.00212 0.00213 0.00214 0.00215 0.00215 0.00216 0.00216 0.00216 0.00216 0.00216 0.00216 0.00216 0.00215 0.00215 0.00214 0.00214 0.00214 0.00213 0.00213 0.00213 0.00212 0.00212 0.00213 0.00213 0.00213 0.00214 0.00215 0.00216 0.00217 0.00218 0.00220 0.00221 0.00223 0.00225 0.00227 0.00229 0.00232 0.00234 0.00236 0.00239 0.00241 0.00243 0.00245 0.00248 0.00250 0.00252 0.00254 0.00256 0.00257 0.00259 0.00261 0.00262 0.00263 0.00264 0.00265 0.00266 0.00267 0.00268 0.00268 0.00269 0.00269 0.00270 0.00270 0.00270 0.00270 0.00271 0.00271 0.00272 0.00272 0.00272 0.00273 0.00274 0.00275 0.00275 0.00276 0.00278 0.00279 0.00280 0.00282 0.00283 0.00285 0.00287 0.00289 0.00290 0.00292 0.00295 0.00297 0.00299 0.00301 0.00303 0.00305 0.00307 0.00309
axis 3 logf: 0.00365 0.00365 0.00365 0.00365 0.00365 0.00365 0.00365 0.00365 0.00365 0.00365 0.00365 0.00365 0.00365 0.00365 0.00365 0.00365 0.00365 0.00365 0.00365 0.00365 0.00365 0.00365 0.00365 0.00365 0.00365 0.00365 0.00365 0.00365 0.00365 0.00365 0.00365 0.00365 0.00365 0.00365 0.00365 0.00365 0.00365 0.00365 0.00365 0.00365 0.00365 0.00365 0.00365 0.00365 0.00365 0.00365 0.00365 0.00365 0.00365 0.00365 0.00365 0.00365 0.00365 0.00365 0.00365 0.00365 0.00365 0.00365 0.00365 0.00365 0.00365 0.00365 0.00365 0.00365 0.00365 0.00365 0.00365 0.00365 0.00365 0.00365 0.00365 0.00365 0.00365 0.00365 0.00365 0.00365 0.00365 0.00365 0.00365 0.00365 0.00365 0.00365 0.00365 0.00365 0.00365 0.00365 0.00365 0.00365 0.00365 0.00365 0.00365 0.00365 0.00365 0.00365 0.00365 0.00365 0.00365 0.00365 0.00365 0.00365 0.00365 0.00365 0.00365 0.00365 0.00365 0.00365 0.00365 0.00365 0.00365 0.00365 0.00365 0.00365 0.00365 0.00365 0.00365 0.00365 0.00365 0.00365 0.00365 0.00365 0.00365 0.00365 0.00365 0.00365 0.00365 0.00365 0.00365 0.00365 0.00365 0.00365 0.00365 0.00365 0.00365 0.00365 0.00365 0.00365 0.00365 0.00365 0.00365 0.00365 0.00365 0.00365 0.00365 0.00365 0.00365 0.00365 0.00365 0.00365 0.00365 0.00365 0.00365 0.00365 0.00365 0.00365 0.00365 0.00365 0.00365 0.00365 0.00365 0.00365 0.00365 0.00365 0.00365 0.00365 0.00365 0.00365 0.00365 0.00365 0.00365 0.00365 0.00365 0.00365 0.00365 0.00365 0.00365 0.00365 0.00365 0.00365 0.00365 0.00365 0.00365 0.00365 0.00365 0.00365 0.00365 0.00365 0.00365 0.00365 0.00365 0.00365 0.00365 0.00365 0.00365 0.00365 0.00365 0.00365 0.00365 0.00365 0.00365 0.00365 0.00365 0.00365 0.00365 0.00365 0.00365 0.00365 0.00365 0.00365 0.00365 0.00365 0.00365 0.00365 0.00365 0.00365 0.00365 0.00365 0.00365 0.00365 0.00365 0.00365 0.00365 0.00365 0.00365 0.00365 0.00365 0.00365 0.00365 0.00365 0.00365 0.00365 0.00365 0.00365 0.00365 0.00365 0.00365 0.00365 0.00365 0.00365 0.00365 0.00365 0.00365 0.00365 0.00365 0.00365 0.00365 0.00365 0.00365 0.00365 0.00365 0.00365 0.00365 0.00365 0.00365 0.00365 0.00365 0.00365 0.00365 0.00365 0.00365 0.00365 0.00365 0.00365 0.00365 0.00365 0.00365 0.00365 0.00365 0.00365 0.00365 0.00365 0.00365 0.00365 0.00365 0.00365 0.00365 0.00365 0.00365 0.00365 0.00365 0.00365 0.00365 0.00365 0.00365 0.00365 0.00365 0.00365 0.00365 0.00365 0.00365 0.00365 0.00365 0.00365 0.00365 0.00365 0.00365 0.00365 0.00365 0.00365 0.00365 0.00365 0.00365 0.00365 0.00365 0.00365 0.00365 0.00365 0.00365 0.00365 0.00365 0.00365 0.00365 0.00365 0.00365 0.00365 0.00365 0.00365 0.00365 0.00365 0.00365 0.00365 0.00365 0.00365 0.00365 0.00365 0.00365 0.00365 0.00365 0.00365 0.00365 0.00365 0.00365 0.00365 0.00365 0.00365 0.00365 0.00365 0.00365 0.00365 0.00365 0.00365 0.00365 0.00365 0.00365 0.00365 0.00365 0.00365 0.00365 0.00365 0.00365 0.00365 0.00365 0.00365 0.00365 0.00365 0.00365 0.00365 0.00365 0.00365 0.00365 0.00365 0.00365 0.00365 0.00365 0.00365 0.00365 0.00365 0.00365 0.00365 0.00365 0.00365 0.00365 0.00365 0.00365 0.00365 0.00365 0.00365 0.00365 0.00365 0.00365 0.00365 0.00365 0.00365 0.00365 0.00365 0.00365 0.00365 0.00365 0.00365 0.00365 0.00365 0.00365 0.00365 0.00365 0.00365 0.00365 0.00365 0.00365 0.00365 0.00365 0.00365 0.00365 0.00365 0.00365 0.00365 0.00365 0.00365 0.00365 0.00365 0.00365 0.00365 0.00365 0.00365 0.00365 0.00365 0.00365 0.00365 0.00365 0.00365 0.00365 0.00365 0.00365 0.00365 0.00365 0.00365 0.00365 0.00365 0.00365 0.00365 0.00365 0.00365 0.00365 0.00365 0.00365 0.00365 0.00365 0.00365 0.00365 0.00365 0.00365 0.00365 0.00365 0.00365 0.00365 0.00365 0.00365 0.00365 0.00365 0.00365 0.00365 0.00365 0.00365 0.00365 0.00365 0.00365 0.00365 0.00365 0.00365 0.00365 0.00365 0.00365 0.00365 0.00365 0.00365 0.00365 0.00365 0.00365 0.00365 0.00365 0.00365 0.00365 0.00365 0.00365 0.00365 0.00365 0.00365 0.00365 0.00365 0.00365 0.00365 0.00365 0.00365 0.00365 0.00365 0.00365 0.00365 0.00365 0.00365 0.00365 0.00365 0.00365 0.00365 0.00365 0.00365 0.00365 0.00365 0.00365 0.00365 0.00365 0.00365 0.00365
