grade — gonly space, K=4, extent 2.20; 6 bands/octave over 40..20000 Hz, kernel 0.0833 oct, strike 0 listen 0, 1/omega, damping 5.0/s at 0.200 s

pitch normalised: the lowest audible mode of every point is moved to 440 Hz before banding

variety per unit of travel: mean 1.215, 5th pct 0.231, 95th pct 2.551
spread: 11.06x   (FM 1.83x, Saw 2.03x, Shapes 8.47x in Kyklophoria's table; 1.0 is isotropic)
twins: 0.1% of random pairs within 0.05
axes:  axis 0 2.684  axis 1 0.547  axis 2 0.381  axis 3 0.213
modes skipped as unrenderable (non-positive or above the top band): 0.00 per evaluation over 41604 evaluations

continuity (cont_check): largest step at step/500 and step/2000, ratio ~4 smooth, ~1 cliff
  axis    spec/500   spec/2000   ratio      logf/500   logf/2000   ratio
  0        0.01107     0.00277    4.00       0.00000     0.00000    0.00
  1        0.00337     0.00085    3.99       0.00000     0.00000    0.00
  2        0.00165     0.00041    3.99       0.00000     0.00000    0.00
  3        0.00057     0.00014    4.00       0.00000     0.00000    0.00

where the frequencies move fastest along each axis (log-frequency step per 1/500 of travel, in tenths of the axis):
  axis 0: 0.0000 0.0000 0.0000 0.0000 0.0000 0.0000 0.0000 0.0000 0.0000 0.0000   peak 0.0000
  axis 1: 0.0000 0.0000 0.0000 0.0000 0.0000 0.0000 0.0000 0.0000 0.0000 0.0000   peak 0.0000
  axis 2: 0.0000 0.0000 0.0000 0.0000 0.0000 0.0000 0.0000 0.0000 0.0000 0.0000   peak 0.0000
  axis 3: 0.0000 0.0000 0.0000 0.0000 0.0000 0.0000 0.0000 0.0000 0.0000 0.0000   peak 0.0000

veering map — second difference of each aligned slot's log frequency along each sweep, in cents.
a smooth trajectory is under 100; a slot that trades places with its neighbour is hundreds.
listed: every (family, parameter, slot) over 300 cents, and each family's worst.
  bar: (0.927, slot 2: 1133) (0.927, slot 4: 1136)
    2 over 300 cents; worst 1136 cents at parameter 0.927, slot 4
  plate: (1.182, slot 0: 2812) (1.182, slot 1: 598) (1.182, slot 4: 1388) (1.182, slot 5: 1050) (1.182, slot 6: 1406) (1.182, slot 7: 1528) (1.182, slot 9: 1014) (1.182, slot 11: 1956) (1.182, slot 15: 1027) (1.182, slot 16: 2013) (1.182, slot 18: 2636) (1.182, slot 19: 579) (1.182, slot 20: 4300) (1.182, slot 21: 1115) (1.182, slot 23: 1815) (1.182, slot 24: 1362) (1.182, slot 26: 3187) (1.364, slot 1: 328) (1.364, slot 6: 1564) (1.364, slot 9: 1986) (1.364, slot 12: 563) (1.364, slot 15: 949) (1.364, slot 17: 329) (1.364, slot 21: 1705) (1.364, slot 23: 1316) (1.364, slot 24: 1131) (1.546, slot 1: 618) (1.546, slot 9: 1727) (1.546, slot 21: 744) (1.727, slot 1: 347) (1.727, slot 18: 446) (1.909, slot 1: 765) (1.909, slot 9: 1464) (1.909, slot 12: 1483) (1.909, slot 18: 867) (2.091, slot 9: 1479) (2.091, slot 12: 1399) (2.091, slot 18: 332) (2.273, slot 12: 1145) (2.273, slot 20: 1766) (2.454, slot 12: 1143) (2.454, slot 20: 1756)
    42 over 300 cents; worst 4300 cents at parameter 1.182, slot 20
  bell: (0.218, slot 35: 448) (0.436, slot 32: 727) (0.545, slot 32: 643) (0.545, slot 36: 309) (0.655, slot 22: 781) (0.655, slot 33: 756) (0.764, slot 22: 759) (0.764, slot 30: 347) (0.764, slot 33: 782) (1.091, slot 29: 661)
    10 over 300 cents; worst 782 cents at parameter 0.764, slot 33
  tine: (0.068, slot 4: 451)
    1 over 300 cents; worst 451 cents at parameter 0.068, slot 4

profiles: per axis, 500 steps, spectrum step then log-frequency step
axis 0 spec: 0.00228 0.00229 0.00230 0.00231 0.00233 0.00234 0.00235 0.00237 0.00239 0.00240 0.00242 0.00244 0.00246 0.00248 0.00250 0.00252 0.00254 0.00256 0.00258 0.00261 0.00263 0.00266 0.00268 0.00271 0.00274 0.00277 0.00280 0.00283 0.00286 0.00289 0.00293 0.00296 0.00300 0.00303 0.00307 0.00311 0.00315 0.00319 0.00323 0.00327 0.00332 0.00336 0.00341 0.00345 0.00350 0.00355 0.00360 0.00365 0.00370 0.00375 0.00381 0.00386 0.00392 0.00397 0.00403 0.00409 0.00415 0.00421 0.00428 0.00434 0.00441 0.00447 0.00454 0.00461 0.00468 0.00475 0.00482 0.00490 0.00497 0.00505 0.00513 0.00521 0.00529 0.00537 0.00545 0.00553 0.00562 0.00570 0.00579 0.00588 0.00597 0.00606 0.00615 0.00625 0.00634 0.00643 0.00653 0.00663 0.00673 0.00682 0.00692 0.00702 0.00713 0.00723 0.00733 0.00743 0.00754 0.00764 0.00775 0.00785 0.00796 0.00806 0.00817 0.00828 0.00838 0.00849 0.00859 0.00870 0.00880 0.00890 0.00901 0.00911 0.00921 0.00931 0.00941 0.00951 0.00960 0.00969 0.00979 0.00988 0.00996 0.01005 0.01013 0.01021 0.01029 0.01037 0.01044 0.01051 0.01057 0.01063 0.01069 0.01075 0.01080 0.01085 0.01089 0.01093 0.01096 0.01099 0.01102 0.01104 0.01105 0.01107 0.01107 0.01107 0.01107 0.01107 0.01105 0.01104 0.01101 0.01099 0.01096 0.01092 0.01088 0.01084 0.01079 0.01073 0.01067 0.01061 0.01055 0.01048 0.01040 0.01032 0.01024 0.01016 0.01007 0.00997 0.00988 0.00978 0.00968 0.00958 0.00947 0.00936 0.00925 0.00914 0.00903 0.00891 0.00879 0.00867 0.00855 0.00843 0.00831 0.00818 0.00806 0.00793 0.00781 0.00768 0.00756 0.00743 0.00730 0.00718 0.00705 0.00692 0.00680 0.00667 0.00655 0.00642 0.00630 0.00618 0.00606 0.00593 0.00581 0.00570 0.00558 0.00546 0.00534 0.00523 0.00512 0.00501 0.00490 0.00479 0.00468 0.00457 0.00447 0.00437 0.00426 0.00416 0.00407 0.00397 0.00388 0.00378 0.00369 0.00360 0.00352 0.00343 0.00335 0.00327 0.00319 0.00312 0.00304 0.00297 0.00290 0.00283 0.00277 0.00271 0.00265 0.00259 0.00254 0.00248 0.00243 0.00239 0.00235 0.00230 0.00227 0.00223 0.00220 0.00217 0.00215 0.00212 0.00210 0.00209 0.00207 0.00206 0.00205 0.00205 0.00204 0.00204 0.00205 0.00205 0.00206 0.00207 0.00208 0.00209 0.00211 0.00212 0.00214 0.00216 0.00218 0.00220 0.00223 0.00225 0.00228 0.00230 0.00233 0.00236 0.00239 0.00242 0.00245 0.00248 0.00251 0.00254 0.00257 0.00260 0.00264 0.00267 0.00270 0.00273 0.00277 0.00280 0.00283 0.00286 0.00290 0.00293 0.00296 0.00299 0.00303 0.00306 0.00309 0.00312 0.00315 0.00319 0.00322 0.00325 0.00328 0.00331 0.00334 0.00337 0.00340 0.00343 0.00346 0.00349 0.00351 0.00354 0.00357 0.00360 0.00363 0.00365 0.00368 0.00370 0.00373 0.00376 0.00378 0.00381 0.00383 0.00385 0.00388 0.00390 0.00392 0.00395 0.00397 0.00399 0.00401 0.00403 0.00405 0.00407 0.00409 0.00411 0.00413 0.00415 0.00417 0.00419 0.00420 0.00422 0.00424 0.00425 0.00427 0.00429 0.00430 0.00432 0.00433 0.00435 0.00436 0.00437 0.00439 0.00440 0.00441 0.00442 0.00443 0.00445 0.00446 0.00447 0.00448 0.00449 0.00450 0.00451 0.00451 0.00452 0.00453 0.00454 0.00455 0.00455 0.00456 0.00457 0.00457 0.00458 0.00458 0.00459 0.00459 0.00460 0.00460 0.00460 0.00461 0.00461 0.00461 0.00462 0.00462 0.00462 0.00462 0.00462 0.00463 0.00463 0.00463 0.00463 0.00463 0.00463 0.00463 0.00463 0.00463 0.00463 0.00462 0.00462 0.00462 0.00462 0.00462 0.00461 0.00461 0.00461 0.00461 0.00460 0.00460 0.00460 0.00459 0.00459 0.00458 0.00458 0.00457 0.00457 0.00456 0.00456 0.00455 0.00455 0.00454 0.00454 0.00453 0.00453 0.00452 0.00451 0.00451 0.00450 0.00449 0.00449 0.00448 0.00447 0.00447 0.00446 0.00445 0.00444 0.00444 0.00443 0.00442 0.00441 0.00441 0.00440 0.00439 0.00438 0.00437 0.00437 0.00436 0.00435 0.00434 0.00433 0.00432 0.00431 0.00431 0.00430 0.00429 0.00428 0.00427 0.00426 0.00425 0.00424 0.00424 0.00423 0.00422 0.00421 0.00420 0.00419 0.00418 0.00417 0.00416 0.00415 0.00415 0.00414 0.00413 0.00412 0.00411 0.00410 0.00409 0.00408 0.00407 0.00406 0.00405 0.00405 0.00404 0.00403 0.00402 0.00401 0.00400 0.00399 0.00398 0.00397 0.00396 0.00396 0.00395 0.00394 0.00393 0.00392 0.00391 0.00390 0.00389 0.00389
axis 0 logf: 0.00000 0.00000 0.00000 0.00000 0.00000 0.00000 0.00000 0.00000 0.00000 0.00000 0.00000 0.00000 0.00000 0.00000 0.00000 0.00000 0.00000 0.00000 0.00000 0.00000 0.00000 0.00000 0.00000 0.00000 0.00000 0.00000 0.00000 0.00000 0.00000 0.00000 0.00000 0.00000 0.00000 0.00000 0.00000 0.00000 0.00000 0.00000 0.00000 0.00000 0.00000 0.00000 0.00000 0.00000 0.00000 0.00000 0.00000 0.00000 0.00000 0.00000 0.00000 0.00000 0.00000 0.00000 0.00000 0.00000 0.00000 0.00000 0.00000 0.00000 0.00000 0.00000 0.00000 0.00000 0.00000 0.00000 0.00000 0.00000 0.00000 0.00000 0.00000 0.00000 0.00000 0.00000 0.00000 0.00000 0.00000 0.00000 0.00000 0.00000 0.00000 0.00000 0.00000 0.00000 0.00000 0.00000 0.00000 0.00000 0.00000 0.00000 0.00000 0.00000 0.00000 0.00000 0.00000 0.00000 0.00000 0.00000 0.00000 0.00000 0.00000 0.00000 0.00000 0.00000 0.00000 0.00000 0.00000 0.00000 0.00000 0.00000 0.00000 0.00000 0.00000 0.00000 0.00000 0.00000 0.00000 0.00000 0.00000 0.00000 0.00000 0.00000 0.00000 0.00000 0.00000 0.00000 0.00000 0.00000 0.00000 0.00000 0.00000 0.00000 0.00000 0.00000 0.00000 0.00000 0.00000 0.00000 0.00000 0.00000 0.00000 0.00000 0.00000 0.00000 0.00000 0.00000 0.00000 0.00000 0.00000 0.00000 0.00000 0.00000 0.00000 0.00000 0.00000 0.00000 0.00000 0.00000 0.00000 0.00000 0.00000 0.00000 0.00000 0.00000 0.00000 0.00000 0.00000 0.00000 0.00000 0.00000 0.00000 0.00000 0.00000 0.00000 0.00000 0.00000 0.00000 0.00000 0.00000 0.00000 0.00000 0.00000 0.00000 0.00000 0.00000 0.00000 0.00000 0.00000 0.00000 0.00000 0.00000 0.00000 0.00000 0.00000 0.00000 0.00000 0.00000 0.00000 0.00000 0.00000 0.00000 0.00000 0.00000 0.00000 0.00000 0.00000 0.00000 0.00000 0.00000 0.00000 0.00000 0.00000 0.00000 0.00000 0.00000 0.00000 0.00000 0.00000 0.00000 0.00000 0.00000 0.00000 0.00000 0.00000 0.00000 0.00000 0.00000 0.00000 0.00000 0.00000 0.00000 0.00000 0.00000 0.00000 0.00000 0.00000 0.00000 0.00000 0.00000 0.00000 0.00000 0.00000 0.00000 0.00000 0.00000 0.00000 0.00000 0.00000 0.00000 0.00000 0.00000 0.00000 0.00000 0.00000 0.00000 0.00000 0.00000 0.00000 0.00000 0.00000 0.00000 0.00000 0.00000 0.00000 0.00000 0.00000 0.00000 0.00000 0.00000 0.00000 0.00000 0.00000 0.00000 0.00000 0.00000 0.00000 0.00000 0.00000 0.00000 0.00000 0.00000 0.00000 0.00000 0.00000 0.00000 0.00000 0.00000 0.00000 0.00000 0.00000 0.00000 0.00000 0.00000 0.00000 0.00000 0.00000 0.00000 0.00000 0.00000 0.00000 0.00000 0.00000 0.00000 0.00000 0.00000 0.00000 0.00000 0.00000 0.00000 0.00000 0.00000 0.00000 0.00000 0.00000 0.00000 0.00000 0.00000 0.00000 0.00000 0.00000 0.00000 0.00000 0.00000 0.00000 0.00000 0.00000 0.00000 0.00000 0.00000 0.00000 0.00000 0.00000 0.00000 0.00000 0.00000 0.00000 0.00000 0.00000 0.00000 0.00000 0.00000 0.00000 0.00000 0.00000 0.00000 0.00000 0.00000 0.00000 0.00000 0.00000 0.00000 0.00000 0.00000 0.00000 0.00000 0.00000 0.00000 0.00000 0.00000 0.00000 0.00000 0.00000 0.00000 0.00000 0.00000 0.00000 0.00000 0.00000 0.00000 0.00000 0.00000 0.00000 0.00000 0.00000 0.00000 0.00000 0.00000 0.00000 0.00000 0.00000 0.00000 0.00000 0.00000 0.00000 0.00000 0.00000 0.00000 0.00000 0.00000 0.00000 0.00000 0.00000 0.00000 0.00000 0.00000 0.00000 0.00000 0.00000 0.00000 0.00000 0.00000 0.00000 0.00000 0.00000 0.00000 0.00000 0.00000 0.00000 0.00000 0.00000 0.00000 0.00000 0.00000 0.00000 0.00000 0.00000 0.00000 0.00000 0.00000 0.00000 0.00000 0.00000 0.00000 0.00000 0.00000 0.00000 0.00000 0.00000 0.00000 0.00000 0.00000 0.00000 0.00000 0.00000 0.00000 0.00000 0.00000 0.00000 0.00000 0.00000 0.00000 0.00000 0.00000 0.00000 0.00000 0.00000 0.00000 0.00000 0.00000 0.00000 0.00000 0.00000 0.00000 0.00000 0.00000 0.00000 0.00000 0.00000 0.00000 0.00000 0.00000 0.00000 0.00000 0.00000 0.00000 0.00000 0.00000 0.00000 0.00000 0.00000 0.00000 0.00000 0.00000 0.00000 0.00000 0.00000 0.00000 0.00000 0.00000 0.00000 0.00000 0.00000 0.00000 0.00000 0.00000 0.00000 0.00000 0.00000 0.00000 0.00000 0.00000 0.00000 0.00000 0.00000 0.00000 0.00000 0.00000 0.00000 0.00000 0.00000
axis 1 spec: 0.00128 0.00127 0.00126 0.00125 0.00125 0.00124 0.00123 0.00122 0.00122 0.00121 0.00120 0.00120 0.00119 0.00118 0.00117 0.00117 0.00116 0.00115 0.00115 0.00114 0.00113 0.00113 0.00112 0.00112 0.00111 0.00110 0.00110 0.00109 0.00108 0.00108 0.00107 0.00107 0.00106 0.00105 0.00105 0.00104 0.00104 0.00103 0.00103 0.00102 0.00101 0.00101 0.00100 0.00100 0.00099 0.00099 0.00098 0.00098 0.00097 0.00097 0.00096 0.00096 0.00095 0.00095 0.00094 0.00094 0.00093 0.00093 0.00092 0.00092 0.00091 0.00091 0.00090 0.00090 0.00089 0.00089 0.00088 0.00088 0.00087 0.00087 0.00086 0.00086 0.00086 0.00085 0.00085 0.00084 0.00084 0.00083 0.00083 0.00083 0.00082 0.00082 0.00081 0.00081 0.00080 0.00080 0.00080 0.00079 0.00079 0.00079 0.00078 0.00078 0.00077 0.00077 0.00077 0.00076 0.00076 0.00075 0.00075 0.00075 0.00074 0.00074 0.00074 0.00073 0.00073 0.00073 0.00072 0.00072 0.00072 0.00071 0.00071 0.00071 0.00070 0.00070 0.00070 0.00069 0.00069 0.00069 0.00068 0.00068 0.00068 0.00067 0.00067 0.00067 0.00066 0.00066 0.00066 0.00066 0.00065 0.00065 0.00065 0.00064 0.00064 0.00064 0.00064 0.00063 0.00063 0.00063 0.00062 0.00062 0.00062 0.00062 0.00061 0.00061 0.00061 0.00061 0.00060 0.00060 0.00060 0.00060 0.00059 0.00059 0.00059 0.00059 0.00058 0.00058 0.00058 0.00058 0.00058 0.00057 0.00057 0.00057 0.00057 0.00056 0.00056 0.00056 0.00056 0.00056 0.00055 0.00055 0.00055 0.00055 0.00055 0.00054 0.00054 0.00054 0.00054 0.00054 0.00054 0.00053 0.00053 0.00053 0.00053 0.00053 0.00053 0.00053 0.00052 0.00052 0.00052 0.00052 0.00052 0.00052 0.00052 0.00051 0.00051 0.00051 0.00051 0.00051 0.00051 0.00051 0.00051 0.00051 0.00051 0.00050 0.00050 0.00050 0.00050 0.00050 0.00050 0.00050 0.00050 0.00050 0.00050 0.00050 0.00050 0.00050 0.00050 0.00050 0.00050 0.00050 0.00050 0.00050 0.00050 0.00050 0.00050 0.00050 0.00050 0.00050 0.00050 0.00050 0.00050 0.00050 0.00050 0.00050 0.00050 0.00050 0.00050 0.00050 0.00050 0.00051 0.00051 0.00051 0.00051 0.00051 0.00051 0.00051 0.00051 0.00051 0.00052 0.00052 0.00052 0.00052 0.00052 0.00052 0.00053 0.00053 0.00053 0.00053 0.00053 0.00054 0.00054 0.00054 0.00054 0.00055 0.00055 0.00055 0.00055 0.00056 0.00056 0.00056 0.00056 0.00057 0.00057 0.00057 0.00058 0.00058 0.00058 0.00059 0.00059 0.00059 0.00060 0.00060 0.00060 0.00061 0.00061 0.00062 0.00062 0.00062 0.00063 0.00063 0.00064 0.00064 0.00065 0.00065 0.00065 0.00066 0.00066 0.00067 0.00067 0.00068 0.00068 0.00069 0.00069 0.00070 0.00070 0.00071 0.00072 0.00072 0.00073 0.00073 0.00074 0.00074 0.00075 0.00076 0.00076 0.00077 0.00077 0.00078 0.00079 0.00079 0.00080 0.00081 0.00081 0.00082 0.00083 0.00083 0.00084 0.00085 0.00086 0.00086 0.00087 0.00088 0.00088 0.00089 0.00090 0.00091 0.00092 0.00092 0.00093 0.00094 0.00095 0.00096 0.00096 0.00097 0.00098 0.00099 0.00100 0.00101 0.00102 0.00102 0.00103 0.00104 0.00105 0.00106 0.00107 0.00108 0.00109 0.00110 0.00111 0.00112 0.00113 0.00114 0.00115 0.00116 0.00117 0.00118 0.00119 0.00120 0.00121 0.00122 0.00123 0.00124 0.00125 0.00126 0.00127 0.00129 0.00130 0.00131 0.00132 0.00133 0.00134 0.00135 0.00137 0.00138 0.00139 0.00140 0.00141 0.00143 0.00144 0.00145 0.00146 0.00148 0.00149 0.00150 0.00152 0.00153 0.00154 0.00155 0.00157 0.00158 0.00160 0.00161 0.00162 0.00164 0.00165 0.00166 0.00168 0.00169 0.00171 0.00172 0.00174 0.00175 0.00177 0.00178 0.00180 0.00181 0.00183 0.00184 0.00186 0.00187 0.00189 0.00190 0.00192 0.00194 0.00195 0.00197 0.00198 0.00200 0.00202 0.00203 0.00205 0.00207 0.00208 0.00210 0.00212 0.00213 0.00215 0.00217 0.00219 0.00220 0.00222 0.00224 0.00226 0.00227 0.00229 0.00231 0.00233 0.00235 0.00236 0.00238 0.00240 0.00242 0.00244 0.00246 0.00248 0.00249 0.00251 0.00253 0.00255 0.00257 0.00259 0.00261 0.00263 0.00265 0.00267 0.00269 0.00271 0.00273 0.00275 0.00277 0.00279 0.00281 0.00283 0.00285 0.00287 0.00289 0.00291 0.00293 0.00295 0.00297 0.00299 0.00301 0.00303 0.00305 0.00307 0.00309 0.00311 0.00313 0.00315 0.00317 0.00319 0.00321 0.00323 0.00325 0.00327 0.00329 0.00331 0.00333 0.00335 0.00337
axis 1 logf: 0.00000 0.00000 0.00000 0.00000 0.00000 0.00000 0.00000 0.00000 0.00000 0.00000 0.00000 0.00000 0.00000 0.00000 0.00000 0.00000 0.00000 0.00000 0.00000 0.00000 0.00000 0.00000 0.00000 0.00000 0.00000 0.00000 0.00000 0.00000 0.00000 0.00000 0.00000 0.00000 0.00000 0.00000 0.00000 0.00000 0.00000 0.00000 0.00000 0.00000 0.00000 0.00000 0.00000 0.00000 0.00000 0.00000 0.00000 0.00000 0.00000 0.00000 0.00000 0.00000 0.00000 0.00000 0.00000 0.00000 0.00000 0.00000 0.00000 0.00000 0.00000 0.00000 0.00000 0.00000 0.00000 0.00000 0.00000 0.00000 0.00000 0.00000 0.00000 0.00000 0.00000 0.00000 0.00000 0.00000 0.00000 0.00000 0.00000 0.00000 0.00000 0.00000 0.00000 0.00000 0.00000 0.00000 0.00000 0.00000 0.00000 0.00000 0.00000 0.00000 0.00000 0.00000 0.00000 0.00000 0.00000 0.00000 0.00000 0.00000 0.00000 0.00000 0.00000 0.00000 0.00000 0.00000 0.00000 0.00000 0.00000 0.00000 0.00000 0.00000 0.00000 0.00000 0.00000 0.00000 0.00000 0.00000 0.00000 0.00000 0.00000 0.00000 0.00000 0.00000 0.00000 0.00000 0.00000 0.00000 0.00000 0.00000 0.00000 0.00000 0.00000 0.00000 0.00000 0.00000 0.00000 0.00000 0.00000 0.00000 0.00000 0.00000 0.00000 0.00000 0.00000 0.00000 0.00000 0.00000 0.00000 0.00000 0.00000 0.00000 0.00000 0.00000 0.00000 0.00000 0.00000 0.00000 0.00000 0.00000 0.00000 0.00000 0.00000 0.00000 0.00000 0.00000 0.00000 0.00000 0.00000 0.00000 0.00000 0.00000 0.00000 0.00000 0.00000 0.00000 0.00000 0.00000 0.00000 0.00000 0.00000 0.00000 0.00000 0.00000 0.00000 0.00000 0.00000 0.00000 0.00000 0.00000 0.00000 0.00000 0.00000 0.00000 0.00000 0.00000 0.00000 0.00000 0.00000 0.00000 0.00000 0.00000 0.00000 0.00000 0.00000 0.00000 0.00000 0.00000 0.00000 0.00000 0.00000 0.00000 0.00000 0.00000 0.00000 0.00000 0.00000 0.00000 0.00000 0.00000 0.00000 0.00000 0.00000 0.00000 0.00000 0.00000 0.00000 0.00000 0.00000 0.00000 0.00000 0.00000 0.00000 0.00000 0.00000 0.00000 0.00000 0.00000 0.00000 0.00000 0.00000 0.00000 0.00000 0.00000 0.00000 0.00000 0.00000 0.00000 0.00000 0.00000 0.00000 0.00000 0.00000 0.00000 0.00000 0.00000 0.00000 0.00000 0.00000 0.00000 0.00000 0.00000 0.00000 0.00000 0.00000 0.00000 0.00000 0.00000 0.00000 0.00000 0.00000 0.00000 0.00000 0.00000 0.00000 0.00000 0.00000 0.00000 0.00000 0.00000 0.00000 0.00000 0.00000 0.00000 0.00000 0.00000 0.00000 0.00000 0.00000 0.00000 0.00000 0.00000 0.00000 0.00000 0.00000 0.00000 0.00000 0.00000 0.00000 0.00000 0.00000 0.00000 0.00000 0.00000 0.00000 0.00000 0.00000 0.00000 0.00000 0.00000 0.00000 0.00000 0.00000 0.00000 0.00000 0.00000 0.00000 0.00000 0.00000 0.00000 0.00000 0.00000 0.00000 0.00000 0.00000 0.00000 0.00000 0.00000 0.00000 0.00000 0.00000 0.00000 0.00000 0.00000 0.00000 0.00000 0.00000 0.00000 0.00000 0.00000 0.00000 0.00000 0.00000 0.00000 0.00000 0.00000 0.00000 0.00000 0.00000 0.00000 0.00000 0.00000 0.00000 0.00000 0.00000 0.00000 0.00000 0.00000 0.00000 0.00000 0.00000 0.00000 0.00000 0.00000 0.00000 0.00000 0.00000 0.00000 0.00000 0.00000 0.00000 0.00000 0.00000 0.00000 0.00000 0.00000 0.00000 0.00000 0.00000 0.00000 0.00000 0.00000 0.00000 0.00000 0.00000 0.00000 0.00000 0.00000 0.00000 0.00000 0.00000 0.00000 0.00000 0.00000 0.00000 0.00000 0.00000 0.00000 0.00000 0.00000 0.00000 0.00000 0.00000 0.00000 0.00000 0.00000 0.00000 0.00000 0.00000 0.00000 0.00000 0.00000 0.00000 0.00000 0.00000 0.00000 0.00000 0.00000 0.00000 0.00000 0.00000 0.00000 0.00000 0.00000 0.00000 0.00000 0.00000 0.00000 0.00000 0.00000 0.00000 0.00000 0.00000 0.00000 0.00000 0.00000 0.00000 0.00000 0.00000 0.00000 0.00000 0.00000 0.00000 0.00000 0.00000 0.00000 0.00000 0.00000 0.00000 0.00000 0.00000 0.00000 0.00000 0.00000 0.00000 0.00000 0.00000 0.00000 0.00000 0.00000 0.00000 0.00000 0.00000 0.00000 0.00000 0.00000 0.00000 0.00000 0.00000 0.00000 0.00000 0.00000 0.00000 0.00000 0.00000 0.00000 0.00000 0.00000 0.00000 0.00000 0.00000 0.00000 0.00000 0.00000 0.00000 0.00000 0.00000 0.00000 0.00000 0.00000 0.00000 0.00000 0.00000 0.00000 0.00000 0.00000 0.00000 0.00000 0.00000 0.00000
axis 2 spec: 0.00073 0.00073 0.00072 0.00072 0.00072 0.00072 0.00071 0.00071 0.00071 0.00071 0.00070 0.00070 0.00070 0.00070 0.00069 0.00069 0.00069 0.00069 0.00068 0.00068 0.00068 0.00068 0.00067 0.00067 0.00067 0.00067 0.00066 0.00066 0.00066 0.00066 0.00065 0.00065 0.00065 0.00065 0.00064 0.00064 0.00064 0.00064 0.00063 0.00063 0.00063 0.00063 0.00063 0.00062 0.00062 0.00062 0.00062 0.00061 0.00061 0.00061 0.00061 0.00061 0.00060 0.00060 0.00060 0.00060 0.00060 0.00059 0.00059 0.00059 0.00059 0.00059 0.00058 0.00058 0.00058 0.00058 0.00058 0.00057 0.00057 0.00057 0.00057 0.00057 0.00057 0.00056 0.00056 0.00056 0.00056 0.00056 0.00056 0.00055 0.00055 0.00055 0.00055 0.00055 0.00055 0.00054 0.00054 0.00054 0.00054 0.00054 0.00054 0.00054 0.00053 0.00053 0.00053 0.00053 0.00053 0.00053 0.00053 0.00053 0.00052 0.00052 0.00052 0.00052 0.00052 0.00052 0.00052 0.00052 0.00052 0.00051 0.00051 0.00051 0.00051 0.00051 0.00051 0.00051 0.00051 0.00051 0.00051 0.00051 0.00051 0.00050 0.00050 0.00050 0.00050 0.00050 0.00050 0.00050 0.00050 0.00050 0.00050 0.00050 0.00050 0.00050 0.00050 0.00050 0.00050 0.00050 0.00050 0.00050 0.00049 0.00049 0.00049 0.00049 0.00049 0.00049 0.00049 0.00049 0.00049 0.00049 0.00049 0.00049 0.00049 0.00049 0.00049 0.00049 0.00049 0.00049 0.00049 0.00049 0.00049 0.00049 0.00049 0.00049 0.00049 0.00049 0.00049 0.00049 0.00049 0.00049 0.00049 0.00049 0.00049 0.00049 0.00049 0.00049 0.00049 0.00049 0.00050 0.00050 0.00050 0.00050 0.00050 0.00050 0.00050 0.00050 0.00050 0.00050 0.00050 0.00050 0.00050 0.00050 0.00050 0.00050 0.00050 0.00050 0.00050 0.00050 0.00051 0.00051 0.00051 0.00051 0.00051 0.00051 0.00051 0.00051 0.00051 0.00051 0.00051 0.00051 0.00051 0.00052 0.00052 0.00052 0.00052 0.00052 0.00052 0.00052 0.00052 0.00052 0.00052 0.00053 0.00053 0.00053 0.00053 0.00053 0.00053 0.00053 0.00053 0.00053 0.00053 0.00054 0.00054 0.00054 0.00054 0.00054 0.00054 0.00054 0.00054 0.00055 0.00055 0.00055 0.00055 0.00055 0.00055 0.00055 0.00056 0.00056 0.00056 0.00056 0.00056 0.00056 0.00056 0.00057 0.00057 0.00057 0.00057 0.00057 0.00057 0.00057 0.00058 0.00058 0.00058 0.00058 0.00058 0.00058 0.00059 0.00059 0.00059 0.00059 0.00059 0.00059 0.00060 0.00060 0.00060 0.00060 0.00060 0.00061 0.00061 0.00061 0.00061 0.00061 0.00062 0.00062 0.00062 0.00062 0.00062 0.00063 0.00063 0.00063 0.00063 0.00063 0.00064 0.00064 0.00064 0.00064 0.00065 0.00065 0.00065 0.00065 0.00065 0.00066 0.00066 0.00066 0.00066 0.00067 0.00067 0.00067 0.00067 0.00068 0.00068 0.00068 0.00068 0.00069 0.00069 0.00069 0.00069 0.00070 0.00070 0.00070 0.00071 0.00071 0.00071 0.00071 0.00072 0.00072 0.00072 0.00072 0.00073 0.00073 0.00073 0.00074 0.00074 0.00074 0.00075 0.00075 0.00075 0.00075 0.00076 0.00076 0.00076 0.00077 0.00077 0.00077 0.00078 0.00078 0.00078 0.00079 0.00079 0.00079 0.00080 0.00080 0.00080 0.00081 0.00081 0.00082 0.00082 0.00082 0.00083 0.00083 0.00083 0.00084 0.00084 0.00084 0.00085 0.00085 0.00086 0.00086 0.00086 0.00087 0.00087 0.00088 0.00088 0.00088 0.00089 0.00089 0.00090 0.00090 0.00091 0.00091 0.00091 0.00092 0.00092 0.00093 0.00093 0.00094 0.00094 0.00094 0.00095 0.00095 0.00096 0.00096 0.00097 0.00097 0.00098 0.00098 0.00099 0.00099 0.00100 0.00100 0.00100 0.00101 0.00101 0.00102 0.00102 0.00103 0.00103 0.00104 0.00105 0.00105 0.00106 0.00106 0.00107 0.00107 0.00108 0.00108 0.00109 0.00109 0.00110 0.00110 0.00111 0.00111 0.00112 0.00113 0.00113 0.00114 0.00114 0.00115 0.00115 0.00116 0.00117 0.00117 0.00118 0.00118 0.00119 0.00120 0.00120 0.00121 0.00121 0.00122 0.00123 0.00123 0.00124 0.00124 0.00125 0.00126 0.00126 0.00127 0.00128 0.00128 0.00129 0.00130 0.00130 0.00131 0.00132 0.00132 0.00133 0.00134 0.00134 0.00135 0.00136 0.00136 0.00137 0.00138 0.00138 0.00139 0.00140 0.00141 0.00141 0.00142 0.00143 0.00143 0.00144 0.00145 0.00146 0.00146 0.00147 0.00148 0.00149 0.00149 0.00150 0.00151 0.00152 0.00152 0.00153 0.00154 0.00155 0.00155 0.00156 0.00157 0.00158 0.00158 0.00159 0.00160 0.00161 0.00162 0.00162 0.00163 0.00164 0.00165
axis 2 logf: 0.00000 0.00000 0.00000 0.00000 0.00000 0.00000 0.00000 0.00000 0.00000 0.00000 0.00000 0.00000 0.00000 0.00000 0.00000 0.00000 0.00000 0.00000 0.00000 0.00000 0.00000 0.00000 0.00000 0.00000 0.00000 0.00000 0.00000 0.00000 0.00000 0.00000 0.00000 0.00000 0.00000 0.00000 0.00000 0.00000 0.00000 0.00000 0.00000 0.00000 0.00000 0.00000 0.00000 0.00000 0.00000 0.00000 0.00000 0.00000 0.00000 0.00000 0.00000 0.00000 0.00000 0.00000 0.00000 0.00000 0.00000 0.00000 0.00000 0.00000 0.00000 0.00000 0.00000 0.00000 0.00000 0.00000 0.00000 0.00000 0.00000 0.00000 0.00000 0.00000 0.00000 0.00000 0.00000 0.00000 0.00000 0.00000 0.00000 0.00000 0.00000 0.00000 0.00000 0.00000 0.00000 0.00000 0.00000 0.00000 0.00000 0.00000 0.00000 0.00000 0.00000 0.00000 0.00000 0.00000 0.00000 0.00000 0.00000 0.00000 0.00000 0.00000 0.00000 0.00000 0.00000 0.00000 0.00000 0.00000 0.00000 0.00000 0.00000 0.00000 0.00000 0.00000 0.00000 0.00000 0.00000 0.00000 0.00000 0.00000 0.00000 0.00000 0.00000 0.00000 0.00000 0.00000 0.00000 0.00000 0.00000 0.00000 0.00000 0.00000 0.00000 0.00000 0.00000 0.00000 0.00000 0.00000 0.00000 0.00000 0.00000 0.00000 0.00000 0.00000 0.00000 0.00000 0.00000 0.00000 0.00000 0.00000 0.00000 0.00000 0.00000 0.00000 0.00000 0.00000 0.00000 0.00000 0.00000 0.00000 0.00000 0.00000 0.00000 0.00000 0.00000 0.00000 0.00000 0.00000 0.00000 0.00000 0.00000 0.00000 0.00000 0.00000 0.00000 0.00000 0.00000 0.00000 0.00000 0.00000 0.00000 0.00000 0.00000 0.00000 0.00000 0.00000 0.00000 0.00000 0.00000 0.00000 0.00000 0.00000 0.00000 0.00000 0.00000 0.00000 0.00000 0.00000 0.00000 0.00000 0.00000 0.00000 0.00000 0.00000 0.00000 0.00000 0.00000 0.00000 0.00000 0.00000 0.00000 0.00000 0.00000 0.00000 0.00000 0.00000 0.00000 0.00000 0.00000 0.00000 0.00000 0.00000 0.00000 0.00000 0.00000 0.00000 0.00000 0.00000 0.00000 0.00000 0.00000 0.00000 0.00000 0.00000 0.00000 0.00000 0.00000 0.00000 0.00000 0.00000 0.00000 0.00000 0.00000 0.00000 0.00000 0.00000 0.00000 0.00000 0.00000 0.00000 0.00000 0.00000 0.00000 0.00000 0.00000 0.00000 0.00000 0.00000 0.00000 0.00000 0.00000 0.00000 0.00000 0.00000 0.00000 0.00000 0.00000 0.00000 0.00000 0.00000 0.00000 0.00000 0.00000 0.00000 0.00000 0.00000 0.00000 0.00000 0.00000 0.00000 0.00000 0.00000 0.00000 0.00000 0.00000 0.00000 0.00000 0.00000 0.00000 0.00000 0.00000 0.00000 0.00000 0.00000 0.00000 0.00000 0.00000 0.00000 0.00000 0.00000 0.00000 0.00000 0.00000 0.00000 0.00000 0.00000 0.00000 0.00000 0.00000 0.00000 0.00000 0.00000 0.00000 0.00000 0.00000 0.00000 0.00000 0.00000 0.00000 0.00000 0.00000 0.00000 0.00000 0.00000 0.00000 0.00000 0.00000 0.00000 0.00000 0.00000 0.00000 0.00000 0.00000 0.00000 0.00000 0.00000 0.00000 0.00000 0.00000 0.00000 0.00000 0.00000 0.00000 0.00000 0.00000 0.00000 0.00000 0.00000 0.00000 0.00000 0.00000 0.00000 0.00000 0.00000 0.00000 0.00000 0.00000 0.00000 0.00000 0.00000 0.00000 0.00000 0.00000 0.00000 0.00000 0.00000 0.00000 0.00000 0.00000 0.00000 0.00000 0.00000 0.00000 0.00000 0.00000 0.00000 0.00000 0.00000 0.00000 0.00000 0.00000 0.00000 0.00000 0.00000 0.00000 0.00000 0.00000 0.00000 0.00000 0.00000 0.00000 0.00000 0.00000 0.00000 0.00000 0.00000 0.00000 0.00000 0.00000 0.00000 0.00000 0.00000 0.00000 0.00000 0.00000 0.00000 0.00000 0.00000 0.00000 0.00000 0.00000 0.00000 0.00000 0.00000 0.00000 0.00000 0.00000 0.00000 0.00000 0.00000 0.00000 0.00000 0.00000 0.00000 0.00000 0.00000 0.00000 0.00000 0.00000 0.00000 0.00000 0.00000 0.00000 0.00000 0.00000 0.00000 0.00000 0.00000 0.00000 0.00000 0.00000 0.00000 0.00000 0.00000 0.00000 0.00000 0.00000 0.00000 0.00000 0.00000 0.00000 0.00000 0.00000 0.00000 0.00000 0.00000 0.00000 0.00000 0.00000 0.00000 0.00000 0.00000 0.00000 0.00000 0.00000 0.00000 0.00000 0.00000 0.00000 0.00000 0.00000 0.00000 0.00000 0.00000 0.00000 0.00000 0.00000 0.00000 0.00000 0.00000 0.00000 0.00000 0.00000 0.00000 0.00000 0.00000 0.00000 0.00000 0.00000 0.00000 0.00000 0.00000 0.00000 0.00000 0.00000 0.00000 0.00000 0.00000 0.00000 0.00000
axis 3 spec: 0.00057 0.00057 0.00057 0.00057 0.00056 0.00056 0.00056 0.00056 0.00056 0.00056 0.00056 0.00055 0.00055 0.00055 0.00055 0.00055 0.00055 0.00055 0.00055 0.00054 0.00054 0.00054 0.00054 0.00054 0.00054 0.00054 0.00054 0.00054 0.00053 0.00053 0.00053 0.00053 0.00053 0.00053 0.00053 0.00053 0.00053 0.00052 0.00052 0.00052 0.00052 0.00052 0.00052 0.00052 0.00052 0.00052 0.00051 0.00051 0.00051 0.00051 0.00051 0.00051 0.00051 0.00051 0.00051 0.00051 0.00050 0.00050 0.00050 0.00050 0.00050 0.00050 0.00050 0.00050 0.00050 0.00050 0.00050 0.00050 0.00049 0.00049 0.00049 0.00049 0.00049 0.00049 0.00049 0.00049 0.00049 0.00049 0.00049 0.00049 0.00048 0.00048 0.00048 0.00048 0.00048 0.00048 0.00048 0.00048 0.00048 0.00048 0.00048 0.00048 0.00048 0.00048 0.00047 0.00047 0.00047 0.00047 0.00047 0.00047 0.00047 0.00047 0.00047 0.00047 0.00047 0.00047 0.00047 0.00047 0.00047 0.00046 0.00046 0.00046 0.00046 0.00046 0.00046 0.00046 0.00046 0.00046 0.00046 0.00046 0.00046 0.00046 0.00046 0.00046 0.00046 0.00046 0.00045 0.00045 0.00045 0.00045 0.00045 0.00045 0.00045 0.00045 0.00045 0.00045 0.00045 0.00045 0.00045 0.00045 0.00045 0.00045 0.00045 0.00045 0.00045 0.00044 0.00044 0.00044 0.00044 0.00044 0.00044 0.00044 0.00044 0.00044 0.00044 0.00044 0.00044 0.00044 0.00044 0.00044 0.00044 0.00044 0.00044 0.00044 0.00044 0.00043 0.00043 0.00043 0.00043 0.00043 0.00043 0.00043 0.00043 0.00043 0.00043 0.00043 0.00043 0.00043 0.00043 0.00043 0.00043 0.00043 0.00043 0.00043 0.00043 0.00043 0.00043 0.00042 0.00042 0.00042 0.00042 0.00042 0.00042 0.00042 0.00042 0.00042 0.00042 0.00042 0.00042 0.00042 0.00042 0.00042 0.00042 0.00042 0.00042 0.00042 0.00042 0.00042 0.00041 0.00041 0.00041 0.00041 0.00041 0.00041 0.00041 0.00041 0.00041 0.00041 0.00041 0.00041 0.00041 0.00041 0.00041 0.00041 0.00041 0.00041 0.00041 0.00041 0.00041 0.00040 0.00040 0.00040 0.00040 0.00040 0.00040 0.00040 0.00040 0.00040 0.00040 0.00040 0.00040 0.00040 0.00040 0.00040 0.00040 0.00040 0.00040 0.00040 0.00040 0.00039 0.00039 0.00039 0.00039 0.00039 0.00039 0.00039 0.00039 0.00039 0.00039 0.00039 0.00039 0.00039 0.00039 0.00039 0.00039 0.00039 0.00039 0.00039 0.00039 0.00039 0.00038 0.00038 0.00038 0.00038 0.00038 0.00038 0.00038 0.00038 0.00038 0.00038 0.00038 0.00038 0.00038 0.00038 0.00038 0.00038 0.00038 0.00038 0.00038 0.00038 0.00037 0.00037 0.00037 0.00037 0.00037 0.00037 0.00037 0.00037 0.00037 0.00037 0.00037 0.00037 0.00037 0.00037 0.00037 0.00037 0.00037 0.00037 0.00037 0.00037 0.00037 0.00037 0.00036 0.00036 0.00036 0.00036 0.00036 0.00036 0.00036 0.00036 0.00036 0.00036 0.00036 0.00036 0.00036 0.00036 0.00036 0.00036 0.00036 0.00036 0.00036 0.00036 0.00036 0.00036 0.00036 0.00036 0.00035 0.00035 0.00035 0.00035 0.00035 0.00035 0.00035 0.00035 0.00035 0.00035 0.00035 0.00035 0.00035 0.00035 0.00035 0.00035 0.00035 0.00035 0.00035 0.00035 0.00035 0.00035 0.00035 0.00035 0.00035 0.00035 0.00035 0.00035 0.00035 0.00035 0.00035 0.00035 0.00035 0.00035 0.00035 0.00035 0.00034 0.00034 0.00034 0.00034 0.00034 0.00034 0.00034 0.00034 0.00034 0.00034 0.00034 0.00034 0.00034 0.00034 0.00034 0.00034 0.00034 0.00034 0.00034 0.00034 0.00034 0.00034 0.00034 0.00034 0.00034 0.00034 0.00034 0.00034 0.00034 0.00034 0.00034 0.00034 0.00034 0.00034 0.00034 0.00034 0.00034 0.00034 0.00034 0.00034 0.00034 0.00034 0.00034 0.00034 0.00035 0.00035 0.00035 0.00035 0.00035 0.00035 0.00035 0.00035 0.00035 0.00035 0.00035 0.00035 0.00035 0.00035 0.00035 0.00035 0.00035 0.00035 0.00035 0.00035 0.00035 0.00035 0.00035 0.00035 0.00035 0.00035 0.00035 0.00035 0.00035 0.00035 0.00035 0.00035 0.00036 0.00036 0.00036 0.00036 0.00036 0.00036 0.00036 0.00036 0.00036 0.00036 0.00036 0.00036 0.00036 0.00036 0.00036 0.00036 0.00036 0.00036 0.00037 0.00037 0.00037 0.00037 0.00037 0.00037 0.00037 0.00037 0.00037 0.00037 0.00037 0.00037 0.00037 0.00037 0.00037 0.00038 0.00038 0.00038 0.00038 0.00038 0.00038 0.00038 0.00038 0.00038 0.00038 0.00038 0.00038 0.00038 0.00039 0.00039 0.00039 0.00039 0.00039 0.00039
axis 3 logf: 0.00000 0.00000 0.00000 0.00000 0.00000 0.00000 0.00000 0.00000 0.00000 0.00000 0.00000 0.00000 0.00000 0.00000 0.00000 0.00000 0.00000 0.00000 0.00000 0.00000 0.00000 0.00000 0.00000 0.00000 0.00000 0.00000 0.00000 0.00000 0.00000 0.00000 0.00000 0.00000 0.00000 0.00000 0.00000 0.00000 0.00000 0.00000 0.00000 0.00000 0.00000 0.00000 0.00000 0.00000 0.00000 0.00000 0.00000 0.00000 0.00000 0.00000 0.00000 0.00000 0.00000 0.00000 0.00000 0.00000 0.00000 0.00000 0.00000 0.00000 0.00000 0.00000 0.00000 0.00000 0.00000 0.00000 0.00000 0.00000 0.00000 0.00000 0.00000 0.00000 0.00000 0.00000 0.00000 0.00000 0.00000 0.00000 0.00000 0.00000 0.00000 0.00000 0.00000 0.00000 0.00000 0.00000 0.00000 0.00000 0.00000 0.00000 0.00000 0.00000 0.00000 0.00000 0.00000 0.00000 0.00000 0.00000 0.00000 0.00000 0.00000 0.00000 0.00000 0.00000 0.00000 0.00000 0.00000 0.00000 0.00000 0.00000 0.00000 0.00000 0.00000 0.00000 0.00000 0.00000 0.00000 0.00000 0.00000 0.00000 0.00000 0.00000 0.00000 0.00000 0.00000 0.00000 0.00000 0.00000 0.00000 0.00000 0.00000 0.00000 0.00000 0.00000 0.00000 0.00000 0.00000 0.00000 0.00000 0.00000 0.00000 0.00000 0.00000 0.00000 0.00000 0.00000 0.00000 0.00000 0.00000 0.00000 0.00000 0.00000 0.00000 0.00000 0.00000 0.00000 0.00000 0.00000 0.00000 0.00000 0.00000 0.00000 0.00000 0.00000 0.00000 0.00000 0.00000 0.00000 0.00000 0.00000 0.00000 0.00000 0.00000 0.00000 0.00000 0.00000 0.00000 0.00000 0.00000 0.00000 0.00000 0.00000 0.00000 0.00000 0.00000 0.00000 0.00000 0.00000 0.00000 0.00000 0.00000 0.00000 0.00000 0.00000 0.00000 0.00000 0.00000 0.00000 0.00000 0.00000 0.00000 0.00000 0.00000 0.00000 0.00000 0.00000 0.00000 0.00000 0.00000 0.00000 0.00000 0.00000 0.00000 0.00000 0.00000 0.00000 0.00000 0.00000 0.00000 0.00000 0.00000 0.00000 0.00000 0.00000 0.00000 0.00000 0.00000 0.00000 0.00000 0.00000 0.00000 0.00000 0.00000 0.00000 0.00000 0.00000 0.00000 0.00000 0.00000 0.00000 0.00000 0.00000 0.00000 0.00000 0.00000 0.00000 0.00000 0.00000 0.00000 0.00000 0.00000 0.00000 0.00000 0.00000 0.00000 0.00000 0.00000 0.00000 0.00000 0.00000 0.00000 0.00000 0.00000 0.00000 0.00000 0.00000 0.00000 0.00000 0.00000 0.00000 0.00000 0.00000 0.00000 0.00000 0.00000 0.00000 0.00000 0.00000 0.00000 0.00000 0.00000 0.00000 0.00000 0.00000 0.00000 0.00000 0.00000 0.00000 0.00000 0.00000 0.00000 0.00000 0.00000 0.00000 0.00000 0.00000 0.00000 0.00000 0.00000 0.00000 0.00000 0.00000 0.00000 0.00000 0.00000 0.00000 0.00000 0.00000 0.00000 0.00000 0.00000 0.00000 0.00000 0.00000 0.00000 0.00000 0.00000 0.00000 0.00000 0.00000 0.00000 0.00000 0.00000 0.00000 0.00000 0.00000 0.00000 0.00000 0.00000 0.00000 0.00000 0.00000 0.00000 0.00000 0.00000 0.00000 0.00000 0.00000 0.00000 0.00000 0.00000 0.00000 0.00000 0.00000 0.00000 0.00000 0.00000 0.00000 0.00000 0.00000 0.00000 0.00000 0.00000 0.00000 0.00000 0.00000 0.00000 0.00000 0.00000 0.00000 0.00000 0.00000 0.00000 0.00000 0.00000 0.00000 0.00000 0.00000 0.00000 0.00000 0.00000 0.00000 0.00000 0.00000 0.00000 0.00000 0.00000 0.00000 0.00000 0.00000 0.00000 0.00000 0.00000 0.00000 0.00000 0.00000 0.00000 0.00000 0.00000 0.00000 0.00000 0.00000 0.00000 0.00000 0.00000 0.00000 0.00000 0.00000 0.00000 0.00000 0.00000 0.00000 0.00000 0.00000 0.00000 0.00000 0.00000 0.00000 0.00000 0.00000 0.00000 0.00000 0.00000 0.00000 0.00000 0.00000 0.00000 0.00000 0.00000 0.00000 0.00000 0.00000 0.00000 0.00000 0.00000 0.00000 0.00000 0.00000 0.00000 0.00000 0.00000 0.00000 0.00000 0.00000 0.00000 0.00000 0.00000 0.00000 0.00000 0.00000 0.00000 0.00000 0.00000 0.00000 0.00000 0.00000 0.00000 0.00000 0.00000 0.00000 0.00000 0.00000 0.00000 0.00000 0.00000 0.00000 0.00000 0.00000 0.00000 0.00000 0.00000 0.00000 0.00000 0.00000 0.00000 0.00000 0.00000 0.00000 0.00000 0.00000 0.00000 0.00000 0.00000 0.00000 0.00000 0.00000 0.00000 0.00000 0.00000 0.00000 0.00000 0.00000 0.00000 0.00000 0.00000 0.00000 0.00000 0.00000 0.00000 0.00000 0.00000 0.00000 0.00000 0.00000 0.00000 0.00000 0.00000 0.00000 0.00000 0.00000
