grade — lambda space, K=4, extent 2.20; 6 bands/octave over 40..20000 Hz, kernel 0.0833 oct, strike 0 listen 0, 1/omega, damping 5.0/s at 0.200 s

pitch normalised: the lowest audible mode of every point is moved to 440 Hz before banding

variety per unit of travel: mean 17.775, 5th pct 3.427, 95th pct 31.117
spread: 9.08x   (FM 1.83x, Saw 2.03x, Shapes 8.47x in Kyklophoria's table; 1.0 is isotropic)
twins: 0.0% of random pairs within 0.05
axes:  axis 0 33.757  axis 1 21.687  axis 2 4.970  axis 3 2.830
modes skipped as unrenderable (non-positive or above the top band): 0.00 per evaluation over 41604 evaluations

continuity (cont_check): largest step at step/500 and step/2000, ratio ~4 smooth, ~1 cliff
  axis    spec/500   spec/2000   ratio      logf/500   logf/2000   ratio
  0        0.21280     0.05414    3.93       0.02303     0.00576    4.00
  1        0.12992     0.03273    3.97       0.01417     0.00354    4.00
  2        0.03234     0.00809    4.00       0.00816     0.00204    4.00
  3        0.04995     0.01276    3.91       0.00585     0.00146    4.00

where the frequencies move fastest along each axis (log-frequency step per 1/500 of travel, in tenths of the axis):
  axis 0: 0.0230 0.0230 0.0230 0.0230 0.0230 0.0230 0.0230 0.0230 0.0230 0.0230   peak 0.0230
  axis 1: 0.0142 0.0142 0.0142 0.0142 0.0142 0.0142 0.0142 0.0142 0.0142 0.0142   peak 0.0142
  axis 2: 0.0082 0.0082 0.0082 0.0082 0.0082 0.0082 0.0082 0.0082 0.0082 0.0082   peak 0.0082
  axis 3: 0.0058 0.0058 0.0058 0.0058 0.0058 0.0058 0.0058 0.0058 0.0058 0.0058   peak 0.0058

veering map — second difference of each aligned slot's log frequency along each sweep, in cents.
a smooth trajectory is under 100; a slot that trades places with its neighbour is hundreds.
listed: every (family, parameter, slot) over 300 cents, and each family's worst.
  bar: (0.927, slot 2: 1133) (0.927, slot 4: 1136)
    2 over 300 cents; worst 1136 cents at parameter 0.927, slot 4
  plate: (1.182, slot 0: 2812) (1.182, slot 1: 598) (1.182, slot 4: 1388) (1.182, slot 5: 1050) (1.182, slot 6: 1406) (1.182, slot 7: 1528) (1.182, slot 9: 1014) (1.182, slot 11: 1956) (1.182, slot 15: 1027) (1.182, slot 16: 2013) (1.182, slot 18: 2636) (1.182, slot 19: 579) (1.182, slot 20: 4300) (1.182, slot 21: 1115) (1.182, slot 23: 1815) (1.182, slot 24: 1362) (1.182, slot 26: 3187) (1.364, slot 1: 328) (1.364, slot 6: 1564) (1.364, slot 9: 1986) (1.364, slot 12: 563) (1.364, slot 15: 949) (1.364, slot 17: 329) (1.364, slot 21: 1705) (1.364, slot 23: 1316) (1.364, slot 24: 1131) (1.546, slot 1: 618) (1.546, slot 9: 1727) (1.546, slot 21: 744) (1.727, slot 1: 347) (1.727, slot 18: 446) (1.909, slot 1: 765) (1.909, slot 9: 1464) (1.909, slot 12: 1483) (1.909, slot 18: 867) (2.091, slot 9: 1479) (2.091, slot 12: 1399) (2.091, slot 18: 332) (2.273, slot 12: 1145) (2.273, slot 20: 1766) (2.454, slot 12: 1143) (2.454, slot 20: 1756)
    42 over 300 cents; worst 4300 cents at parameter 1.182, slot 20
  bell: (0.218, slot 35: 448) (0.436, slot 32: 727) (0.545, slot 32: 643) (0.545, slot 36: 309) (0.655, slot 22: 781) (0.655, slot 33: 756) (0.764, slot 22: 759) (0.764, slot 30: 347) (0.764, slot 33: 782) (1.091, slot 29: 661)
    10 over 300 cents; worst 782 cents at parameter 0.764, slot 33

profiles: per axis, 500 steps, spectrum step then log-frequency step
axis 0 spec: 0.00969 0.00988 0.01002 0.01012 0.01016 0.01017 0.01014 0.01008 0.00998 0.00985 0.00967 0.00944 0.00914 0.00878 0.00834 0.00785 0.00731 0.00675 0.00622 0.00578 0.00547 0.00536 0.00555 0.00591 0.00642 0.00703 0.00768 0.00832 0.00892 0.00947 0.00994 0.01033 0.01062 0.01084 0.01096 0.01099 0.01095 0.01084 0.01069 0.01050 0.01030 0.01011 0.00995 0.00985 0.00981 0.00981 0.00992 0.01008 0.01027 0.01050 0.01074 0.01099 0.01123 0.01146 0.01168 0.01187 0.01202 0.01212 0.01216 0.01210 0.01195 0.01168 0.01130 0.01079 0.01018 0.00948 0.00870 0.00789 0.00710 0.00637 0.00580 0.00546 0.00540 0.00562 0.00611 0.00677 0.00756 0.00840 0.00926 0.01010 0.01087 0.01156 0.01212 0.01255 0.01281 0.01291 0.01286 0.01267 0.01239 0.01205 0.01172 0.01145 0.01128 0.01121 0.01124 0.01132 0.01143 0.01143 0.01137 0.01120 0.01095 0.01067 0.01045 0.01038 0.01054 0.01096 0.01161 0.01238 0.01317 0.01385 0.01432 0.01451 0.01439 0.01393 0.01317 0.01217 0.01107 0.01004 0.00931 0.00908 0.00944 0.01028 0.01138 0.01248 0.01350 0.01424 0.01471 0.01489 0.01481 0.01455 0.01420 0.01391 0.01377 0.01386 0.01418 0.01467 0.01522 0.01570 0.01604 0.01615 0.01604 0.01570 0.01522 0.01470 0.01428 0.01411 0.01430 0.01489 0.01582 0.01701 0.01831 0.01962 0.02085 0.02192 0.02280 0.02347 0.02395 0.02422 0.02432 0.02426 0.02403 0.02365 0.02311 0.02241 0.02156 0.02057 0.01948 0.01832 0.01718 0.01610 0.01517 0.01444 0.01396 0.01374 0.01376 0.01399 0.01440 0.01494 0.01560 0.01637 0.01725 0.01824 0.01933 0.02046 0.02158 0.02261 0.02348 0.02412 0.02449 0.02455 0.02429 0.02375 0.02296 0.02200 0.02091 0.01983 0.01880 0.01789 0.01709 0.01650 0.01605 0.01573 0.01555 0.01548 0.01551 0.01564 0.01585 0.01608 0.01630 0.01643 0.01641 0.01622 0.01584 0.01532 0.01474 0.01419 0.01383 0.01377 0.01405 0.01466 0.01538 0.01613 0.01669 0.01693 0.01682 0.01618 0.01522 0.01405 0.01280 0.01188 0.01161 0.01229 0.01372 0.01568 0.01777 0.01972 0.02130 0.02235 0.02280 0.02263 0.02189 0.02072 0.01930 0.01788 0.01672 0.01597 0.01573 0.01585 0.01612 0.01633 0.01636 0.01621 0.01605 0.01614 0.01684 0.01838 0.02077 0.02381 0.02720 0.03062 0.03377 0.03634 0.03822 0.03919 0.03920 0.03830 0.03663 0.03441 0.03192 0.02946 0.02738 0.02584 0.05212 0.18357 0.21280 0.20466 0.16690 0.12661 0.10693 0.11791 0.14948 0.18210 0.19475 0.17836 0.14421 0.11410 0.10714 0.12844 0.16280 0.18754 0.18450 0.15467 0.11655 0.09181 0.09779 0.13000 0.16731 0.18687 0.17525 0.14044 0.10253 0.08125 0.09117 0.12503 0.16220 0.18112 0.16906 0.13415 0.09601 0.07499 0.08660 0.11988 0.15171 0.16228 0.14439 0.10925 0.07648 0.06874 0.09341 0.12938 0.15559 0.15705 0.13440 0.10389 0.08613 0.09454 0.12120 0.14874 0.16121 0.15161 0.12752 0.10550 0.10098 0.11789 0.14535 0.16693 0.16896 0.15020 0.12308 0.10386 0.10487 0.12693 0.15911 0.18426 0.18616 0.16322 0.12993 0.10346 0.09594 0.11108 0.14159 0.17339 0.18920 0.17905 0.15046 0.12024 0.10225 0.10299 0.11844 0.13702 0.14662 0.14102 0.12392 0.10623 0.09949 0.10886 0.12725 0.14041 0.13664 0.11544 0.08768 0.06958 0.07520 0.09864 0.12485 0.13997 0.13559 0.11462 0.09142 0.08451 0.10074 0.12752 0.14894 0.15278 0.13607 0.10831 0.08591 0.08611 0.11049 0.14290 0.16608 0.16759 0.14701 0.11772 0.09729 0.09952 0.12165 0.14861 0.16448 0.15963 0.13765 0.11233 0.09988 0.10961 0.13362 0.15635 0.16382 0.15095 0.12551 0.10302 0.09967 0.12117 0.15356 0.17630 0.17300 0.14413 0.10516 0.07502 0.07351 0.10242 0.14205 0.17264 0.17676 0.15145 0.11158 0.07746 0.07095 0.09660 0.13410 0.16449 0.17260 0.15507 0.12427 0.09900 0.09448 0.11053 0.13170 0.14391 0.13951 0.12090 0.09841 0.08669 0.09634 0.12174 0.14685 0.15715 0.14657 0.12138 0.09429 0.07949 0.08571 0.10644 0.12745 0.13811 0.13478 0.12186 0.10914 0.10544 0.11174 0.12093 0.12387 0.11660 0.10207 0.08777 0.08276 0.09242 0.11213 0.13109 0.13857 0.13060 0.11248 0.09491 0.08828 0.09662 0.11420 0.13076 0.13739 0.13115 0.11688 0.10329 0.09706 0.09884 0.10447 0.10877 0.10948 0.10798 0.10874 0.11585 0.12909 0.14288 0.14923 0.14293 0.12607 0.10701 0.09595 0.09907 0.11372 0.13127 0.14250 0.14155
axis 0 logf: 0.02303 0.02303 0.02303 0.02303 0.02303 0.02303 0.02303 0.02303 0.02303 0.02303 0.02303 0.02303 0.02303 0.02303 0.02303 0.02303 0.02303 0.02303 0.02303 0.02303 0.02303 0.02303 0.02303 0.02303 0.02303 0.02303 0.02303 0.02303 0.02303 0.02303 0.02303 0.02303 0.02303 0.02303 0.02303 0.02303 0.02303 0.02303 0.02303 0.02303 0.02303 0.02303 0.02303 0.02303 0.02303 0.02303 0.02303 0.02303 0.02303 0.02303 0.02303 0.02303 0.02303 0.02303 0.02303 0.02303 0.02303 0.02303 0.02303 0.02303 0.02303 0.02303 0.02303 0.02303 0.02303 0.02303 0.02303 0.02303 0.02303 0.02303 0.02303 0.02303 0.02303 0.02303 0.02303 0.02303 0.02303 0.02303 0.02303 0.02303 0.02303 0.02303 0.02303 0.02303 0.02303 0.02303 0.02303 0.02303 0.02303 0.02303 0.02303 0.02303 0.02303 0.02303 0.02303 0.02303 0.02303 0.02303 0.02303 0.02303 0.02303 0.02303 0.02303 0.02303 0.02303 0.02303 0.02303 0.02303 0.02303 0.02303 0.02303 0.02303 0.02303 0.02303 0.02303 0.02303 0.02303 0.02303 0.02303 0.02303 0.02303 0.02303 0.02303 0.02303 0.02303 0.02303 0.02303 0.02303 0.02303 0.02303 0.02303 0.02303 0.02303 0.02303 0.02303 0.02303 0.02303 0.02303 0.02303 0.02303 0.02303 0.02303 0.02303 0.02303 0.02303 0.02303 0.02303 0.02303 0.02303 0.02303 0.02303 0.02303 0.02303 0.02303 0.02303 0.02303 0.02303 0.02303 0.02303 0.02303 0.02303 0.02303 0.02303 0.02303 0.02303 0.02303 0.02303 0.02303 0.02303 0.02303 0.02303 0.02303 0.02303 0.02303 0.02303 0.02303 0.02303 0.02303 0.02303 0.02303 0.02303 0.02303 0.02303 0.02303 0.02303 0.02303 0.02303 0.02303 0.02303 0.02303 0.02303 0.02303 0.02303 0.02303 0.02303 0.02303 0.02303 0.02303 0.02303 0.02303 0.02303 0.02303 0.02303 0.02303 0.02303 0.02303 0.02303 0.02303 0.02303 0.02303 0.02303 0.02303 0.02303 0.02303 0.02303 0.02303 0.02303 0.02303 0.02303 0.02303 0.02303 0.02303 0.02303 0.02303 0.02303 0.02303 0.02303 0.02303 0.02303 0.02303 0.02303 0.02303 0.02303 0.02303 0.02303 0.02303 0.02303 0.02303 0.02303 0.02303 0.02303 0.02303 0.02303 0.02303 0.02303 0.02303 0.02303 0.02303 0.02303 0.02303 0.02303 0.02303 0.02303 0.02303 0.02303 0.02303 0.02303 0.02303 0.02303 0.02303 0.02303 0.02303 0.02303 0.02303 0.02303 0.02303 0.02303 0.02303 0.02303 0.02303 0.02303 0.02303 0.02303 0.02303 0.02303 0.02303 0.02303 0.02303 0.02303 0.02303 0.02303 0.02303 0.02303 0.02303 0.02303 0.02303 0.02303 0.02303 0.02303 0.02303 0.02303 0.02303 0.02303 0.02303 0.02303 0.02303 0.02303 0.02303 0.02303 0.02303 0.02303 0.02303 0.02303 0.02303 0.02303 0.02303 0.02303 0.02303 0.02303 0.02303 0.02303 0.02303 0.02303 0.02303 0.02303 0.02303 0.02303 0.02303 0.02303 0.02303 0.02303 0.02303 0.02303 0.02303 0.02303 0.02303 0.02303 0.02303 0.02303 0.02303 0.02303 0.02303 0.02303 0.02303 0.02303 0.02303 0.02303 0.02303 0.02303 0.02303 0.02303 0.02303 0.02303 0.02303 0.02303 0.02303 0.02303 0.02303 0.02303 0.02303 0.02303 0.02303 0.02303 0.02303 0.02303 0.02303 0.02303 0.02303 0.02303 0.02303 0.02303 0.02303 0.02303 0.02303 0.02303 0.02303 0.02303 0.02303 0.02303 0.02303 0.02303 0.02303 0.02303 0.02303 0.02303 0.02303 0.02303 0.02303 0.02303 0.02303 0.02303 0.02303 0.02303 0.02303 0.02303 0.02303 0.02303 0.02303 0.02303 0.02303 0.02303 0.02303 0.02303 0.02303 0.02303 0.02303 0.02303 0.02303 0.02303 0.02303 0.02303 0.02303 0.02303 0.02303 0.02303 0.02303 0.02303 0.02303 0.02303 0.02303 0.02303 0.02303 0.02303 0.02303 0.02303 0.02303 0.02303 0.02303 0.02303 0.02303 0.02303 0.02303 0.02303 0.02303 0.02303 0.02303 0.02303 0.02303 0.02303 0.02303 0.02303 0.02303 0.02303 0.02303 0.02303 0.02303 0.02303 0.02303 0.02303 0.02303 0.02303 0.02303 0.02303 0.02303 0.02303 0.02303 0.02303 0.02303 0.02303 0.02303 0.02303 0.02303 0.02303 0.02303 0.02303 0.02303 0.02303 0.02303 0.02303 0.02303 0.02303 0.02303 0.02303 0.02303 0.02303 0.02303 0.02303 0.02303 0.02303 0.02303 0.02303 0.02303 0.02303 0.02303 0.02303 0.02303 0.02303 0.02303 0.02303 0.02303 0.02303 0.02303 0.02303 0.02303 0.02303 0.02303 0.02303 0.02303 0.02303 0.02303 0.02303 0.02303 0.02303 0.02303 0.02303 0.02303 0.02303 0.02303 0.02303 0.02303
axis 1 spec: 0.04695 0.04216 0.04303 0.04870 0.05638 0.06347 0.06804 0.06900 0.06611 0.06000 0.05201 0.04403 0.03830 0.03685 0.03978 0.04510 0.05044 0.05416 0.05531 0.05367 0.04971 0.04452 0.03971 0.03695 0.03744 0.04065 0.04490 0.04846 0.05013 0.04938 0.04642 0.04217 0.03832 0.03672 0.03864 0.04350 0.04938 0.05437 0.05705 0.05672 0.05360 0.04881 0.04435 0.04265 0.04527 0.05142 0.05914 0.06573 0.06952 0.06931 0.06495 0.05756 0.04926 0.04323 0.04283 0.04862 0.05836 0.06872 0.07697 0.08112 0.07982 0.07331 0.06290 0.05092 0.04075 0.03702 0.04207 0.05309 0.06568 0.07657 0.08332 0.08432 0.07924 0.06927 0.05644 0.04400 0.03658 0.03872 0.04922 0.06275 0.07527 0.08380 0.08633 0.08224 0.07265 0.05995 0.04772 0.04091 0.04390 0.05521 0.06963 0.08278 0.09126 0.09278 0.08702 0.07580 0.06255 0.05185 0.04883 0.05558 0.06851 0.08278 0.09432 0.09993 0.09794 0.08900 0.07584 0.06254 0.05404 0.05490 0.06449 0.07844 0.09203 0.10137 0.10380 0.09852 0.08745 0.07364 0.06136 0.05520 0.05877 0.07023 0.08517 0.09892 0.10747 0.10816 0.10080 0.08770 0.07270 0.06020 0.05539 0.06134 0.07556 0.09333 0.10961 0.11958 0.11983 0.11038 0.09432 0.07643 0.06178 0.05566 0.06151 0.07668 0.09627 0.11500 0.12759 0.12992 0.12140 0.10552 0.08778 0.07373 0.06800 0.07249 0.08480 0.10034 0.11434 0.12252 0.12220 0.11378 0.10056 0.08727 0.07870 0.07831 0.08653 0.10000 0.11390 0.12313 0.12394 0.11551 0.10031 0.08266 0.06731 0.05941 0.06301 0.07698 0.09624 0.11493 0.12707 0.12807 0.11738 0.09829 0.07667 0.05801 0.04867 0.05327 0.06792 0.08544 0.10025 0.10817 0.10714 0.09817 0.08468 0.07087 0.06068 0.05736 0.06224 0.07361 0.08815 0.10205 0.11137 0.11315 0.10684 0.03790 0.05161 0.04975 0.04540 0.03912 0.03202 0.02601 0.02398 0.02759 0.03498 0.04352 0.05141 0.05734 0.06033 0.05983 0.05588 0.04914 0.04087 0.03299 0.02847 0.02972 0.03596 0.04412 0.05187 0.05771 0.06068 0.06034 0.05681 0.05076 0.04323 0.03562 0.02980 0.02776 0.03008 0.03522 0.04100 0.04595 0.04916 0.05014 0.04876 0.04528 0.04021 0.03427 0.02839 0.02367 0.02128 0.02167 0.02405 0.02710 0.02992 0.03201 0.03315 0.03330 0.03258 0.03116 0.02932 0.02735 0.02557 0.02427 0.02368 0.02391 0.02486 0.02631 0.02790 0.02934 0.03032 0.03061 0.03008 0.02876 0.02665 0.02406 0.02131 0.01891 0.01750 0.01758 0.01911 0.02169 0.02469 0.02757 0.02995 0.03154 0.03217 0.03179 0.03046 0.02841 0.02577 0.02304 0.02055 0.01861 0.01757 0.01741 0.01788 0.01854 0.01903 0.01906 0.01850 0.01731 0.01560 0.01366 0.01200 0.01143 0.01258 0.01497 0.01807 0.02119 0.02386 0.02577 0.02669 0.02651 0.02522 0.02287 0.01968 0.01596 0.01233 0.00994 0.01036 0.01328 0.01707 0.02097 0.02421 0.02656 0.02783 0.02797 0.02702 0.02514 0.02260 0.01981 0.01726 0.01556 0.01522 0.01608 0.01767 0.01939 0.02081 0.02166 0.02184 0.02135 0.02030 0.01888 0.01736 0.01603 0.01522 0.01511 0.01564 0.01656 0.01757 0.01842 0.01892 0.01897 0.01855 0.01767 0.01641 0.01491 0.01339 0.01214 0.01148 0.01160 0.01245 0.01370 0.01502 0.01612 0.01682 0.01698 0.01654 0.01553 0.01402 0.01214 0.01025 0.00876 0.00824 0.00899 0.01062 0.01251 0.01424 0.01558 0.01638 0.01660 0.01627 0.01548 0.01441 0.01330 0.01246 0.01218 0.01255 0.01345 0.01460 0.01571 0.01659 0.01708 0.01714 0.01677 0.01602 0.01500 0.01387 0.01282 0.01205 0.01169 0.01179 0.01224 0.01285 0.01345 0.01387 0.01403 0.01388 0.01343 0.01269 0.01174 0.01071 0.00977 0.00909 0.00885 0.00910 0.00970 0.01045 0.01118 0.01171 0.01196 0.01187 0.01145 0.01074 0.00983 0.00890 0.00816 0.00785 0.00808 0.00878 0.00973 0.01070 0.01152 0.01209 0.01235 0.01232 0.01202 0.01157 0.01106 0.01066 0.01048 0.01060 0.01097 0.01150 0.01206 0.01252 0.01281 0.01285 0.01265 0.01221 0.01160 0.01087 0.01012 0.00946 0.00899 0.00875 0.00873 0.00887 0.00906 0.00921 0.00925 0.00913 0.00882 0.00836 0.00776 0.00711 0.00652 0.00610 0.00599 0.00620 0.00667 0.00728 0.00788 0.00839 0.00874 0.00890 0.00887 0.00868 0.00839 0.00807 0.00782 0.00773 0.00784 0.00815 0.00859 0.00906 0.00948 0.00979 0.00995 0.00996 0.00982 0.00958 0.00929 0.00903 0.00885 0.00879 0.00887 0.00904 0.00925 0.00943 0.00954
axis 1 logf: 0.01417 0.01417 0.01417 0.01417 0.01417 0.01417 0.01417 0.01417 0.01417 0.01417 0.01417 0.01417 0.01417 0.01417 0.01417 0.01417 0.01417 0.01417 0.01417 0.01417 0.01417 0.01417 0.01417 0.01417 0.01417 0.01417 0.01417 0.01417 0.01417 0.01417 0.01417 0.01417 0.01417 0.01417 0.01417 0.01417 0.01417 0.01417 0.01417 0.01417 0.01417 0.01417 0.01417 0.01417 0.01417 0.01417 0.01417 0.01417 0.01417 0.01417 0.01417 0.01417 0.01417 0.01417 0.01417 0.01417 0.01417 0.01417 0.01417 0.01417 0.01417 0.01417 0.01417 0.01417 0.01417 0.01417 0.01417 0.01417 0.01417 0.01417 0.01417 0.01417 0.01417 0.01417 0.01417 0.01417 0.01417 0.01417 0.01417 0.01417 0.01417 0.01417 0.01417 0.01417 0.01417 0.01417 0.01417 0.01417 0.01417 0.01417 0.01417 0.01417 0.01417 0.01417 0.01417 0.01417 0.01417 0.01417 0.01417 0.01417 0.01417 0.01417 0.01417 0.01417 0.01417 0.01417 0.01417 0.01417 0.01417 0.01417 0.01417 0.01417 0.01417 0.01417 0.01417 0.01417 0.01417 0.01417 0.01417 0.01417 0.01417 0.01417 0.01417 0.01417 0.01417 0.01417 0.01417 0.01417 0.01417 0.01417 0.01417 0.01417 0.01417 0.01417 0.01417 0.01417 0.01417 0.01417 0.01417 0.01417 0.01417 0.01417 0.01417 0.01417 0.01417 0.01417 0.01417 0.01417 0.01417 0.01417 0.01417 0.01417 0.01417 0.01417 0.01417 0.01417 0.01417 0.01417 0.01417 0.01417 0.01417 0.01417 0.01417 0.01417 0.01417 0.01417 0.01417 0.01417 0.01417 0.01417 0.01417 0.01417 0.01417 0.01417 0.01417 0.01417 0.01417 0.01417 0.01417 0.01417 0.01417 0.01417 0.01417 0.01417 0.01417 0.01417 0.01417 0.01417 0.01417 0.01417 0.01417 0.01417 0.01417 0.01417 0.01417 0.01417 0.01417 0.01417 0.01417 0.01417 0.01417 0.01417 0.01417 0.01417 0.01417 0.01417 0.01417 0.01417 0.01417 0.01417 0.01417 0.01417 0.01417 0.01417 0.01417 0.01417 0.01417 0.01417 0.01417 0.01417 0.01417 0.01417 0.01417 0.01417 0.01417 0.01417 0.01417 0.01417 0.01417 0.01417 0.01417 0.01417 0.01417 0.01417 0.01417 0.01417 0.01417 0.01417 0.01417 0.01417 0.01417 0.01417 0.01417 0.01417 0.01417 0.01417 0.01417 0.01417 0.01417 0.01417 0.01417 0.01417 0.01417 0.01417 0.01417 0.01417 0.01417 0.01417 0.01417 0.01417 0.01417 0.01417 0.01417 0.01417 0.01417 0.01417 0.01417 0.01417 0.01417 0.01417 0.01417 0.01417 0.01417 0.01417 0.01417 0.01417 0.01417 0.01417 0.01417 0.01417 0.01417 0.01417 0.01417 0.01417 0.01417 0.01417 0.01417 0.01417 0.01417 0.01417 0.01417 0.01417 0.01417 0.01417 0.01417 0.01417 0.01417 0.01417 0.01417 0.01417 0.01417 0.01417 0.01417 0.01417 0.01417 0.01417 0.01417 0.01417 0.01417 0.01417 0.01417 0.01417 0.01417 0.01417 0.01417 0.01417 0.01417 0.01417 0.01417 0.01417 0.01417 0.01417 0.01417 0.01417 0.01417 0.01417 0.01417 0.01417 0.01417 0.01417 0.01417 0.01417 0.01417 0.01417 0.01417 0.01417 0.01417 0.01417 0.01417 0.01417 0.01417 0.01417 0.01417 0.01417 0.01417 0.01417 0.01417 0.01417 0.01417 0.01417 0.01417 0.01417 0.01417 0.01417 0.01417 0.01417 0.01417 0.01417 0.01417 0.01417 0.01417 0.01417 0.01417 0.01417 0.01417 0.01417 0.01417 0.01417 0.01417 0.01417 0.01417 0.01417 0.01417 0.01417 0.01417 0.01417 0.01417 0.01417 0.01417 0.01417 0.01417 0.01417 0.01417 0.01417 0.01417 0.01417 0.01417 0.01417 0.01417 0.01417 0.01417 0.01417 0.01417 0.01417 0.01417 0.01417 0.01417 0.01417 0.01417 0.01417 0.01417 0.01417 0.01417 0.01417 0.01417 0.01417 0.01417 0.01417 0.01417 0.01417 0.01417 0.01417 0.01417 0.01417 0.01417 0.01417 0.01417 0.01417 0.01417 0.01417 0.01417 0.01417 0.01417 0.01417 0.01417 0.01417 0.01417 0.01417 0.01417 0.01417 0.01417 0.01417 0.01417 0.01417 0.01417 0.01417 0.01417 0.01417 0.01417 0.01417 0.01417 0.01417 0.01417 0.01417 0.01417 0.01417 0.01417 0.01417 0.01417 0.01417 0.01417 0.01417 0.01417 0.01417 0.01417 0.01417 0.01417 0.01417 0.01417 0.01417 0.01417 0.01417 0.01417 0.01417 0.01417 0.01417 0.01417 0.01417 0.01417 0.01417 0.01417 0.01417 0.01417 0.01417 0.01417 0.01417 0.01417 0.01417 0.01417 0.01417 0.01417 0.01417 0.01417 0.01417 0.01417 0.01417 0.01417 0.01417 0.01417 0.01417 0.01417 0.01417 0.01417 0.01417 0.01417 0.01417 0.01417 0.01417 0.01417 0.01417
axis 2 spec: 0.01897 0.01959 0.02017 0.02072 0.02123 0.02168 0.02207 0.02237 0.02260 0.02274 0.02278 0.02273 0.02259 0.02235 0.02203 0.02162 0.02113 0.02058 0.01996 0.01930 0.01859 0.01786 0.01711 0.01636 0.01561 0.01489 0.01419 0.01355 0.01296 0.01245 0.01203 0.01171 0.01151 0.01147 0.01147 0.01164 0.01194 0.01236 0.01288 0.01350 0.01420 0.01498 0.01580 0.01668 0.01759 0.01851 0.01945 0.02039 0.02131 0.02228 0.02305 0.02384 0.02457 0.02521 0.02576 0.02621 0.02654 0.02676 0.02686 0.02683 0.02667 0.02640 0.02601 0.02552 0.02492 0.02425 0.02350 0.02269 0.02184 0.02096 0.02007 0.01918 0.01831 0.01747 0.01668 0.01596 0.01532 0.01477 0.01434 0.01406 0.01388 0.01386 0.01400 0.01429 0.01472 0.01529 0.01598 0.01678 0.01767 0.01865 0.01970 0.02080 0.02193 0.02309 0.02425 0.02540 0.02653 0.02760 0.02861 0.02953 0.03034 0.03104 0.03160 0.03200 0.03225 0.03234 0.03226 0.03201 0.03161 0.03106 0.03038 0.02959 0.02870 0.02772 0.01228 0.01018 0.00970 0.00922 0.00875 0.00832 0.00795 0.00757 0.00729 0.00707 0.00693 0.00686 0.00686 0.00691 0.00701 0.00715 0.00732 0.00750 0.00768 0.00785 0.00801 0.00814 0.00826 0.00834 0.00839 0.00841 0.00839 0.00838 0.00828 0.00818 0.00807 0.00794 0.00780 0.00766 0.00753 0.00741 0.00732 0.00725 0.00721 0.00721 0.00725 0.00736 0.00741 0.00753 0.00768 0.00783 0.00799 0.00814 0.00827 0.00839 0.00849 0.00855 0.00858 0.00865 0.00854 0.00845 0.00833 0.00817 0.00797 0.00774 0.00748 0.00719 0.00689 0.00658 0.00626 0.00596 0.00569 0.00545 0.00528 0.00518 0.00520 0.00527 0.00545 0.00573 0.00608 0.00650 0.00700 0.00745 0.00797 0.00851 0.00904 0.00955 0.01006 0.01053 0.01097 0.01138 0.01174 0.01205 0.01231 0.01251 0.01266 0.01274 0.01277 0.01274 0.01264 0.01250 0.01229 0.01204 0.01174 0.01140 0.01102 0.01062 0.01019 0.00975 0.00930 0.00885 0.00841 0.00799 0.00760 0.00725 0.00695 0.00669 0.00652 0.00641 0.00636 0.00637 0.00644 0.00655 0.00671 0.00688 0.00707 0.00727 0.00746 0.00765 0.00782 0.00796 0.00808 0.00817 0.00823 0.00826 0.00825 0.00821 0.00814 0.00804 0.00792 0.00777 0.00760 0.00737 0.00722 0.00703 0.00684 0.00667 0.00652 0.00639 0.00629 0.00624 0.00619 0.00624 0.00630 0.00639 0.00650 0.00664 0.00680 0.00696 0.00713 0.00728 0.00744 0.00758 0.00770 0.00779 0.00787 0.00791 0.00793 0.00792 0.00788 0.00782 0.00772 0.00760 0.00746 0.00730 0.00713 0.00694 0.00675 0.00655 0.00636 0.00618 0.00602 0.00588 0.00576 0.00568 0.00561 0.00561 0.00563 0.00567 0.00574 0.00583 0.00594 0.00606 0.00617 0.00629 0.00640 0.00650 0.00658 0.00664 0.00668 0.00670 0.00670 0.00666 0.00660 0.00652 0.00642 0.00629 0.00613 0.00596 0.00577 0.00557 0.00536 0.00514 0.00492 0.00470 0.00450 0.00431 0.00414 0.00401 0.00391 0.00384 0.00384 0.00386 0.00392 0.00401 0.00413 0.00431 0.00441 0.00456 0.00471 0.00486 0.00499 0.00512 0.00522 0.00531 0.00538 0.00543 0.00546 0.00548 0.00547 0.00545 0.00542 0.00537 0.00532 0.00526 0.00520 0.00515 0.00510 0.00507 0.00505 0.00506 0.00508 0.00513 0.00520 0.00530 0.00541 0.00555 0.00570 0.00586 0.00602 0.00619 0.00635 0.00651 0.00665 0.00678 0.00690 0.00699 0.00707 0.00712 0.00714 0.00715 0.00712 0.00707 0.00700 0.00690 0.00678 0.00664 0.00647 0.00629 0.00610 0.00590 0.00568 0.00547 0.00526 0.00505 0.00486 0.00468 0.00452 0.00437 0.00429 0.00421 0.00418 0.00418 0.00420 0.00425 0.00432 0.00441 0.00451 0.00461 0.00471 0.00481 0.00490 0.00497 0.00504 0.00508 0.00511 0.00512 0.00511 0.00508 0.00503 0.00496 0.00485 0.00477 0.00466 0.00454 0.00440 0.00427 0.00413 0.00400 0.00388 0.00378 0.00369 0.00364 0.00361 0.00361 0.00364 0.00371 0.00381 0.00393 0.00408 0.00422 0.00441 0.00458 0.00476 0.00494 0.00511 0.00527 0.00542 0.00555 0.00567 0.00578 0.00586 0.00593 0.00598 0.00601 0.00602 0.00602 0.00600 0.00596 0.00591 0.00585 0.00578 0.00570 0.00562 0.00553 0.00544 0.00535 0.00526 0.00518 0.00511 0.00505 0.00500 0.00495 0.00492 0.00489 0.00488 0.00487 0.00486 0.00486 0.00486 0.00486 0.00485 0.00484 0.00483 0.00481 0.00478 0.00474 0.00469 0.00462 0.00455 0.00447 0.00438 0.00428 0.00418 0.00407 0.00395 0.00384 0.00373 0.00362 0.00352 0.00343
axis 2 logf: 0.00816 0.00816 0.00816 0.00816 0.00816 0.00816 0.00816 0.00816 0.00816 0.00816 0.00816 0.00816 0.00816 0.00816 0.00816 0.00816 0.00816 0.00816 0.00816 0.00816 0.00816 0.00816 0.00816 0.00816 0.00816 0.00816 0.00816 0.00816 0.00816 0.00816 0.00816 0.00816 0.00816 0.00816 0.00816 0.00816 0.00816 0.00816 0.00816 0.00816 0.00816 0.00816 0.00816 0.00816 0.00816 0.00816 0.00816 0.00816 0.00816 0.00816 0.00816 0.00816 0.00816 0.00816 0.00816 0.00816 0.00816 0.00816 0.00816 0.00816 0.00816 0.00816 0.00816 0.00816 0.00816 0.00816 0.00816 0.00816 0.00816 0.00816 0.00816 0.00816 0.00816 0.00816 0.00816 0.00816 0.00816 0.00816 0.00816 0.00816 0.00816 0.00816 0.00816 0.00816 0.00816 0.00816 0.00816 0.00816 0.00816 0.00816 0.00816 0.00816 0.00816 0.00816 0.00816 0.00816 0.00816 0.00816 0.00816 0.00816 0.00816 0.00816 0.00816 0.00816 0.00816 0.00816 0.00816 0.00816 0.00816 0.00816 0.00816 0.00816 0.00816 0.00816 0.00816 0.00816 0.00816 0.00816 0.00816 0.00816 0.00816 0.00816 0.00816 0.00816 0.00816 0.00816 0.00816 0.00816 0.00816 0.00816 0.00816 0.00816 0.00816 0.00816 0.00816 0.00816 0.00816 0.00816 0.00816 0.00816 0.00816 0.00816 0.00816 0.00816 0.00816 0.00816 0.00816 0.00816 0.00816 0.00816 0.00816 0.00816 0.00816 0.00816 0.00816 0.00816 0.00816 0.00816 0.00816 0.00816 0.00816 0.00816 0.00816 0.00816 0.00816 0.00816 0.00816 0.00816 0.00816 0.00816 0.00816 0.00816 0.00816 0.00816 0.00816 0.00816 0.00816 0.00816 0.00816 0.00816 0.00816 0.00816 0.00816 0.00816 0.00816 0.00816 0.00816 0.00816 0.00816 0.00816 0.00816 0.00816 0.00816 0.00816 0.00816 0.00816 0.00816 0.00816 0.00816 0.00816 0.00816 0.00816 0.00816 0.00816 0.00816 0.00816 0.00816 0.00816 0.00816 0.00816 0.00816 0.00816 0.00816 0.00816 0.00816 0.00816 0.00816 0.00816 0.00816 0.00816 0.00816 0.00816 0.00816 0.00816 0.00816 0.00816 0.00816 0.00816 0.00816 0.00816 0.00816 0.00816 0.00816 0.00816 0.00816 0.00816 0.00816 0.00816 0.00816 0.00816 0.00816 0.00816 0.00816 0.00816 0.00816 0.00816 0.00816 0.00816 0.00816 0.00816 0.00816 0.00816 0.00816 0.00816 0.00816 0.00816 0.00816 0.00816 0.00816 0.00816 0.00816 0.00816 0.00816 0.00816 0.00816 0.00816 0.00816 0.00816 0.00816 0.00816 0.00816 0.00816 0.00816 0.00816 0.00816 0.00816 0.00816 0.00816 0.00816 0.00816 0.00816 0.00816 0.00816 0.00816 0.00816 0.00816 0.00816 0.00816 0.00816 0.00816 0.00816 0.00816 0.00816 0.00816 0.00816 0.00816 0.00816 0.00816 0.00816 0.00816 0.00816 0.00816 0.00816 0.00816 0.00816 0.00816 0.00816 0.00816 0.00816 0.00816 0.00816 0.00816 0.00816 0.00816 0.00816 0.00816 0.00816 0.00816 0.00816 0.00816 0.00816 0.00816 0.00816 0.00816 0.00816 0.00816 0.00816 0.00816 0.00816 0.00816 0.00816 0.00816 0.00816 0.00816 0.00816 0.00816 0.00816 0.00816 0.00816 0.00816 0.00816 0.00816 0.00816 0.00816 0.00816 0.00816 0.00816 0.00816 0.00816 0.00816 0.00816 0.00816 0.00816 0.00816 0.00816 0.00816 0.00816 0.00816 0.00816 0.00816 0.00816 0.00816 0.00816 0.00816 0.00816 0.00816 0.00816 0.00816 0.00816 0.00816 0.00816 0.00816 0.00816 0.00816 0.00816 0.00816 0.00816 0.00816 0.00816 0.00816 0.00816 0.00816 0.00816 0.00816 0.00816 0.00816 0.00816 0.00816 0.00816 0.00816 0.00816 0.00816 0.00816 0.00816 0.00816 0.00816 0.00816 0.00816 0.00816 0.00816 0.00816 0.00816 0.00816 0.00816 0.00816 0.00816 0.00816 0.00816 0.00816 0.00816 0.00816 0.00816 0.00816 0.00816 0.00816 0.00816 0.00816 0.00816 0.00816 0.00816 0.00816 0.00816 0.00816 0.00816 0.00816 0.00816 0.00816 0.00816 0.00816 0.00816 0.00816 0.00816 0.00816 0.00816 0.00816 0.00816 0.00816 0.00816 0.00816 0.00816 0.00816 0.00816 0.00816 0.00816 0.00816 0.00816 0.00816 0.00816 0.00816 0.00816 0.00816 0.00816 0.00816 0.00816 0.00816 0.00816 0.00816 0.00816 0.00816 0.00816 0.00816 0.00816 0.00816 0.00816 0.00816 0.00816 0.00816 0.00816 0.00816 0.00816 0.00816 0.00816 0.00816 0.00816 0.00816 0.00816 0.00816 0.00816 0.00816 0.00816 0.00816 0.00816 0.00816 0.00816 0.00816 0.00816 0.00816 0.00816 0.00816 0.00816 0.00816 0.00816 0.00816 0.00816 0.00816 0.00816 0.00816 0.00816 0.00816 0.00816
axis 3 spec: 0.00365 0.00368 0.00370 0.00373 0.00376 0.00379 0.00382 0.00385 0.00389 0.00393 0.00397 0.00401 0.00405 0.00409 0.00414 0.00420 0.00423 0.00428 0.00432 0.00437 0.00442 0.00446 0.00451 0.00455 0.00459 0.00464 0.00468 0.00472 0.00476 0.00479 0.00483 0.00486 0.00489 0.00491 0.00494 0.00496 0.00498 0.00499 0.00500 0.00501 0.00502 0.00502 0.00502 0.00502 0.00501 0.00500 0.00498 0.00497 0.00495 0.00492 0.00490 0.00487 0.00483 0.00480 0.00476 0.00472 0.00467 0.00463 0.00458 0.00453 0.00449 0.00443 0.00443 0.00431 0.00426 0.00420 0.00414 0.00409 0.00403 0.00398 0.00393 0.00388 0.00383 0.00378 0.00373 0.00369 0.00365 0.00362 0.00359 0.00356 0.00354 0.00352 0.00350 0.00360 0.00350 0.00350 0.00351 0.00352 0.00354 0.00357 0.00359 0.00363 0.00366 0.00370 0.00375 0.00380 0.00385 0.00390 0.00396 0.00401 0.00407 0.00413 0.00419 0.00425 0.00431 0.00438 0.00444 0.00450 0.00455 0.00461 0.00467 0.00472 0.00477 0.00482 0.00486 0.00491 0.00495 0.00498 0.00502 0.00505 0.00507 0.00510 0.00511 0.00513 0.00514 0.00515 0.00515 0.00515 0.00514 0.00513 0.00512 0.00511 0.00508 0.00506 0.00503 0.00500 0.00497 0.00493 0.00489 0.00485 0.00480 0.00475 0.00470 0.00465 0.00460 0.00454 0.00449 0.00443 0.00437 0.00431 0.00425 0.00421 0.00414 0.00408 0.00403 0.00403 0.00391 0.00386 0.00382 0.00377 0.00373 0.00369 0.00365 0.00362 0.00359 0.00356 0.00354 0.00352 0.00351 0.00350 0.00349 0.00349 0.00349 0.00350 0.00351 0.00352 0.00354 0.00356 0.00358 0.00360 0.00363 0.00366 0.00369 0.00373 0.00376 0.00380 0.00384 0.00388 0.00392 0.00396 0.00400 0.00404 0.00408 0.00412 0.00416 0.00420 0.00424 0.00428 0.00432 0.00435 0.00451 0.00443 0.00446 0.00449 0.00452 0.00455 0.00457 0.00459 0.00462 0.00464 0.00466 0.00467 0.00468 0.00470 0.00471 0.00471 0.00472 0.00472 0.00472 0.00473 0.00471 0.00470 0.00469 0.00468 0.00467 0.00465 0.00464 0.00462 0.00459 0.00457 0.00455 0.00452 0.00449 0.00446 0.00443 0.00440 0.00437 0.00433 0.00430 0.00426 0.00423 0.00420 0.00416 0.00413 0.00410 0.00407 0.00405 0.00402 0.00406 0.00398 0.00396 0.00395 0.00395 0.00394 0.00395 0.00395 0.00397 0.00399 0.00401 0.00404 0.00408 0.00412 0.00417 0.00422 0.00428 0.00434 0.00441 0.00449 0.00456 0.00465 0.00473 0.00482 0.00492 0.00501 0.00511 0.00521 0.00531 0.00541 0.00552 0.00562 0.00572 0.00582 0.00592 0.00602 0.00612 0.00621 0.00632 0.00639 0.00648 0.00656 0.00664 0.00671 0.00678 0.00684 0.00690 0.00695 0.00700 0.00704 0.00707 0.00709 0.00711 0.00712 0.00713 0.00713 0.00712 0.00710 0.00707 0.00704 0.00700 0.00695 0.00689 0.00683 0.00676 0.00668 0.00659 0.00650 0.00652 0.00630 0.00619 0.00607 0.00595 0.00582 0.00569 0.00556 0.00542 0.00528 0.00513 0.00499 0.00484 0.00470 0.00455 0.00441 0.00427 0.00414 0.00402 0.00390 0.00380 0.00370 0.00363 0.00356 0.00352 0.00355 0.00349 0.00350 0.00354 0.00360 0.00369 0.00379 0.00391 0.00405 0.00420 0.00437 0.00455 0.00474 0.00497 0.00514 0.00536 0.00558 0.00580 0.00603 0.00626 0.00649 0.00672 0.00695 0.00717 0.00740 0.00762 0.00784 0.00805 0.00826 0.00846 0.00865 0.00884 0.00902 0.00919 0.00934 0.00949 0.00963 0.00976 0.00987 0.00997 0.01006 0.01014 0.01020 0.01025 0.01028 0.01030 0.01030 0.01029 0.01027 0.01023 0.01018 0.01011 0.01003 0.00993 0.00982 0.00970 0.00957 0.00942 0.00926 0.00909 0.00891 0.00872 0.00853 0.00832 0.00810 0.00788 0.00765 0.00742 0.00718 0.00694 0.00670 0.00645 0.00620 0.00595 0.00571 0.00546 0.00522 0.00499 0.00476 0.00454 0.00434 0.00412 0.00397 0.00381 0.00368 0.00357 0.00349 0.00344 0.00342 0.00343 0.00347 0.00354 0.00366 0.00374 0.00390 0.00407 0.00425 0.00444 0.00464 0.00485 0.00507 0.00529 0.00552 0.00574 0.00597 0.00620 0.00642 0.00664 0.00686 0.00707 0.00728 0.00748 0.00768 0.00786 0.00804 0.00822 0.00838 0.00853 0.00868 0.00881 0.00893 0.00904 0.00915 0.00924 0.00931 0.00938 0.00944 0.00948 0.00951 0.00953 0.00954 0.00954 0.00952 0.00950 0.00946 0.00942 0.00936 0.00929 0.00922 0.00914 0.00904 0.00894 0.00884 0.00872 0.00860 0.00848 0.00835 0.00821 0.00807 0.00791 0.00779 0.00764 0.00749 0.00734 0.00719 0.00704 0.00689 0.03455 0.04995
axis 3 logf: 0.00585 0.00585 0.00585 0.00585 0.00585 0.00585 0.00585 0.00585 0.00585 0.00585 0.00585 0.00585 0.00585 0.00585 0.00585 0.00585 0.00585 0.00585 0.00585 0.00585 0.00585 0.00585 0.00585 0.00585 0.00585 0.00585 0.00585 0.00585 0.00585 0.00585 0.00585 0.00585 0.00585 0.00585 0.00585 0.00585 0.00585 0.00585 0.00585 0.00585 0.00585 0.00585 0.00585 0.00585 0.00585 0.00585 0.00585 0.00585 0.00585 0.00585 0.00585 0.00585 0.00585 0.00585 0.00585 0.00585 0.00585 0.00585 0.00585 0.00585 0.00585 0.00585 0.00585 0.00585 0.00585 0.00585 0.00585 0.00585 0.00585 0.00585 0.00585 0.00585 0.00585 0.00585 0.00585 0.00585 0.00585 0.00585 0.00585 0.00585 0.00585 0.00585 0.00585 0.00585 0.00585 0.00585 0.00585 0.00585 0.00585 0.00585 0.00585 0.00585 0.00585 0.00585 0.00585 0.00585 0.00585 0.00585 0.00585 0.00585 0.00585 0.00585 0.00585 0.00585 0.00585 0.00585 0.00585 0.00585 0.00585 0.00585 0.00585 0.00585 0.00585 0.00585 0.00585 0.00585 0.00585 0.00585 0.00585 0.00585 0.00585 0.00585 0.00585 0.00585 0.00585 0.00585 0.00585 0.00585 0.00585 0.00585 0.00585 0.00585 0.00585 0.00585 0.00585 0.00585 0.00585 0.00585 0.00585 0.00585 0.00585 0.00585 0.00585 0.00585 0.00585 0.00585 0.00585 0.00585 0.00585 0.00585 0.00585 0.00585 0.00585 0.00585 0.00585 0.00585 0.00585 0.00585 0.00585 0.00585 0.00585 0.00585 0.00585 0.00585 0.00585 0.00585 0.00585 0.00585 0.00585 0.00585 0.00585 0.00585 0.00585 0.00585 0.00585 0.00585 0.00585 0.00585 0.00585 0.00585 0.00585 0.00585 0.00585 0.00585 0.00585 0.00585 0.00585 0.00585 0.00585 0.00585 0.00585 0.00585 0.00585 0.00585 0.00585 0.00585 0.00585 0.00585 0.00585 0.00585 0.00585 0.00585 0.00585 0.00585 0.00585 0.00585 0.00585 0.00585 0.00585 0.00585 0.00585 0.00585 0.00585 0.00585 0.00585 0.00585 0.00585 0.00585 0.00585 0.00585 0.00585 0.00585 0.00585 0.00585 0.00585 0.00585 0.00585 0.00585 0.00585 0.00585 0.00585 0.00585 0.00585 0.00585 0.00585 0.00585 0.00585 0.00585 0.00585 0.00585 0.00585 0.00585 0.00585 0.00585 0.00585 0.00585 0.00585 0.00585 0.00585 0.00585 0.00585 0.00585 0.00585 0.00585 0.00585 0.00585 0.00585 0.00585 0.00585 0.00585 0.00585 0.00585 0.00585 0.00585 0.00585 0.00585 0.00585 0.00585 0.00585 0.00585 0.00585 0.00585 0.00585 0.00585 0.00585 0.00585 0.00585 0.00585 0.00585 0.00585 0.00585 0.00585 0.00585 0.00585 0.00585 0.00585 0.00585 0.00585 0.00585 0.00585 0.00585 0.00585 0.00585 0.00585 0.00585 0.00585 0.00585 0.00585 0.00585 0.00585 0.00585 0.00585 0.00585 0.00585 0.00585 0.00585 0.00585 0.00585 0.00585 0.00585 0.00585 0.00585 0.00585 0.00585 0.00585 0.00585 0.00585 0.00585 0.00585 0.00585 0.00585 0.00585 0.00585 0.00585 0.00585 0.00585 0.00585 0.00585 0.00585 0.00585 0.00585 0.00585 0.00585 0.00585 0.00585 0.00585 0.00585 0.00585 0.00585 0.00585 0.00585 0.00585 0.00585 0.00585 0.00585 0.00585 0.00585 0.00585 0.00585 0.00585 0.00585 0.00585 0.00585 0.00585 0.00585 0.00585 0.00585 0.00585 0.00585 0.00585 0.00585 0.00585 0.00585 0.00585 0.00585 0.00585 0.00585 0.00585 0.00585 0.00585 0.00585 0.00585 0.00585 0.00585 0.00585 0.00585 0.00585 0.00585 0.00585 0.00585 0.00585 0.00585 0.00585 0.00585 0.00585 0.00585 0.00585 0.00585 0.00585 0.00585 0.00585 0.00585 0.00585 0.00585 0.00585 0.00585 0.00585 0.00585 0.00585 0.00585 0.00585 0.00585 0.00585 0.00585 0.00585 0.00585 0.00585 0.00585 0.00585 0.00585 0.00585 0.00585 0.00585 0.00585 0.00585 0.00585 0.00585 0.00585 0.00585 0.00585 0.00585 0.00585 0.00585 0.00585 0.00585 0.00585 0.00585 0.00585 0.00585 0.00585 0.00585 0.00585 0.00585 0.00585 0.00585 0.00585 0.00585 0.00585 0.00585 0.00585 0.00585 0.00585 0.00585 0.00585 0.00585 0.00585 0.00585 0.00585 0.00585 0.00585 0.00585 0.00585 0.00585 0.00585 0.00585 0.00585 0.00585 0.00585 0.00585 0.00585 0.00585 0.00585 0.00585 0.00585 0.00585 0.00585 0.00585 0.00585 0.00585 0.00585 0.00585 0.00585 0.00585 0.00585 0.00585 0.00585 0.00585 0.00585 0.00585 0.00585 0.00585 0.00585 0.00585 0.00585 0.00585 0.00585 0.00585 0.00585 0.00585 0.00585 0.00585 0.00585 0.00585 0.00585 0.00585 0.00585 0.00585 0.00585 0.00585 0.00585
