grade — diagonal space, K=4, extent 2.20; 6 bands/octave over 40..20000 Hz, kernel 0.0833 oct, strike 0 listen 0, 1/omega, damping 5.0/s at 0.200 s

pitch normalised: the lowest audible mode of every point is moved to 440 Hz before banding

ring: modes weighed by their energy over the whole decay (the space's own zeta)

variety per unit of travel: mean 1.662, 5th pct 0.444, 95th pct 2.545
spread: 5.74x   (FM 1.83x, Saw 2.03x, Shapes 8.47x in Kyklophoria's table; 1.0 is isotropic)
twins: 9.0% of random pairs within 0.05
axes:  axis 0 2.590  axis 1 1.364  axis 2 0.585  axis 3 1.348
modes skipped as unrenderable (non-positive or above the top band): 0.00 per evaluation over 41604 evaluations

continuity (cont_check): largest step at step/500 and step/2000, ratio ~4 smooth, ~1 cliff
  axis    spec/500   spec/2000   ratio      logf/500   logf/2000   ratio
  0        0.01487     0.00372    4.00       0.03760     0.00940    4.00
  1        0.00330     0.00083    4.00       0.00826     0.00206    4.00
  2        0.00121     0.00030    4.00       0.00083     0.00021    4.00
  3        0.00368     0.00092    4.00       0.00031     0.00008    4.00

where the frequencies move fastest along each axis (log-frequency step per 1/500 of travel, in tenths of the axis):
  axis 0: 0.0376 0.0376 0.0376 0.0376 0.0376 0.0376 0.0376 0.0376 0.0376 0.0376   peak 0.0376
  axis 1: 0.0083 0.0083 0.0083 0.0083 0.0083 0.0083 0.0083 0.0083 0.0083 0.0083   peak 0.0083
  axis 2: 0.0008 0.0008 0.0008 0.0008 0.0008 0.0008 0.0008 0.0008 0.0008 0.0008   peak 0.0008
  axis 3: 0.0003 0.0003 0.0003 0.0003 0.0003 0.0003 0.0003 0.0003 0.0003 0.0003   peak 0.0003

veering map — second difference of each aligned slot's log frequency along each sweep, in cents.
a smooth trajectory is under 100; a slot that trades places with its neighbour is hundreds.
listed: every (family, parameter, slot) over 300 cents, and each family's worst.
  bar: (0.927, slot 2: 1133) (0.927, slot 4: 1136)
    2 over 300 cents; worst 1136 cents at parameter 0.927, slot 4
  plate: (1.182, slot 0: 2812) (1.182, slot 1: 598) (1.182, slot 4: 1388) (1.182, slot 5: 1050) (1.182, slot 6: 1406) (1.182, slot 7: 1528) (1.182, slot 9: 1014) (1.182, slot 11: 1956) (1.182, slot 15: 1027) (1.182, slot 16: 2013) (1.182, slot 18: 2636) (1.182, slot 19: 579) (1.182, slot 20: 4300) (1.182, slot 21: 1115) (1.182, slot 23: 1815) (1.182, slot 24: 1362) (1.182, slot 26: 3187) (1.364, slot 1: 328) (1.364, slot 6: 1564) (1.364, slot 9: 1986) (1.364, slot 12: 563) (1.364, slot 15: 949) (1.364, slot 17: 329) (1.364, slot 21: 1705) (1.364, slot 23: 1316) (1.364, slot 24: 1131) (1.546, slot 1: 618) (1.546, slot 9: 1727) (1.546, slot 21: 744) (1.727, slot 1: 347) (1.727, slot 18: 446) (1.909, slot 1: 765) (1.909, slot 9: 1464) (1.909, slot 12: 1483) (1.909, slot 18: 867) (2.091, slot 9: 1479) (2.091, slot 12: 1399) (2.091, slot 18: 332) (2.273, slot 12: 1145) (2.273, slot 20: 1766) (2.454, slot 12: 1143) (2.454, slot 20: 1756)
    42 over 300 cents; worst 4300 cents at parameter 1.182, slot 20
  bell: (0.218, slot 35: 448) (0.436, slot 32: 727) (0.545, slot 32: 643) (0.545, slot 36: 309) (0.655, slot 22: 781) (0.655, slot 33: 756) (0.764, slot 22: 759) (0.764, slot 30: 347) (0.764, slot 33: 782) (1.091, slot 29: 661)
    10 over 300 cents; worst 782 cents at parameter 0.764, slot 33
  tine: (0.068, slot 4: 451)
    1 over 300 cents; worst 451 cents at parameter 0.068, slot 4
  banjo: (48.000, slot 6: 359) (49.000, slot 8: 347) (51.000, slot 7: 307) (51.000, slot 7: 399) (53.000, slot 6: 383) (59.000, slot 6: 332) (69.000, slot 0: 317)
    7 over 300 cents; worst 399 cents at parameter 51.000, slot 7
  ep: (48.000, slot 6: 305) (51.000, slot 3: 348) (64.000, slot 5: 335) (65.000, slot 7: 314) (68.000, slot 6: 397) (68.000, slot 6: 307) (72.000, slot 3: 345) (72.000, slot 3: 328) (73.000, slot 3: 310) (89.000, slot 0: 337) (90.000, slot 0: 383) (93.000, slot 1: 333)
    12 over 300 cents; worst 397 cents at parameter 68.000, slot 6
  guitar: (64.000, slot 0: 330) (65.000, slot 0: 386) (71.000, slot 0: 308) (71.000, slot 6: 304) (71.000, slot 7: 305) (71.000, slot 8: 300) (71.000, slot 14: 300) (71.000, slot 17: 300) (71.000, slot 19: 300) (71.000, slot 21: 300) (71.000, slot 23: 300) (71.000, slot 25: 300) (71.000, slot 29: 300) (71.000, slot 35: 300) (71.000, slot 36: 300) (71.000, slot 39: 300) (71.000, slot 40: 300) (71.000, slot 43: 300) (71.000, slot 44: 300) (71.000, slot 47: 300) (74.000, slot 6: 337) (74.000, slot 7: 311) (74.000, slot 8: 300) (74.000, slot 9: 303) (74.000, slot 10: 308) (74.000, slot 14: 300) (74.000, slot 17: 300) (74.000, slot 19: 300) (74.000, slot 21: 300) (74.000, slot 23: 300) (74.000, slot 25: 300) (74.000, slot 29: 300) (74.000, slot 35: 300) (74.000, slot 36: 300) (74.000, slot 39: 300) (74.000, slot 40: 300) (74.000, slot 43: 300) (74.000, slot 44: 300) (74.000, slot 47: 300) (76.000, slot 6: 305) (76.000, slot 7: 319) (76.000, slot 8: 315) (76.000, slot 13: 300) (76.000, slot 17: 300) (76.000, slot 18: 300) (76.000, slot 20: 300) (76.000, slot 22: 300) (76.000, slot 24: 300) (76.000, slot 27: 300) (76.000, slot 30: 300) (76.000, slot 32: 300) (76.000, slot 35: 300) (76.000, slot 37: 300) (76.000, slot 38: 300) (76.000, slot 40: 300) (76.000, slot 41: 300) (76.000, slot 42: 300) (76.000, slot 44: 300) (76.000, slot 45: 300) (80.000, slot 11: 300) (80.000, slot 13: 300) (80.000, slot 14: 300) (80.000, slot 15: 300) (80.000, slot 16: 300) (80.000, slot 17: 300) (80.000, slot 18: 300) (80.000, slot 19: 300) (80.000, slot 20: 300) (80.000, slot 22: 300) (80.000, slot 23: 300) (80.000, slot 24: 300) (80.000, slot 26: 300) (80.000, slot 27: 300) (80.000, slot 28: 300) (80.000, slot 29: 300) (80.000, slot 30: 300) (80.000, slot 31: 300) (80.000, slot 32: 300) (80.000, slot 33: 300) (80.000, slot 35: 300) (80.000, slot 36: 300) (80.000, slot 37: 300) (80.000, slot 38: 300) (80.000, slot 39: 300) (80.000, slot 40: 300) (80.000, slot 41: 300) (80.000, slot 42: 300) (80.000, slot 44: 300) (80.000, slot 45: 300) (80.000, slot 46: 300) (80.000, slot 47: 300)
    91 over 300 cents; worst 386 cents at parameter 65.000, slot 0
  mandolin:
    0 over 300 cents; worst 226 cents at parameter 64.000, slot 5
  wurli: (48.000, slot 15: 319)
    1 over 300 cents; worst 319 cents at parameter 48.000, slot 15

profiles: per axis, 500 steps, spectrum step then log-frequency step
axis 0 spec: 0.00309 0.00312 0.00314 0.00316 0.00319 0.00321 0.00323 0.00326 0.00328 0.00331 0.00333 0.00335 0.00338 0.00340 0.00343 0.00346 0.00348 0.00351 0.00353 0.00356 0.00358 0.00361 0.00364 0.00366 0.00369 0.00372 0.00374 0.00377 0.00380 0.00382 0.00385 0.00388 0.00390 0.00393 0.00396 0.00398 0.00401 0.00404 0.00406 0.00409 0.00412 0.00414 0.00417 0.00420 0.00422 0.00425 0.00428 0.00430 0.00433 0.00435 0.00438 0.00441 0.00443 0.00446 0.00448 0.00451 0.00453 0.00456 0.00458 0.00460 0.00463 0.00465 0.00467 0.00470 0.00472 0.00474 0.00477 0.00479 0.00481 0.00483 0.00485 0.00487 0.00489 0.00491 0.00493 0.00495 0.00497 0.00499 0.00501 0.00502 0.00504 0.00506 0.00508 0.00509 0.00511 0.00512 0.00514 0.00515 0.00516 0.00518 0.00519 0.00520 0.00521 0.00522 0.00524 0.00525 0.00525 0.00526 0.00527 0.00528 0.00529 0.00529 0.00530 0.00531 0.00531 0.00532 0.00532 0.00532 0.00533 0.00533 0.00533 0.00533 0.00533 0.00533 0.00533 0.00533 0.00533 0.00533 0.00533 0.00532 0.00532 0.00532 0.00531 0.00531 0.00530 0.00530 0.00529 0.00528 0.00528 0.00527 0.00526 0.00525 0.00524 0.00523 0.00522 0.00521 0.00520 0.00519 0.00518 0.00517 0.00516 0.00515 0.00514 0.00513 0.00511 0.00510 0.00509 0.00508 0.00507 0.00506 0.00504 0.00503 0.00502 0.00501 0.00500 0.00499 0.00498 0.00497 0.00496 0.00495 0.00494 0.00494 0.00493 0.00492 0.00492 0.00491 0.00491 0.00491 0.00491 0.00491 0.00491 0.00492 0.00492 0.00493 0.00494 0.00495 0.00496 0.00497 0.00499 0.00501 0.00503 0.00506 0.00508 0.00511 0.00515 0.00518 0.00522 0.00526 0.00531 0.00536 0.00541 0.00547 0.00553 0.00559 0.00566 0.00573 0.00581 0.00589 0.00598 0.00607 0.00616 0.00626 0.00636 0.00647 0.00658 0.00670 0.00682 0.00695 0.00708 0.00722 0.00736 0.00750 0.00765 0.00780 0.00796 0.00813 0.00829 0.00846 0.00864 0.00882 0.00900 0.00918 0.00937 0.00956 0.00976 0.00995 0.01015 0.01035 0.01055 0.01076 0.01096 0.01116 0.01137 0.01157 0.01177 0.01197 0.01217 0.01237 0.01256 0.01275 0.01293 0.01311 0.01328 0.01345 0.01361 0.01377 0.01391 0.01405 0.01418 0.01430 0.01440 0.01450 0.01459 0.01466 0.01473 0.01478 0.01482 0.01485 0.01486 0.01487 0.01486 0.01483 0.01480 0.01475 0.01469 0.01462 0.01453 0.01444 0.01433 0.01422 0.01409 0.01395 0.01381 0.01365 0.01349 0.01332 0.01314 0.01296 0.01277 0.01258 0.01238 0.01217 0.01197 0.01176 0.01154 0.01133 0.01111 0.01090 0.01068 0.01046 0.01024 0.01002 0.00981 0.00959 0.00938 0.00916 0.00895 0.00874 0.00854 0.00833 0.00813 0.00793 0.00774 0.00755 0.00736 0.00717 0.00699 0.00681 0.00663 0.00646 0.00629 0.00613 0.00596 0.00581 0.00565 0.00550 0.00535 0.00521 0.00507 0.00493 0.00479 0.00466 0.00453 0.00441 0.00429 0.00417 0.00405 0.00394 0.00383 0.00372 0.00362 0.00352 0.00342 0.00332 0.00323 0.00314 0.00305 0.00296 0.00288 0.00280 0.00272 0.00264 0.00257 0.00249 0.00242 0.00235 0.00229 0.00222 0.00216 0.00210 0.00204 0.00198 0.00192 0.00187 0.00181 0.00176 0.00171 0.00166 0.00161 0.00157 0.00152 0.00148 0.00144 0.00140 0.00136 0.00132 0.00128 0.00124 0.00121 0.00117 0.00114 0.00111 0.00107 0.00104 0.00101 0.00098 0.00096 0.00093 0.00090 0.00088 0.00085 0.00083 0.00080 0.00078 0.00076 0.00074 0.00071 0.00069 0.00067 0.00065 0.00064 0.00062 0.00060 0.00058 0.00057 0.00055 0.00053 0.00052 0.00050 0.00049 0.00048 0.00046 0.00045 0.00044 0.00042 0.00041 0.00040 0.00039 0.00038 0.00037 0.00035 0.00034 0.00033 0.00033 0.00032 0.00031 0.00030 0.00029 0.00028 0.00027 0.00027 0.00026 0.00025 0.00024 0.00024 0.00023 0.00022 0.00022 0.00021 0.00020 0.00020 0.00019 0.00019 0.00018 0.00018 0.00017 0.00017 0.00016 0.00016 0.00015 0.00015 0.00014 0.00014 0.00014 0.00013 0.00013 0.00012 0.00012 0.00012 0.00011 0.00011 0.00011 0.00010 0.00010 0.00010 0.00010 0.00009 0.00009 0.00009 0.00009 0.00008 0.00008 0.00008 0.00008 0.00007 0.00007 0.00007 0.00007 0.00007 0.00006 0.00006 0.00006 0.00006 0.00006 0.00005 0.00005 0.00005 0.00005 0.00005 0.00005 0.00005 0.00004 0.00004 0.00004 0.00004 0.00004 0.00004 0.00004 0.00004 0.00004 0.00003 0.00003 0.00003 0.00003 0.00003 0.00003 0.00003 0.00003 0.00003 0.00003
axis 0 logf: 0.03760 0.03760 0.03760 0.03760 0.03760 0.03760 0.03760 0.03760 0.03760 0.03760 0.03760 0.03760 0.03760 0.03760 0.03760 0.03760 0.03760 0.03760 0.03760 0.03760 0.03760 0.03760 0.03760 0.03760 0.03760 0.03760 0.03760 0.03760 0.03760 0.03760 0.03760 0.03760 0.03760 0.03760 0.03760 0.03760 0.03760 0.03760 0.03760 0.03760 0.03760 0.03760 0.03760 0.03760 0.03760 0.03760 0.03760 0.03760 0.03760 0.03760 0.03760 0.03760 0.03760 0.03760 0.03760 0.03760 0.03760 0.03760 0.03760 0.03760 0.03760 0.03760 0.03760 0.03760 0.03760 0.03760 0.03760 0.03760 0.03760 0.03760 0.03760 0.03760 0.03760 0.03760 0.03760 0.03760 0.03760 0.03760 0.03760 0.03760 0.03760 0.03760 0.03760 0.03760 0.03760 0.03760 0.03760 0.03760 0.03760 0.03760 0.03760 0.03760 0.03760 0.03760 0.03760 0.03760 0.03760 0.03760 0.03760 0.03760 0.03760 0.03760 0.03760 0.03760 0.03760 0.03760 0.03760 0.03760 0.03760 0.03760 0.03760 0.03760 0.03760 0.03760 0.03760 0.03760 0.03760 0.03760 0.03760 0.03760 0.03760 0.03760 0.03760 0.03760 0.03760 0.03760 0.03760 0.03760 0.03760 0.03760 0.03760 0.03760 0.03760 0.03760 0.03760 0.03760 0.03760 0.03760 0.03760 0.03760 0.03760 0.03760 0.03760 0.03760 0.03760 0.03760 0.03760 0.03760 0.03760 0.03760 0.03760 0.03760 0.03760 0.03760 0.03760 0.03760 0.03760 0.03760 0.03760 0.03760 0.03760 0.03760 0.03760 0.03760 0.03760 0.03760 0.03760 0.03760 0.03760 0.03760 0.03760 0.03760 0.03760 0.03760 0.03760 0.03760 0.03760 0.03760 0.03760 0.03760 0.03760 0.03760 0.03760 0.03760 0.03760 0.03760 0.03760 0.03760 0.03760 0.03760 0.03760 0.03760 0.03760 0.03760 0.03760 0.03760 0.03760 0.03760 0.03760 0.03760 0.03760 0.03760 0.03760 0.03760 0.03760 0.03760 0.03760 0.03760 0.03760 0.03760 0.03760 0.03760 0.03760 0.03760 0.03760 0.03760 0.03760 0.03760 0.03760 0.03760 0.03760 0.03760 0.03760 0.03760 0.03760 0.03760 0.03760 0.03760 0.03760 0.03760 0.03760 0.03760 0.03760 0.03760 0.03760 0.03760 0.03760 0.03760 0.03760 0.03760 0.03760 0.03760 0.03760 0.03760 0.03760 0.03760 0.03760 0.03760 0.03760 0.03760 0.03760 0.03760 0.03760 0.03760 0.03760 0.03760 0.03760 0.03760 0.03760 0.03760 0.03760 0.03760 0.03760 0.03760 0.03760 0.03760 0.03760 0.03760 0.03760 0.03760 0.03760 0.03760 0.03760 0.03760 0.03760 0.03760 0.03760 0.03760 0.03760 0.03760 0.03760 0.03760 0.03760 0.03760 0.03760 0.03760 0.03760 0.03760 0.03760 0.03760 0.03760 0.03760 0.03760 0.03760 0.03760 0.03760 0.03760 0.03760 0.03760 0.03760 0.03760 0.03760 0.03760 0.03760 0.03760 0.03760 0.03760 0.03760 0.03760 0.03760 0.03760 0.03760 0.03760 0.03760 0.03760 0.03760 0.03760 0.03760 0.03760 0.03760 0.03760 0.03760 0.03760 0.03760 0.03760 0.03760 0.03760 0.03760 0.03760 0.03760 0.03760 0.03760 0.03760 0.03760 0.03760 0.03760 0.03760 0.03760 0.03760 0.03760 0.03760 0.03760 0.03760 0.03760 0.03760 0.03760 0.03760 0.03760 0.03760 0.03760 0.03760 0.03760 0.03760 0.03760 0.03760 0.03760 0.03760 0.03760 0.03760 0.03760 0.03760 0.03760 0.03760 0.03760 0.03760 0.03760 0.03760 0.03760 0.03760 0.03760 0.03760 0.03760 0.03760 0.03760 0.03760 0.03760 0.03760 0.03760 0.03760 0.03760 0.03760 0.03760 0.03760 0.03760 0.03760 0.03760 0.03760 0.03760 0.03760 0.03760 0.03760 0.03760 0.03760 0.03760 0.03760 0.03760 0.03760 0.03760 0.03760 0.03760 0.03760 0.03760 0.03760 0.03760 0.03760 0.03760 0.03760 0.03760 0.03760 0.03760 0.03760 0.03760 0.03760 0.03760 0.03760 0.03760 0.03760 0.03760 0.03760 0.03760 0.03760 0.03760 0.03760 0.03760 0.03760 0.03760 0.03760 0.03760 0.03760 0.03760 0.03760 0.03760 0.03760 0.03760 0.03760 0.03760 0.03760 0.03760 0.03760 0.03760 0.03760 0.03760 0.03760 0.03760 0.03760 0.03760 0.03760 0.03760 0.03760 0.03760 0.03760 0.03760 0.03760 0.03760 0.03760 0.03760 0.03760 0.03760 0.03760 0.03760 0.03760 0.03760 0.03760 0.03760 0.03760 0.03760 0.03760 0.03760 0.03760 0.03760 0.03760 0.03760 0.03760 0.03760 0.03760 0.03760 0.03760 0.03760 0.03760 0.03760 0.03760 0.03760 0.03760 0.03760 0.03760 0.03760 0.03760 0.03760 0.03760 0.03760 0.03760 0.03760 0.03760 0.03760 0.03760 0.03760 0.03760 0.03760 0.03760 0.03760
axis 1 spec: 0.00221 0.00220 0.00220 0.00219 0.00219 0.00218 0.00218 0.00217 0.00217 0.00216 0.00216 0.00215 0.00215 0.00214 0.00214 0.00213 0.00213 0.00213 0.00212 0.00212 0.00212 0.00211 0.00211 0.00210 0.00210 0.00210 0.00209 0.00209 0.00209 0.00209 0.00208 0.00208 0.00208 0.00208 0.00207 0.00207 0.00207 0.00207 0.00206 0.00206 0.00206 0.00206 0.00206 0.00206 0.00205 0.00205 0.00205 0.00205 0.00205 0.00205 0.00205 0.00205 0.00205 0.00205 0.00205 0.00205 0.00205 0.00205 0.00205 0.00205 0.00205 0.00205 0.00205 0.00205 0.00205 0.00205 0.00205 0.00205 0.00205 0.00205 0.00205 0.00206 0.00206 0.00206 0.00206 0.00206 0.00206 0.00207 0.00207 0.00207 0.00207 0.00207 0.00208 0.00208 0.00208 0.00209 0.00209 0.00209 0.00209 0.00210 0.00210 0.00210 0.00211 0.00211 0.00212 0.00212 0.00212 0.00213 0.00213 0.00214 0.00214 0.00214 0.00215 0.00215 0.00216 0.00216 0.00217 0.00217 0.00218 0.00218 0.00219 0.00219 0.00220 0.00220 0.00221 0.00221 0.00222 0.00222 0.00223 0.00224 0.00224 0.00225 0.00225 0.00226 0.00227 0.00227 0.00228 0.00229 0.00229 0.00230 0.00230 0.00231 0.00232 0.00233 0.00233 0.00234 0.00235 0.00235 0.00236 0.00237 0.00237 0.00238 0.00239 0.00240 0.00240 0.00241 0.00242 0.00243 0.00243 0.00244 0.00245 0.00246 0.00246 0.00247 0.00248 0.00249 0.00250 0.00250 0.00251 0.00252 0.00253 0.00254 0.00254 0.00255 0.00256 0.00257 0.00258 0.00258 0.00259 0.00260 0.00261 0.00262 0.00263 0.00263 0.00264 0.00265 0.00266 0.00267 0.00268 0.00268 0.00269 0.00270 0.00271 0.00272 0.00273 0.00273 0.00274 0.00275 0.00276 0.00277 0.00278 0.00278 0.00279 0.00280 0.00281 0.00282 0.00283 0.00283 0.00284 0.00285 0.00286 0.00287 0.00288 0.00288 0.00289 0.00290 0.00291 0.00291 0.00292 0.00293 0.00294 0.00295 0.00295 0.00296 0.00297 0.00298 0.00298 0.00299 0.00300 0.00301 0.00301 0.00302 0.00303 0.00303 0.00304 0.00305 0.00306 0.00306 0.00307 0.00308 0.00308 0.00309 0.00310 0.00310 0.00311 0.00311 0.00312 0.00313 0.00313 0.00314 0.00314 0.00315 0.00316 0.00316 0.00317 0.00317 0.00318 0.00318 0.00319 0.00319 0.00320 0.00320 0.00321 0.00321 0.00322 0.00322 0.00322 0.00323 0.00323 0.00324 0.00324 0.00324 0.00325 0.00325 0.00326 0.00326 0.00326 0.00326 0.00327 0.00327 0.00327 0.00328 0.00328 0.00328 0.00328 0.00328 0.00329 0.00329 0.00329 0.00329 0.00329 0.00329 0.00330 0.00330 0.00330 0.00330 0.00330 0.00330 0.00330 0.00330 0.00330 0.00330 0.00330 0.00330 0.00330 0.00330 0.00330 0.00330 0.00330 0.00330 0.00329 0.00329 0.00329 0.00329 0.00329 0.00329 0.00329 0.00328 0.00328 0.00328 0.00328 0.00327 0.00327 0.00327 0.00327 0.00326 0.00326 0.00326 0.00325 0.00325 0.00325 0.00324 0.00324 0.00323 0.00323 0.00322 0.00322 0.00322 0.00321 0.00321 0.00320 0.00320 0.00319 0.00319 0.00318 0.00318 0.00317 0.00316 0.00316 0.00315 0.00315 0.00314 0.00313 0.00313 0.00312 0.00312 0.00311 0.00310 0.00310 0.00309 0.00308 0.00307 0.00307 0.00306 0.00305 0.00304 0.00304 0.00303 0.00302 0.00301 0.00301 0.00300 0.00299 0.00298 0.00297 0.00297 0.00296 0.00295 0.00294 0.00293 0.00292 0.00291 0.00291 0.00290 0.00289 0.00288 0.00287 0.00286 0.00285 0.00284 0.00283 0.00282 0.00281 0.00280 0.00280 0.00279 0.00278 0.00277 0.00276 0.00275 0.00274 0.00273 0.00272 0.00271 0.00270 0.00269 0.00268 0.00267 0.00266 0.00265 0.00264 0.00263 0.00262 0.00261 0.00260 0.00259 0.00258 0.00257 0.00256 0.00254 0.00253 0.00252 0.00251 0.00250 0.00249 0.00248 0.00247 0.00246 0.00245 0.00244 0.00243 0.00242 0.00241 0.00240 0.00239 0.00238 0.00237 0.00236 0.00234 0.00233 0.00232 0.00231 0.00230 0.00229 0.00228 0.00227 0.00226 0.00225 0.00224 0.00223 0.00222 0.00221 0.00220 0.00219 0.00218 0.00217 0.00215 0.00214 0.00213 0.00212 0.00211 0.00210 0.00209 0.00208 0.00207 0.00206 0.00205 0.00204 0.00203 0.00202 0.00201 0.00200 0.00199 0.00198 0.00197 0.00196 0.00195 0.00194 0.00193 0.00192 0.00191 0.00190 0.00189 0.00188 0.00187 0.00186 0.00185 0.00184 0.00183 0.00182 0.00181 0.00180 0.00179 0.00178 0.00177 0.00176 0.00175 0.00174 0.00173 0.00172 0.00171 0.00171 0.00170 0.00169 0.00168 0.00167 0.00166 0.00165 0.00164 0.00163
axis 1 logf: 0.00826 0.00826 0.00826 0.00826 0.00826 0.00826 0.00826 0.00826 0.00826 0.00826 0.00826 0.00826 0.00826 0.00826 0.00826 0.00826 0.00826 0.00826 0.00826 0.00826 0.00826 0.00826 0.00826 0.00826 0.00826 0.00826 0.00826 0.00826 0.00826 0.00826 0.00826 0.00826 0.00826 0.00826 0.00826 0.00826 0.00826 0.00826 0.00826 0.00826 0.00826 0.00826 0.00826 0.00826 0.00826 0.00826 0.00826 0.00826 0.00826 0.00826 0.00826 0.00826 0.00826 0.00826 0.00826 0.00826 0.00826 0.00826 0.00826 0.00826 0.00826 0.00826 0.00826 0.00826 0.00826 0.00826 0.00826 0.00826 0.00826 0.00826 0.00826 0.00826 0.00826 0.00826 0.00826 0.00826 0.00826 0.00826 0.00826 0.00826 0.00826 0.00826 0.00826 0.00826 0.00826 0.00826 0.00826 0.00826 0.00826 0.00826 0.00826 0.00826 0.00826 0.00826 0.00826 0.00826 0.00826 0.00826 0.00826 0.00826 0.00826 0.00826 0.00826 0.00826 0.00826 0.00826 0.00826 0.00826 0.00826 0.00826 0.00826 0.00826 0.00826 0.00826 0.00826 0.00826 0.00826 0.00826 0.00826 0.00826 0.00826 0.00826 0.00826 0.00826 0.00826 0.00826 0.00826 0.00826 0.00826 0.00826 0.00826 0.00826 0.00826 0.00826 0.00826 0.00826 0.00826 0.00826 0.00826 0.00826 0.00826 0.00826 0.00826 0.00826 0.00826 0.00826 0.00826 0.00826 0.00826 0.00826 0.00826 0.00826 0.00826 0.00826 0.00826 0.00826 0.00826 0.00826 0.00826 0.00826 0.00826 0.00826 0.00826 0.00826 0.00826 0.00826 0.00826 0.00826 0.00826 0.00826 0.00826 0.00826 0.00826 0.00826 0.00826 0.00826 0.00826 0.00826 0.00826 0.00826 0.00826 0.00826 0.00826 0.00826 0.00826 0.00826 0.00826 0.00826 0.00826 0.00826 0.00826 0.00826 0.00826 0.00826 0.00826 0.00826 0.00826 0.00826 0.00826 0.00826 0.00826 0.00826 0.00826 0.00826 0.00826 0.00826 0.00826 0.00826 0.00826 0.00826 0.00826 0.00826 0.00826 0.00826 0.00826 0.00826 0.00826 0.00826 0.00826 0.00826 0.00826 0.00826 0.00826 0.00826 0.00826 0.00826 0.00826 0.00826 0.00826 0.00826 0.00826 0.00826 0.00826 0.00826 0.00826 0.00826 0.00826 0.00826 0.00826 0.00826 0.00826 0.00826 0.00826 0.00826 0.00826 0.00826 0.00826 0.00826 0.00826 0.00826 0.00826 0.00826 0.00826 0.00826 0.00826 0.00826 0.00826 0.00826 0.00826 0.00826 0.00826 0.00826 0.00826 0.00826 0.00826 0.00826 0.00826 0.00826 0.00826 0.00826 0.00826 0.00826 0.00826 0.00826 0.00826 0.00826 0.00826 0.00826 0.00826 0.00826 0.00826 0.00826 0.00826 0.00826 0.00826 0.00826 0.00826 0.00826 0.00826 0.00826 0.00826 0.00826 0.00826 0.00826 0.00826 0.00826 0.00826 0.00826 0.00826 0.00826 0.00826 0.00826 0.00826 0.00826 0.00826 0.00826 0.00826 0.00826 0.00826 0.00826 0.00826 0.00826 0.00826 0.00826 0.00826 0.00826 0.00826 0.00826 0.00826 0.00826 0.00826 0.00826 0.00826 0.00826 0.00826 0.00826 0.00826 0.00826 0.00826 0.00826 0.00826 0.00826 0.00826 0.00826 0.00826 0.00826 0.00826 0.00826 0.00826 0.00826 0.00826 0.00826 0.00826 0.00826 0.00826 0.00826 0.00826 0.00826 0.00826 0.00826 0.00826 0.00826 0.00826 0.00826 0.00826 0.00826 0.00826 0.00826 0.00826 0.00826 0.00826 0.00826 0.00826 0.00826 0.00826 0.00826 0.00826 0.00826 0.00826 0.00826 0.00826 0.00826 0.00826 0.00826 0.00826 0.00826 0.00826 0.00826 0.00826 0.00826 0.00826 0.00826 0.00826 0.00826 0.00826 0.00826 0.00826 0.00826 0.00826 0.00826 0.00826 0.00826 0.00826 0.00826 0.00826 0.00826 0.00826 0.00826 0.00826 0.00826 0.00826 0.00826 0.00826 0.00826 0.00826 0.00826 0.00826 0.00826 0.00826 0.00826 0.00826 0.00826 0.00826 0.00826 0.00826 0.00826 0.00826 0.00826 0.00826 0.00826 0.00826 0.00826 0.00826 0.00826 0.00826 0.00826 0.00826 0.00826 0.00826 0.00826 0.00826 0.00826 0.00826 0.00826 0.00826 0.00826 0.00826 0.00826 0.00826 0.00826 0.00826 0.00826 0.00826 0.00826 0.00826 0.00826 0.00826 0.00826 0.00826 0.00826 0.00826 0.00826 0.00826 0.00826 0.00826 0.00826 0.00826 0.00826 0.00826 0.00826 0.00826 0.00826 0.00826 0.00826 0.00826 0.00826 0.00826 0.00826 0.00826 0.00826 0.00826 0.00826 0.00826 0.00826 0.00826 0.00826 0.00826 0.00826 0.00826 0.00826 0.00826 0.00826 0.00826 0.00826 0.00826 0.00826 0.00826 0.00826 0.00826 0.00826 0.00826 0.00826 0.00826 0.00826 0.00826 0.00826 0.00826 0.00826 0.00826 0.00826
axis 2 spec: 0.00115 0.00115 0.00115 0.00115 0.00115 0.00115 0.00115 0.00115 0.00115 0.00115 0.00115 0.00115 0.00116 0.00116 0.00116 0.00116 0.00116 0.00116 0.00116 0.00116 0.00116 0.00116 0.00116 0.00116 0.00116 0.00116 0.00117 0.00117 0.00117 0.00117 0.00117 0.00117 0.00117 0.00117 0.00117 0.00117 0.00117 0.00117 0.00117 0.00117 0.00117 0.00117 0.00118 0.00118 0.00118 0.00118 0.00118 0.00118 0.00118 0.00118 0.00118 0.00118 0.00118 0.00118 0.00118 0.00118 0.00118 0.00118 0.00118 0.00118 0.00118 0.00119 0.00119 0.00119 0.00119 0.00119 0.00119 0.00119 0.00119 0.00119 0.00119 0.00119 0.00119 0.00119 0.00119 0.00119 0.00119 0.00119 0.00119 0.00119 0.00119 0.00119 0.00119 0.00119 0.00120 0.00120 0.00120 0.00120 0.00120 0.00120 0.00120 0.00120 0.00120 0.00120 0.00120 0.00120 0.00120 0.00120 0.00120 0.00120 0.00120 0.00120 0.00120 0.00120 0.00120 0.00120 0.00120 0.00120 0.00120 0.00120 0.00120 0.00120 0.00120 0.00120 0.00120 0.00120 0.00120 0.00120 0.00120 0.00120 0.00120 0.00120 0.00121 0.00121 0.00121 0.00121 0.00121 0.00121 0.00121 0.00121 0.00121 0.00121 0.00121 0.00121 0.00121 0.00121 0.00121 0.00121 0.00121 0.00121 0.00121 0.00121 0.00121 0.00121 0.00121 0.00121 0.00121 0.00121 0.00121 0.00121 0.00121 0.00121 0.00121 0.00121 0.00121 0.00121 0.00121 0.00121 0.00121 0.00121 0.00121 0.00121 0.00121 0.00121 0.00121 0.00121 0.00121 0.00121 0.00120 0.00120 0.00120 0.00120 0.00120 0.00120 0.00120 0.00120 0.00120 0.00120 0.00120 0.00120 0.00120 0.00120 0.00120 0.00120 0.00120 0.00120 0.00120 0.00120 0.00120 0.00120 0.00120 0.00120 0.00120 0.00120 0.00120 0.00120 0.00120 0.00120 0.00120 0.00120 0.00120 0.00120 0.00120 0.00120 0.00120 0.00120 0.00119 0.00119 0.00119 0.00119 0.00119 0.00119 0.00119 0.00119 0.00119 0.00119 0.00119 0.00119 0.00119 0.00119 0.00119 0.00119 0.00119 0.00119 0.00119 0.00119 0.00119 0.00119 0.00118 0.00118 0.00118 0.00118 0.00118 0.00118 0.00118 0.00118 0.00118 0.00118 0.00118 0.00118 0.00118 0.00118 0.00118 0.00118 0.00118 0.00117 0.00117 0.00117 0.00117 0.00117 0.00117 0.00117 0.00117 0.00117 0.00117 0.00117 0.00117 0.00117 0.00117 0.00117 0.00116 0.00116 0.00116 0.00116 0.00116 0.00116 0.00116 0.00116 0.00116 0.00116 0.00116 0.00116 0.00116 0.00115 0.00115 0.00115 0.00115 0.00115 0.00115 0.00115 0.00115 0.00115 0.00115 0.00115 0.00115 0.00115 0.00114 0.00114 0.00114 0.00114 0.00114 0.00114 0.00114 0.00114 0.00114 0.00114 0.00114 0.00113 0.00113 0.00113 0.00113 0.00113 0.00113 0.00113 0.00113 0.00113 0.00113 0.00113 0.00112 0.00112 0.00112 0.00112 0.00112 0.00112 0.00112 0.00112 0.00112 0.00112 0.00111 0.00111 0.00111 0.00111 0.00111 0.00111 0.00111 0.00111 0.00111 0.00111 0.00110 0.00110 0.00110 0.00110 0.00110 0.00110 0.00110 0.00110 0.00110 0.00109 0.00109 0.00109 0.00109 0.00109 0.00109 0.00109 0.00109 0.00109 0.00108 0.00108 0.00108 0.00108 0.00108 0.00108 0.00108 0.00108 0.00108 0.00107 0.00107 0.00107 0.00107 0.00107 0.00107 0.00107 0.00107 0.00107 0.00106 0.00106 0.00106 0.00106 0.00106 0.00106 0.00106 0.00106 0.00105 0.00105 0.00105 0.00105 0.00105 0.00105 0.00105 0.00105 0.00104 0.00104 0.00104 0.00104 0.00104 0.00104 0.00104 0.00104 0.00103 0.00103 0.00103 0.00103 0.00103 0.00103 0.00103 0.00103 0.00102 0.00102 0.00102 0.00102 0.00102 0.00102 0.00102 0.00102 0.00101 0.00101 0.00101 0.00101 0.00101 0.00101 0.00101 0.00100 0.00100 0.00100 0.00100 0.00100 0.00100 0.00100 0.00100 0.00099 0.00099 0.00099 0.00099 0.00099 0.00099 0.00099 0.00099 0.00098 0.00098 0.00098 0.00098 0.00098 0.00098 0.00098 0.00097 0.00097 0.00097 0.00097 0.00097 0.00097 0.00097 0.00096 0.00096 0.00096 0.00096 0.00096 0.00096 0.00096 0.00096 0.00095 0.00095 0.00095 0.00095 0.00095 0.00095 0.00095 0.00094 0.00094 0.00094 0.00094 0.00094 0.00094 0.00094 0.00093 0.00093 0.00093 0.00093 0.00093 0.00093 0.00093 0.00092 0.00092 0.00092 0.00092 0.00092 0.00092 0.00092 0.00091 0.00091 0.00091 0.00091 0.00091 0.00091 0.00091 0.00090 0.00090 0.00090 0.00090 0.00090 0.00090 0.00090 0.00089 0.00089 0.00089 0.00089 0.00089 0.00089 0.00089 0.00088 0.00088
axis 2 logf: 0.00083 0.00083 0.00083 0.00083 0.00083 0.00083 0.00083 0.00083 0.00083 0.00083 0.00083 0.00083 0.00083 0.00083 0.00083 0.00083 0.00083 0.00083 0.00083 0.00083 0.00083 0.00083 0.00083 0.00083 0.00083 0.00083 0.00083 0.00083 0.00083 0.00083 0.00083 0.00083 0.00083 0.00083 0.00083 0.00083 0.00083 0.00083 0.00083 0.00083 0.00083 0.00083 0.00083 0.00083 0.00083 0.00083 0.00083 0.00083 0.00083 0.00083 0.00083 0.00083 0.00083 0.00083 0.00083 0.00083 0.00083 0.00083 0.00083 0.00083 0.00083 0.00083 0.00083 0.00083 0.00083 0.00083 0.00083 0.00083 0.00083 0.00083 0.00083 0.00083 0.00083 0.00083 0.00083 0.00083 0.00083 0.00083 0.00083 0.00083 0.00083 0.00083 0.00083 0.00083 0.00083 0.00083 0.00083 0.00083 0.00083 0.00083 0.00083 0.00083 0.00083 0.00083 0.00083 0.00083 0.00083 0.00083 0.00083 0.00083 0.00083 0.00083 0.00083 0.00083 0.00083 0.00083 0.00083 0.00083 0.00083 0.00083 0.00083 0.00083 0.00083 0.00083 0.00083 0.00083 0.00083 0.00083 0.00083 0.00083 0.00083 0.00083 0.00083 0.00083 0.00083 0.00083 0.00083 0.00083 0.00083 0.00083 0.00083 0.00083 0.00083 0.00083 0.00083 0.00083 0.00083 0.00083 0.00083 0.00083 0.00083 0.00083 0.00083 0.00083 0.00083 0.00083 0.00083 0.00083 0.00083 0.00083 0.00083 0.00083 0.00083 0.00083 0.00083 0.00083 0.00083 0.00083 0.00083 0.00083 0.00083 0.00083 0.00083 0.00083 0.00083 0.00083 0.00083 0.00083 0.00083 0.00083 0.00083 0.00083 0.00083 0.00083 0.00083 0.00083 0.00083 0.00083 0.00083 0.00083 0.00083 0.00083 0.00083 0.00083 0.00083 0.00083 0.00083 0.00083 0.00083 0.00083 0.00083 0.00083 0.00083 0.00083 0.00083 0.00083 0.00083 0.00083 0.00083 0.00083 0.00083 0.00083 0.00083 0.00083 0.00083 0.00083 0.00083 0.00083 0.00083 0.00083 0.00083 0.00083 0.00083 0.00083 0.00083 0.00083 0.00083 0.00083 0.00083 0.00083 0.00083 0.00083 0.00083 0.00083 0.00083 0.00083 0.00083 0.00083 0.00083 0.00083 0.00083 0.00083 0.00083 0.00083 0.00083 0.00083 0.00083 0.00083 0.00083 0.00083 0.00083 0.00083 0.00083 0.00083 0.00083 0.00083 0.00083 0.00083 0.00083 0.00083 0.00083 0.00083 0.00083 0.00083 0.00083 0.00083 0.00083 0.00083 0.00083 0.00083 0.00083 0.00083 0.00083 0.00083 0.00083 0.00083 0.00083 0.00083 0.00083 0.00083 0.00083 0.00083 0.00083 0.00083 0.00083 0.00083 0.00083 0.00083 0.00083 0.00083 0.00083 0.00083 0.00083 0.00083 0.00083 0.00083 0.00083 0.00083 0.00083 0.00083 0.00083 0.00083 0.00083 0.00083 0.00083 0.00083 0.00083 0.00083 0.00083 0.00083 0.00083 0.00083 0.00083 0.00083 0.00083 0.00083 0.00083 0.00083 0.00083 0.00083 0.00083 0.00083 0.00083 0.00083 0.00083 0.00083 0.00083 0.00083 0.00083 0.00083 0.00083 0.00083 0.00083 0.00083 0.00083 0.00083 0.00083 0.00083 0.00083 0.00083 0.00083 0.00083 0.00083 0.00083 0.00083 0.00083 0.00083 0.00083 0.00083 0.00083 0.00083 0.00083 0.00083 0.00083 0.00083 0.00083 0.00083 0.00083 0.00083 0.00083 0.00083 0.00083 0.00083 0.00083 0.00083 0.00083 0.00083 0.00083 0.00083 0.00083 0.00083 0.00083 0.00083 0.00083 0.00083 0.00083 0.00083 0.00083 0.00083 0.00083 0.00083 0.00083 0.00083 0.00083 0.00083 0.00083 0.00083 0.00083 0.00083 0.00083 0.00083 0.00083 0.00083 0.00083 0.00083 0.00083 0.00083 0.00083 0.00083 0.00083 0.00083 0.00083 0.00083 0.00083 0.00083 0.00083 0.00083 0.00083 0.00083 0.00083 0.00083 0.00083 0.00083 0.00083 0.00083 0.00083 0.00083 0.00083 0.00083 0.00083 0.00083 0.00083 0.00083 0.00083 0.00083 0.00083 0.00083 0.00083 0.00083 0.00083 0.00083 0.00083 0.00083 0.00083 0.00083 0.00083 0.00083 0.00083 0.00083 0.00083 0.00083 0.00083 0.00083 0.00083 0.00083 0.00083 0.00083 0.00083 0.00083 0.00083 0.00083 0.00083 0.00083 0.00083 0.00083 0.00083 0.00083 0.00083 0.00083 0.00083 0.00083 0.00083 0.00083 0.00083 0.00083 0.00083 0.00083 0.00083 0.00083 0.00083 0.00083 0.00083 0.00083 0.00083 0.00083 0.00083 0.00083 0.00083 0.00083 0.00083 0.00083 0.00083 0.00083 0.00083 0.00083 0.00083 0.00083 0.00083 0.00083 0.00083 0.00083 0.00083 0.00083 0.00083 0.00083 0.00083 0.00083 0.00083 0.00083 0.00083 0.00083 0.00083 0.00083 0.00083 0.00083 0.00083 0.00083 0.00083 0.00083 0.00083
axis 3 spec: 0.00099 0.00099 0.00100 0.00100 0.00101 0.00101 0.00102 0.00102 0.00103 0.00103 0.00104 0.00104 0.00105 0.00105 0.00106 0.00107 0.00107 0.00108 0.00108 0.00109 0.00109 0.00110 0.00111 0.00111 0.00112 0.00113 0.00113 0.00114 0.00114 0.00115 0.00116 0.00116 0.00117 0.00118 0.00118 0.00119 0.00120 0.00120 0.00121 0.00122 0.00123 0.00123 0.00124 0.00125 0.00126 0.00126 0.00127 0.00128 0.00129 0.00129 0.00130 0.00131 0.00132 0.00132 0.00133 0.00134 0.00135 0.00136 0.00137 0.00137 0.00138 0.00139 0.00140 0.00141 0.00142 0.00142 0.00143 0.00144 0.00145 0.00146 0.00147 0.00148 0.00149 0.00150 0.00150 0.00151 0.00152 0.00153 0.00154 0.00155 0.00156 0.00157 0.00158 0.00159 0.00160 0.00161 0.00162 0.00163 0.00164 0.00165 0.00166 0.00167 0.00168 0.00169 0.00170 0.00171 0.00172 0.00173 0.00174 0.00175 0.00177 0.00178 0.00179 0.00180 0.00181 0.00182 0.00183 0.00184 0.00185 0.00186 0.00188 0.00189 0.00190 0.00191 0.00192 0.00193 0.00195 0.00196 0.00197 0.00198 0.00199 0.00200 0.00202 0.00203 0.00204 0.00205 0.00206 0.00208 0.00209 0.00210 0.00211 0.00213 0.00214 0.00215 0.00216 0.00218 0.00219 0.00220 0.00221 0.00223 0.00224 0.00225 0.00226 0.00228 0.00229 0.00230 0.00232 0.00233 0.00234 0.00235 0.00237 0.00238 0.00239 0.00241 0.00242 0.00243 0.00245 0.00246 0.00247 0.00249 0.00250 0.00251 0.00253 0.00254 0.00255 0.00257 0.00258 0.00259 0.00261 0.00262 0.00263 0.00265 0.00266 0.00267 0.00269 0.00270 0.00271 0.00273 0.00274 0.00275 0.00277 0.00278 0.00279 0.00280 0.00282 0.00283 0.00284 0.00286 0.00287 0.00288 0.00290 0.00291 0.00292 0.00294 0.00295 0.00296 0.00297 0.00299 0.00300 0.00301 0.00302 0.00304 0.00305 0.00306 0.00307 0.00309 0.00310 0.00311 0.00312 0.00314 0.00315 0.00316 0.00317 0.00318 0.00319 0.00321 0.00322 0.00323 0.00324 0.00325 0.00326 0.00327 0.00328 0.00330 0.00331 0.00332 0.00333 0.00334 0.00335 0.00336 0.00337 0.00338 0.00339 0.00340 0.00341 0.00342 0.00343 0.00343 0.00344 0.00345 0.00346 0.00347 0.00348 0.00349 0.00349 0.00350 0.00351 0.00352 0.00353 0.00353 0.00354 0.00355 0.00355 0.00356 0.00357 0.00357 0.00358 0.00359 0.00359 0.00360 0.00360 0.00361 0.00361 0.00362 0.00362 0.00363 0.00363 0.00364 0.00364 0.00365 0.00365 0.00365 0.00366 0.00366 0.00366 0.00366 0.00367 0.00367 0.00367 0.00367 0.00368 0.00368 0.00368 0.00368 0.00368 0.00368 0.00368 0.00368 0.00368 0.00368 0.00368 0.00368 0.00368 0.00368 0.00368 0.00368 0.00368 0.00368 0.00367 0.00367 0.00367 0.00367 0.00367 0.00366 0.00366 0.00366 0.00365 0.00365 0.00365 0.00364 0.00364 0.00363 0.00363 0.00362 0.00362 0.00361 0.00361 0.00360 0.00360 0.00359 0.00359 0.00358 0.00357 0.00357 0.00356 0.00356 0.00355 0.00354 0.00353 0.00353 0.00352 0.00351 0.00350 0.00350 0.00349 0.00348 0.00347 0.00346 0.00345 0.00344 0.00344 0.00343 0.00342 0.00341 0.00340 0.00339 0.00338 0.00337 0.00336 0.00335 0.00334 0.00333 0.00332 0.00331 0.00330 0.00328 0.00327 0.00326 0.00325 0.00324 0.00323 0.00322 0.00321 0.00319 0.00318 0.00317 0.00316 0.00315 0.00313 0.00312 0.00311 0.00310 0.00309 0.00307 0.00306 0.00305 0.00304 0.00302 0.00301 0.00300 0.00298 0.00297 0.00296 0.00295 0.00293 0.00292 0.00291 0.00289 0.00288 0.00287 0.00285 0.00284 0.00283 0.00281 0.00280 0.00279 0.00277 0.00276 0.00275 0.00273 0.00272 0.00271 0.00269 0.00268 0.00267 0.00265 0.00264 0.00263 0.00261 0.00260 0.00259 0.00257 0.00256 0.00254 0.00253 0.00252 0.00250 0.00249 0.00248 0.00246 0.00245 0.00244 0.00242 0.00241 0.00240 0.00238 0.00237 0.00236 0.00234 0.00233 0.00232 0.00230 0.00229 0.00228 0.00226 0.00225 0.00224 0.00223 0.00221 0.00220 0.00219 0.00217 0.00216 0.00215 0.00213 0.00212 0.00211 0.00210 0.00208 0.00207 0.00206 0.00205 0.00203 0.00202 0.00201 0.00200 0.00198 0.00197 0.00196 0.00195 0.00194 0.00192 0.00191 0.00190 0.00189 0.00188 0.00186 0.00185 0.00184 0.00183 0.00182 0.00181 0.00179 0.00178 0.00177 0.00176 0.00175 0.00174 0.00173 0.00171 0.00170 0.00169 0.00168 0.00167 0.00166 0.00165 0.00164 0.00163 0.00162 0.00161 0.00160 0.00159 0.00157 0.00156 0.00155 0.00154 0.00153 0.00152 0.00151 0.00150
axis 3 logf: 0.00031 0.00031 0.00031 0.00031 0.00031 0.00031 0.00031 0.00031 0.00031 0.00031 0.00031 0.00031 0.00031 0.00031 0.00031 0.00031 0.00031 0.00031 0.00031 0.00031 0.00031 0.00031 0.00031 0.00031 0.00031 0.00031 0.00031 0.00031 0.00031 0.00031 0.00031 0.00031 0.00031 0.00031 0.00031 0.00031 0.00031 0.00031 0.00031 0.00031 0.00031 0.00031 0.00031 0.00031 0.00031 0.00031 0.00031 0.00031 0.00031 0.00031 0.00031 0.00031 0.00031 0.00031 0.00031 0.00031 0.00031 0.00031 0.00031 0.00031 0.00031 0.00031 0.00031 0.00031 0.00031 0.00031 0.00031 0.00031 0.00031 0.00031 0.00031 0.00031 0.00031 0.00031 0.00031 0.00031 0.00031 0.00031 0.00031 0.00031 0.00031 0.00031 0.00031 0.00031 0.00031 0.00031 0.00031 0.00031 0.00031 0.00031 0.00031 0.00031 0.00031 0.00031 0.00031 0.00031 0.00031 0.00031 0.00031 0.00031 0.00031 0.00031 0.00031 0.00031 0.00031 0.00031 0.00031 0.00031 0.00031 0.00031 0.00031 0.00031 0.00031 0.00031 0.00031 0.00031 0.00031 0.00031 0.00031 0.00031 0.00031 0.00031 0.00031 0.00031 0.00031 0.00031 0.00031 0.00031 0.00031 0.00031 0.00031 0.00031 0.00031 0.00031 0.00031 0.00031 0.00031 0.00031 0.00031 0.00031 0.00031 0.00031 0.00031 0.00031 0.00031 0.00031 0.00031 0.00031 0.00031 0.00031 0.00031 0.00031 0.00031 0.00031 0.00031 0.00031 0.00031 0.00031 0.00031 0.00031 0.00031 0.00031 0.00031 0.00031 0.00031 0.00031 0.00031 0.00031 0.00031 0.00031 0.00031 0.00031 0.00031 0.00031 0.00031 0.00031 0.00031 0.00031 0.00031 0.00031 0.00031 0.00031 0.00031 0.00031 0.00031 0.00031 0.00031 0.00031 0.00031 0.00031 0.00031 0.00031 0.00031 0.00031 0.00031 0.00031 0.00031 0.00031 0.00031 0.00031 0.00031 0.00031 0.00031 0.00031 0.00031 0.00031 0.00031 0.00031 0.00031 0.00031 0.00031 0.00031 0.00031 0.00031 0.00031 0.00031 0.00031 0.00031 0.00031 0.00031 0.00031 0.00031 0.00031 0.00031 0.00031 0.00031 0.00031 0.00031 0.00031 0.00031 0.00031 0.00031 0.00031 0.00031 0.00031 0.00031 0.00031 0.00031 0.00031 0.00031 0.00031 0.00031 0.00031 0.00031 0.00031 0.00031 0.00031 0.00031 0.00031 0.00031 0.00031 0.00031 0.00031 0.00031 0.00031 0.00031 0.00031 0.00031 0.00031 0.00031 0.00031 0.00031 0.00031 0.00031 0.00031 0.00031 0.00031 0.00031 0.00031 0.00031 0.00031 0.00031 0.00031 0.00031 0.00031 0.00031 0.00031 0.00031 0.00031 0.00031 0.00031 0.00031 0.00031 0.00031 0.00031 0.00031 0.00031 0.00031 0.00031 0.00031 0.00031 0.00031 0.00031 0.00031 0.00031 0.00031 0.00031 0.00031 0.00031 0.00031 0.00031 0.00031 0.00031 0.00031 0.00031 0.00031 0.00031 0.00031 0.00031 0.00031 0.00031 0.00031 0.00031 0.00031 0.00031 0.00031 0.00031 0.00031 0.00031 0.00031 0.00031 0.00031 0.00031 0.00031 0.00031 0.00031 0.00031 0.00031 0.00031 0.00031 0.00031 0.00031 0.00031 0.00031 0.00031 0.00031 0.00031 0.00031 0.00031 0.00031 0.00031 0.00031 0.00031 0.00031 0.00031 0.00031 0.00031 0.00031 0.00031 0.00031 0.00031 0.00031 0.00031 0.00031 0.00031 0.00031 0.00031 0.00031 0.00031 0.00031 0.00031 0.00031 0.00031 0.00031 0.00031 0.00031 0.00031 0.00031 0.00031 0.00031 0.00031 0.00031 0.00031 0.00031 0.00031 0.00031 0.00031 0.00031 0.00031 0.00031 0.00031 0.00031 0.00031 0.00031 0.00031 0.00031 0.00031 0.00031 0.00031 0.00031 0.00031 0.00031 0.00031 0.00031 0.00031 0.00031 0.00031 0.00031 0.00031 0.00031 0.00031 0.00031 0.00031 0.00031 0.00031 0.00031 0.00031 0.00031 0.00031 0.00031 0.00031 0.00031 0.00031 0.00031 0.00031 0.00031 0.00031 0.00031 0.00031 0.00031 0.00031 0.00031 0.00031 0.00031 0.00031 0.00031 0.00031 0.00031 0.00031 0.00031 0.00031 0.00031 0.00031 0.00031 0.00031 0.00031 0.00031 0.00031 0.00031 0.00031 0.00031 0.00031 0.00031 0.00031 0.00031 0.00031 0.00031 0.00031 0.00031 0.00031 0.00031 0.00031 0.00031 0.00031 0.00031 0.00031 0.00031 0.00031 0.00031 0.00031 0.00031 0.00031 0.00031 0.00031 0.00031 0.00031 0.00031 0.00031 0.00031 0.00031 0.00031 0.00031 0.00031 0.00031 0.00031 0.00031 0.00031 0.00031 0.00031 0.00031 0.00031 0.00031 0.00031 0.00031 0.00031 0.00031 0.00031 0.00031 0.00031 0.00031 0.00031 0.00031 0.00031 0.00031 0.00031 0.00031 0.00031 0.00031 0.00031 0.00031
