grade — full space, K=4, extent 2.20; 6 bands/octave over 40..20000 Hz, kernel 0.0833 oct, strike 0 listen 0, 1/omega, damping 5.0/s at 0.200 s

pitch normalised: the lowest audible mode of every point is moved to 440 Hz before banding

variety per unit of travel: mean 12.451, 5th pct 3.812, 95th pct 19.327
spread: 5.07x   (FM 1.83x, Saw 2.03x, Shapes 8.47x in Kyklophoria's table; 1.0 is isotropic)
twins: 0.0% of random pairs within 0.05
axes:  axis 0 19.555  axis 1 13.691  axis 2 3.735  axis 3 1.603
modes skipped as unrenderable (non-positive or above the top band): 0.00 per evaluation over 41604 evaluations

continuity (cont_check): largest step at step/500 and step/2000, ratio ~4 smooth, ~1 cliff
  axis    spec/500   spec/2000   ratio      logf/500   logf/2000   ratio
  0        0.19422     0.04900    3.96       0.02278     0.00570    4.00
  1        0.08738     0.02190    3.99       0.01399     0.00350    4.00
  2        0.01205     0.00301    4.00       0.00375     0.00094    4.00
  3        0.00959     0.00240    4.00       0.00741     0.00185    4.00

where the frequencies move fastest along each axis (log-frequency step per 1/500 of travel, in tenths of the axis):
  axis 0: 0.0228 0.0228 0.0228 0.0228 0.0228 0.0228 0.0228 0.0228 0.0228 0.0228   peak 0.0228
  axis 1: 0.0140 0.0140 0.0140 0.0140 0.0140 0.0140 0.0140 0.0140 0.0140 0.0140   peak 0.0140
  axis 2: 0.0038 0.0038 0.0038 0.0038 0.0038 0.0038 0.0038 0.0038 0.0038 0.0038   peak 0.0038
  axis 3: 0.0074 0.0074 0.0074 0.0074 0.0074 0.0074 0.0074 0.0074 0.0074 0.0074   peak 0.0074

veering map — second difference of each aligned slot's log frequency along each sweep, in cents.
a smooth trajectory is under 100; a slot that trades places with its neighbour is hundreds.
listed: every (family, parameter, slot) over 300 cents, and each family's worst.
  bar: (0.927, slot 2: 1133) (0.927, slot 4: 1136)
    2 over 300 cents; worst 1136 cents at parameter 0.927, slot 4
  plate: (1.182, slot 0: 2812) (1.182, slot 1: 598) (1.182, slot 4: 1388) (1.182, slot 5: 1050) (1.182, slot 6: 1406) (1.182, slot 7: 1528) (1.182, slot 9: 1014) (1.182, slot 11: 1956) (1.182, slot 15: 1027) (1.182, slot 16: 2013) (1.182, slot 18: 2636) (1.182, slot 19: 579) (1.182, slot 20: 4300) (1.182, slot 21: 1115) (1.182, slot 23: 1815) (1.182, slot 24: 1362) (1.182, slot 26: 3187) (1.364, slot 1: 328) (1.364, slot 6: 1564) (1.364, slot 9: 1986) (1.364, slot 12: 563) (1.364, slot 15: 949) (1.364, slot 17: 329) (1.364, slot 21: 1705) (1.364, slot 23: 1316) (1.364, slot 24: 1131) (1.546, slot 1: 618) (1.546, slot 9: 1727) (1.546, slot 21: 744) (1.727, slot 1: 347) (1.727, slot 18: 446) (1.909, slot 1: 765) (1.909, slot 9: 1464) (1.909, slot 12: 1483) (1.909, slot 18: 867) (2.091, slot 9: 1479) (2.091, slot 12: 1399) (2.091, slot 18: 332) (2.273, slot 12: 1145) (2.273, slot 20: 1766) (2.454, slot 12: 1143) (2.454, slot 20: 1756)
    42 over 300 cents; worst 4300 cents at parameter 1.182, slot 20
  bell: (0.218, slot 35: 448) (0.436, slot 32: 727) (0.545, slot 32: 643) (0.545, slot 36: 309) (0.655, slot 22: 781) (0.655, slot 33: 756) (0.764, slot 22: 759) (0.764, slot 30: 347) (0.764, slot 33: 782) (1.091, slot 29: 661)
    10 over 300 cents; worst 782 cents at parameter 0.764, slot 33

profiles: per axis, 500 steps, spectrum step then log-frequency step
axis 0 spec: 0.00962 0.00969 0.00961 0.00939 0.00905 0.00860 0.00809 0.00755 0.00704 0.00661 0.00634 0.00627 0.00642 0.00676 0.00724 0.00781 0.00841 0.00900 0.00953 0.00999 0.01034 0.01058 0.01069 0.01067 0.01051 0.01021 0.00977 0.00921 0.00856 0.00783 0.00709 0.00640 0.00586 0.00558 0.00563 0.00603 0.00669 0.00751 0.00839 0.00926 0.01006 0.01074 0.01127 0.01163 0.01180 0.01178 0.01157 0.01118 0.01064 0.00998 0.00926 0.00854 0.00792 0.00749 0.00735 0.00754 0.00801 0.00870 0.00951 0.01035 0.01116 0.01188 0.01249 0.01297 0.01328 0.01344 0.01342 0.01325 0.01291 0.01242 0.01180 0.01106 0.01023 0.00938 0.00856 0.00787 0.00741 0.00732 0.00759 0.00821 0.00906 0.01004 0.01104 0.01196 0.01285 0.01353 0.01402 0.01429 0.01432 0.01412 0.01370 0.01307 0.01228 0.01137 0.01042 0.00953 0.00883 0.00846 0.00849 0.00900 0.00985 0.01092 0.01209 0.01326 0.01436 0.01531 0.01608 0.01664 0.01697 0.01705 0.01688 0.01646 0.01581 0.01495 0.01391 0.01274 0.01149 0.01026 0.00916 0.00837 0.00793 0.00803 0.00858 0.00946 0.01052 0.01164 0.01272 0.01371 0.01456 0.01525 0.01575 0.01603 0.01613 0.01588 0.01543 0.01473 0.01380 0.01267 0.01142 0.01018 0.00916 0.00866 0.00879 0.00967 0.01105 0.01269 0.01434 0.01585 0.01711 0.01805 0.01863 0.01885 0.01875 0.01840 0.01788 0.01729 0.01674 0.01631 0.01607 0.01603 0.01621 0.01659 0.01717 0.01792 0.01883 0.01989 0.02108 0.02236 0.02366 0.02491 0.02601 0.02687 0.02741 0.02757 0.02731 0.02663 0.02557 0.02418 0.02255 0.02080 0.01904 0.01742 0.01611 0.01526 0.01499 0.01538 0.01640 0.01794 0.01986 0.02201 0.02426 0.02646 0.02849 0.03024 0.03161 0.03254 0.03297 0.03292 0.03238 0.03143 0.03012 0.02854 0.02678 0.02494 0.02312 0.02141 0.01990 0.01873 0.01792 0.01753 0.01761 0.01813 0.01902 0.02015 0.02137 0.02251 0.02342 0.02400 0.02418 0.02396 0.02337 0.02249 0.02142 0.02020 0.01892 0.01763 0.01639 0.01536 0.01445 0.01418 0.01436 0.01531 0.01688 0.01895 0.02124 0.02361 0.02582 0.02768 0.02899 0.02963 0.02951 0.02869 0.02728 0.02552 0.02369 0.02203 0.02070 0.01965 0.01875 0.01789 0.01703 0.01658 0.01706 0.01892 0.02215 0.02640 0.03115 0.03590 0.04021 0.04367 0.04598 0.04698 0.04660 0.04495 0.04231 0.03903 0.03555 0.03231 0.02975 0.02817 0.02772 0.02824 0.10721 0.18126 0.19422 0.17711 0.14350 0.11627 0.11336 0.13539 0.16610 0.18465 0.17689 0.14700 0.11317 0.09614 0.10803 0.13905 0.16841 0.17713 0.15902 0.12560 0.09619 0.08878 0.10607 0.13217 0.14958 0.14783 0.12877 0.10389 0.08830 0.09293 0.11234 0.12992 0.13242 0.11715 0.09226 0.07103 0.06744 0.08299 0.10441 0.11855 0.11820 0.10535 0.09011 0.08471 0.09411 0.11151 0.12577 0.12782 0.11533 0.09471 0.07849 0.08013 0.10097 0.12976 0.15276 0.15803 0.14266 0.11545 0.09002 0.07831 0.08421 0.10015 0.11583 0.12384 0.12121 0.11051 0.09783 0.08907 0.08622 0.08661 0.08618 0.08266 0.07652 0.06985 0.06499 0.06283 0.06225 0.06108 0.05771 0.05210 0.04575 0.04086 0.03900 0.04019 0.04326 0.04718 0.05137 0.05542 0.05880 0.06089 0.06103 0.05912 0.05537 0.05050 0.04542 0.04084 0.03729 0.03477 0.03327 0.03264 0.03283 0.03381 0.03527 0.03688 0.03827 0.03921 0.03955 0.03923 0.03834 0.03685 0.03492 0.03255 0.02991 0.02720 0.02482 0.02319 0.02275 0.02358 0.02533 0.02745 0.02947 0.03112 0.03230 0.03301 0.03333 0.03322 0.03276 0.03203 0.03120 0.03050 0.03006 0.02981 0.02948 0.02889 0.02809 0.02746 0.02754 0.02865 0.03046 0.03222 0.03322 0.03315 0.03222 0.03112 0.03062 0.03087 0.03137 0.03128 0.03014 0.02827 0.02663 0.02657 0.02845 0.03115 0.03321 0.03365 0.03231 0.03001 0.02822 0.02825 0.02990 0.03169 0.03218 0.03068 0.02761 0.02430 0.02282 0.02417 0.02704 0.02935 0.02973 0.02791 0.02462 0.02167 0.02138 0.02395 0.02741 0.02985 0.03019 0.02864 0.02620 0.02459 0.02517 0.02751 0.02997 0.03133 0.03115 0.03003 0.02929 0.03023 0.03279 0.03577 0.03773 0.03790 0.03638 0.03399 0.03202 0.03142 0.03207 0.03298 0.03326 0.03286 0.03239 0.03285 0.03474 0.03746 0.03971 0.04042 0.03911 0.03619 0.03291 0.03100 0.03158 0.03414 0.03707 0.03909 0.03982 0.03964 0.03947 0.04004 0.04133 0.04245 0.04237 0.04049 0.03695 0.03272 0.02942 0.02849
axis 0 logf: 0.02278 0.02278 0.02278 0.02278 0.02278 0.02278 0.02278 0.02278 0.02278 0.02278 0.02278 0.02278 0.02278 0.02278 0.02278 0.02278 0.02278 0.02278 0.02278 0.02278 0.02278 0.02278 0.02278 0.02278 0.02278 0.02278 0.02278 0.02278 0.02278 0.02278 0.02278 0.02278 0.02278 0.02278 0.02278 0.02278 0.02278 0.02278 0.02278 0.02278 0.02278 0.02278 0.02278 0.02278 0.02278 0.02278 0.02278 0.02278 0.02278 0.02278 0.02278 0.02278 0.02278 0.02278 0.02278 0.02278 0.02278 0.02278 0.02278 0.02278 0.02278 0.02278 0.02278 0.02278 0.02278 0.02278 0.02278 0.02278 0.02278 0.02278 0.02278 0.02278 0.02278 0.02278 0.02278 0.02278 0.02278 0.02278 0.02278 0.02278 0.02278 0.02278 0.02278 0.02278 0.02278 0.02278 0.02278 0.02278 0.02278 0.02278 0.02278 0.02278 0.02278 0.02278 0.02278 0.02278 0.02278 0.02278 0.02278 0.02278 0.02278 0.02278 0.02278 0.02278 0.02278 0.02278 0.02278 0.02278 0.02278 0.02278 0.02278 0.02278 0.02278 0.02278 0.02278 0.02278 0.02278 0.02278 0.02278 0.02278 0.02278 0.02278 0.02278 0.02278 0.02278 0.02278 0.02278 0.02278 0.02278 0.02278 0.02278 0.02278 0.02278 0.02278 0.02278 0.02278 0.02278 0.02278 0.02278 0.02278 0.02278 0.02278 0.02278 0.02278 0.02278 0.02278 0.02278 0.02278 0.02278 0.02278 0.02278 0.02278 0.02278 0.02278 0.02278 0.02278 0.02278 0.02278 0.02278 0.02278 0.02278 0.02278 0.02278 0.02278 0.02278 0.02278 0.02278 0.02278 0.02278 0.02278 0.02278 0.02278 0.02278 0.02278 0.02278 0.02278 0.02278 0.02278 0.02278 0.02278 0.02278 0.02278 0.02278 0.02278 0.02278 0.02278 0.02278 0.02278 0.02278 0.02278 0.02278 0.02278 0.02278 0.02278 0.02278 0.02278 0.02278 0.02278 0.02278 0.02278 0.02278 0.02278 0.02278 0.02278 0.02278 0.02278 0.02278 0.02278 0.02278 0.02278 0.02278 0.02278 0.02278 0.02278 0.02278 0.02278 0.02278 0.02278 0.02278 0.02278 0.02278 0.02278 0.02278 0.02278 0.02278 0.02278 0.02278 0.02278 0.02278 0.02278 0.02278 0.02278 0.02278 0.02278 0.02278 0.02278 0.02278 0.02278 0.02278 0.02278 0.02278 0.02278 0.02278 0.02278 0.02278 0.02278 0.02278 0.02278 0.02278 0.02278 0.02278 0.02278 0.02278 0.02278 0.02278 0.02278 0.02278 0.02278 0.02278 0.02278 0.02278 0.02278 0.02278 0.02278 0.02278 0.02278 0.02278 0.02278 0.02278 0.02278 0.02278 0.02278 0.02278 0.02278 0.02278 0.02278 0.02278 0.02278 0.02278 0.02278 0.02278 0.02278 0.02278 0.02278 0.02278 0.02278 0.02278 0.02278 0.02278 0.02278 0.02278 0.02278 0.02278 0.02278 0.02278 0.02278 0.02278 0.02278 0.02278 0.02278 0.02278 0.02278 0.02278 0.02278 0.02278 0.02278 0.02278 0.02278 0.02278 0.02278 0.02278 0.02278 0.02278 0.02278 0.02278 0.02278 0.02278 0.02278 0.02278 0.02278 0.02278 0.02278 0.02278 0.02278 0.02278 0.02278 0.02278 0.02278 0.02278 0.02278 0.02278 0.02278 0.02278 0.02278 0.02278 0.02278 0.02278 0.02278 0.02278 0.02278 0.02278 0.02278 0.02278 0.02278 0.02278 0.02278 0.02278 0.02278 0.02278 0.02278 0.02278 0.02278 0.02278 0.02278 0.02278 0.02278 0.02278 0.02278 0.02278 0.02278 0.02278 0.02278 0.02278 0.02278 0.02278 0.02278 0.02278 0.02278 0.02278 0.02278 0.02278 0.02278 0.02278 0.02278 0.02278 0.02278 0.02278 0.02278 0.02278 0.02278 0.02278 0.02278 0.02278 0.02278 0.02278 0.02278 0.02278 0.02278 0.02278 0.02278 0.02278 0.02278 0.02278 0.02278 0.02278 0.02278 0.02278 0.02278 0.02278 0.02278 0.02278 0.02278 0.02278 0.02278 0.02278 0.02278 0.02278 0.02278 0.02278 0.02278 0.02278 0.02278 0.02278 0.02278 0.02278 0.02278 0.02278 0.02278 0.02278 0.02278 0.02278 0.02278 0.02278 0.02278 0.02278 0.02278 0.02278 0.02278 0.02278 0.02278 0.02278 0.02278 0.02278 0.02278 0.02278 0.02278 0.02278 0.02278 0.02278 0.02278 0.02278 0.02278 0.02278 0.02278 0.02278 0.02278 0.02278 0.02278 0.02278 0.02278 0.02278 0.02278 0.02278 0.02278 0.02278 0.02278 0.02278 0.02278 0.02278 0.02278 0.02278 0.02278 0.02278 0.02278 0.02278 0.02278 0.02278 0.02278 0.02278 0.02278 0.02278 0.02278 0.02278 0.02278 0.02278 0.02278 0.02278 0.02278 0.02278 0.02278 0.02278 0.02278 0.02278 0.02278 0.02278 0.02278 0.02278 0.02278 0.02278 0.02278 0.02278 0.02278 0.02278 0.02278 0.02278 0.02278 0.02278 0.02278 0.02278 0.02278
axis 1 spec: 0.00579 0.00584 0.00593 0.00599 0.00607 0.00618 0.00629 0.00640 0.00651 0.00663 0.00672 0.00680 0.00686 0.00691 0.00694 0.00697 0.00701 0.00707 0.00711 0.00721 0.00730 0.00739 0.00745 0.00748 0.00747 0.00741 0.00731 0.00718 0.00702 0.00687 0.00674 0.00663 0.00657 0.00653 0.00651 0.00648 0.00642 0.00631 0.00615 0.00593 0.00566 0.00536 0.00506 0.00477 0.00455 0.00440 0.00433 0.00432 0.00435 0.00439 0.00440 0.00437 0.00428 0.00413 0.00394 0.00372 0.00350 0.00330 0.00315 0.00309 0.00312 0.00325 0.00344 0.00367 0.00391 0.00414 0.00432 0.00446 0.00454 0.00453 0.00446 0.00432 0.00416 0.00401 0.00394 0.00399 0.00418 0.00451 0.00492 0.00535 0.00574 0.00604 0.00622 0.00624 0.00612 0.00587 0.00553 0.00517 0.00489 0.00479 0.00494 0.00530 0.00580 0.00633 0.00679 0.00711 0.00726 0.00720 0.00695 0.00651 0.00596 0.00539 0.00493 0.00474 0.00492 0.00541 0.00608 0.00677 0.00743 0.00792 0.00823 0.00835 0.00827 0.00802 0.00768 0.00732 0.00702 0.00691 0.00703 0.00741 0.00798 0.00866 0.00935 0.00998 0.01049 0.01083 0.01102 0.01101 0.01083 0.01052 0.01013 0.00976 0.00952 0.00952 0.00980 0.01034 0.01106 0.01185 0.01260 0.01319 0.01354 0.01359 0.01331 0.01272 0.01186 0.01086 0.00988 0.00916 0.00896 0.00934 0.01021 0.01132 0.01241 0.01329 0.01381 0.01388 0.01347 0.01259 0.01130 0.00975 0.00822 0.00718 0.00713 0.00824 0.01002 0.01198 0.01373 0.01523 0.01614 0.01646 0.01615 0.01523 0.01378 0.01197 0.01008 0.00865 0.00837 0.00954 0.01176 0.01438 0.01697 0.01926 0.02104 0.02220 0.02263 0.02233 0.02128 0.01956 0.01731 0.01474 0.01219 0.01026 0.00945 0.01025 0.01209 0.01427 0.01629 0.01788 0.01882 0.01911 0.01874 0.01785 0.01668 0.01561 0.01514 0.01572 0.01736 0.01991 0.02284 0.02576 0.02832 0.03024 0.03133 0.03148 0.03069 0.02905 0.02675 0.02405 0.02131 0.01901 0.01775 0.01788 0.01952 0.02222 0.02545 0.02868 0.03158 0.03383 0.03522 0.03561 0.03499 0.03344 0.03117 0.02851 0.02592 0.02401 0.02337 0.02435 0.02678 0.03012 0.03372 0.03702 0.03952 0.04086 0.04082 0.03933 0.03650 0.03267 0.02841 0.02474 0.02303 0.02458 0.02920 0.03565 0.04268 0.04929 0.05466 0.05811 0.05921 0.05782 0.05415 0.04873 0.04242 0.03636 0.03212 0.03158 0.03529 0.04221 0.05067 0.05916 0.06640 0.07125 0.07289 0.07102 0.06589 0.05831 0.04944 0.04077 0.03422 0.03238 0.03613 0.04391 0.05324 0.06219 0.06925 0.07321 0.07341 0.06985 0.06319 0.05445 0.04489 0.03588 0.02927 0.02741 0.03113 0.03851 0.04717 0.05543 0.06204 0.06610 0.05369 0.08007 0.08563 0.08738 0.08482 0.07857 0.07007 0.06112 0.05345 0.04851 0.04713 0.04916 0.05344 0.05837 0.06230 0.06379 0.06190 0.05645 0.04820 0.03891 0.03175 0.03106 0.03780 0.04842 0.05940 0.06843 0.07387 0.07472 0.07087 0.06312 0.05295 0.04230 0.03376 0.03042 0.03390 0.04167 0.05059 0.05862 0.06442 0.06718 0.06662 0.06311 0.05760 0.05147 0.04630 0.04353 0.04391 0.04676 0.05080 0.05466 0.05735 0.05832 0.05748 0.05523 0.05234 0.04984 0.04874 0.04953 0.05197 0.05514 0.05795 0.05950 0.05922 0.05702 0.05326 0.04872 0.04441 0.04153 0.04092 0.04263 0.04586 0.04935 0.05204 0.05312 0.05221 0.04935 0.04492 0.03960 0.03432 0.03019 0.02823 0.02877 0.03105 0.03391 0.03635 0.03773 0.03772 0.03629 0.03363 0.03016 0.02645 0.02325 0.02129 0.02110 0.02234 0.02433 0.02623 0.02760 0.02818 0.02790 0.02690 0.02545 0.02394 0.02280 0.02235 0.02276 0.02379 0.02512 0.02640 0.02736 0.02797 0.02820 0.02821 0.02822 0.02844 0.02904 0.03002 0.03129 0.03258 0.03369 0.03441 0.03469 0.03454 0.03411 0.03361 0.03328 0.03329 0.03367 0.03435 0.03511 0.03569 0.03586 0.03548 0.03449 0.03297 0.03112 0.02917 0.02744 0.02619 0.02555 0.02548 0.02579 0.02618 0.02637 0.02616 0.02544 0.02420 0.02253 0.02058 0.01859 0.01686 0.01568 0.01526 0.01559 0.01640 0.01742 0.01835 0.01902 0.01931 0.01918 0.01869 0.01792 0.01700 0.01614 0.01551 0.01530 0.01560 0.01639 0.01755 0.01889 0.02029 0.02162 0.02280 0.02377 0.02452 0.02507 0.02547 0.02578 0.02609 0.02646 0.02696 0.02763 0.02847 0.02943 0.03044 0.03144 0.03233 0.03305 0.03353 0.03375 0.03371 0.03343 0.03294 0.03230 0.03157 0.03079 0.03002 0.02927 0.02858 0.02794
axis 1 logf: 0.01399 0.01399 0.01399 0.01399 0.01399 0.01399 0.01399 0.01399 0.01399 0.01399 0.01399 0.01399 0.01399 0.01399 0.01399 0.01399 0.01399 0.01399 0.01399 0.01399 0.01399 0.01399 0.01399 0.01399 0.01399 0.01399 0.01399 0.01399 0.01399 0.01399 0.01399 0.01399 0.01399 0.01399 0.01399 0.01399 0.01399 0.01399 0.01399 0.01399 0.01399 0.01399 0.01399 0.01399 0.01399 0.01399 0.01399 0.01399 0.01399 0.01399 0.01399 0.01399 0.01399 0.01399 0.01399 0.01399 0.01399 0.01399 0.01399 0.01399 0.01399 0.01399 0.01399 0.01399 0.01399 0.01399 0.01399 0.01399 0.01399 0.01399 0.01399 0.01399 0.01399 0.01399 0.01399 0.01399 0.01399 0.01399 0.01399 0.01399 0.01399 0.01399 0.01399 0.01399 0.01399 0.01399 0.01399 0.01399 0.01399 0.01399 0.01399 0.01399 0.01399 0.01399 0.01399 0.01399 0.01399 0.01399 0.01399 0.01399 0.01399 0.01399 0.01399 0.01399 0.01399 0.01399 0.01399 0.01399 0.01399 0.01399 0.01399 0.01399 0.01399 0.01399 0.01399 0.01399 0.01399 0.01399 0.01399 0.01399 0.01399 0.01399 0.01399 0.01399 0.01399 0.01399 0.01399 0.01399 0.01399 0.01399 0.01399 0.01399 0.01399 0.01399 0.01399 0.01399 0.01399 0.01399 0.01399 0.01399 0.01399 0.01399 0.01399 0.01399 0.01399 0.01399 0.01399 0.01399 0.01399 0.01399 0.01399 0.01399 0.01399 0.01399 0.01399 0.01399 0.01399 0.01399 0.01399 0.01399 0.01399 0.01399 0.01399 0.01399 0.01399 0.01399 0.01399 0.01399 0.01399 0.01399 0.01399 0.01399 0.01399 0.01399 0.01399 0.01399 0.01399 0.01399 0.01399 0.01399 0.01399 0.01399 0.01399 0.01399 0.01399 0.01399 0.01399 0.01399 0.01399 0.01399 0.01399 0.01399 0.01399 0.01399 0.01399 0.01399 0.01399 0.01399 0.01399 0.01399 0.01399 0.01399 0.01399 0.01399 0.01399 0.01399 0.01399 0.01399 0.01399 0.01399 0.01399 0.01399 0.01399 0.01399 0.01399 0.01399 0.01399 0.01399 0.01399 0.01399 0.01399 0.01399 0.01399 0.01399 0.01399 0.01399 0.01399 0.01399 0.01399 0.01399 0.01399 0.01399 0.01399 0.01399 0.01399 0.01399 0.01399 0.01399 0.01399 0.01399 0.01399 0.01399 0.01399 0.01399 0.01399 0.01399 0.01399 0.01399 0.01399 0.01399 0.01399 0.01399 0.01399 0.01399 0.01399 0.01399 0.01399 0.01399 0.01399 0.01399 0.01399 0.01399 0.01399 0.01399 0.01399 0.01399 0.01399 0.01399 0.01399 0.01399 0.01399 0.01399 0.01399 0.01399 0.01399 0.01399 0.01399 0.01399 0.01399 0.01399 0.01399 0.01399 0.01399 0.01399 0.01399 0.01399 0.01399 0.01399 0.01399 0.01399 0.01399 0.01399 0.01399 0.01399 0.01399 0.01399 0.01399 0.01399 0.01399 0.01399 0.01399 0.01399 0.01399 0.01399 0.01399 0.01399 0.01399 0.01399 0.01399 0.01399 0.01399 0.01399 0.01399 0.01399 0.01399 0.01399 0.01399 0.01399 0.01399 0.01399 0.01399 0.01399 0.01399 0.01399 0.01399 0.01399 0.01399 0.01399 0.01399 0.01399 0.01399 0.01399 0.01399 0.01399 0.01399 0.01399 0.01399 0.01399 0.01399 0.01399 0.01399 0.01399 0.01399 0.01399 0.01399 0.01399 0.01399 0.01399 0.01399 0.01399 0.01399 0.01399 0.01399 0.01399 0.01399 0.01399 0.01399 0.01399 0.01399 0.01399 0.01399 0.01399 0.01399 0.01399 0.01399 0.01399 0.01399 0.01399 0.01399 0.01399 0.01399 0.01399 0.01399 0.01399 0.01399 0.01399 0.01399 0.01399 0.01399 0.01399 0.01399 0.01399 0.01399 0.01399 0.01399 0.01399 0.01399 0.01399 0.01399 0.01399 0.01399 0.01399 0.01399 0.01399 0.01399 0.01399 0.01399 0.01399 0.01399 0.01399 0.01399 0.01399 0.01399 0.01399 0.01399 0.01399 0.01399 0.01399 0.01399 0.01399 0.01399 0.01399 0.01399 0.01399 0.01399 0.01399 0.01399 0.01399 0.01399 0.01399 0.01399 0.01399 0.01399 0.01399 0.01399 0.01399 0.01399 0.01399 0.01399 0.01399 0.01399 0.01399 0.01399 0.01399 0.01399 0.01399 0.01399 0.01399 0.01399 0.01399 0.01399 0.01399 0.01399 0.01399 0.01399 0.01399 0.01399 0.01399 0.01399 0.01399 0.01399 0.01399 0.01399 0.01399 0.01399 0.01399 0.01399 0.01399 0.01399 0.01399 0.01399 0.01399 0.01399 0.01399 0.01399 0.01399 0.01399 0.01399 0.01399 0.01399 0.01399 0.01399 0.01399 0.01399 0.01399 0.01399 0.01399 0.01399 0.01399 0.01399 0.01399 0.01399 0.01399 0.01399 0.01399 0.01399 0.01399 0.01399 0.01399 0.01399 0.01399 0.01399 0.01399 0.01399 0.01399 0.01399 0.01399 0.01399 0.01399 0.01399
axis 2 spec: 0.00981 0.00982 0.00982 0.00980 0.00978 0.00974 0.00969 0.00964 0.00957 0.00562 0.00601 0.00616 0.00633 0.00650 0.00669 0.00688 0.00707 0.00727 0.00748 0.00769 0.00790 0.00811 0.00832 0.00853 0.00874 0.00895 0.00915 0.00935 0.00954 0.00973 0.00991 0.01008 0.01024 0.01040 0.01054 0.01067 0.01079 0.01090 0.01100 0.01108 0.01115 0.01121 0.01125 0.01128 0.01130 0.01129 0.01128 0.01125 0.01120 0.01115 0.01107 0.01099 0.01089 0.01078 0.01066 0.01052 0.01038 0.01023 0.01006 0.00989 0.00972 0.00953 0.00935 0.00915 0.00896 0.00876 0.00857 0.00837 0.00818 0.00799 0.00781 0.00762 0.00745 0.00729 0.00714 0.00700 0.00687 0.00676 0.00667 0.00659 0.00653 0.00649 0.00640 0.00647 0.00649 0.00653 0.00659 0.00667 0.00676 0.00688 0.00701 0.00715 0.00731 0.00748 0.00766 0.00785 0.00805 0.00825 0.00846 0.00867 0.00888 0.00910 0.00931 0.00953 0.00974 0.00994 0.01015 0.01034 0.01053 0.01072 0.01089 0.01106 0.01121 0.01135 0.01149 0.01152 0.01171 0.01181 0.01188 0.01195 0.01199 0.01203 0.01204 0.01205 0.01203 0.01200 0.01196 0.01190 0.01182 0.01173 0.01163 0.01151 0.01138 0.01124 0.01109 0.01092 0.01075 0.01056 0.01037 0.01017 0.00996 0.00975 0.00953 0.00931 0.00909 0.00887 0.00864 0.00842 0.00819 0.00798 0.00776 0.00755 0.00735 0.00716 0.00697 0.00680 0.00664 0.00649 0.00636 0.00624 0.00615 0.00606 0.00600 0.00596 0.00594 0.00594 0.00596 0.00596 0.00605 0.00612 0.00621 0.00631 0.00643 0.00656 0.00670 0.00685 0.00701 0.00718 0.00735 0.00753 0.00770 0.00788 0.00806 0.00824 0.00842 0.00860 0.00877 0.00893 0.00910 0.00925 0.00940 0.00954 0.00967 0.00979 0.00991 0.01001 0.01010 0.01018 0.01025 0.01030 0.01035 0.01038 0.01040 0.01040 0.01039 0.01037 0.01034 0.01029 0.01024 0.01016 0.01007 0.00998 0.00987 0.00975 0.00962 0.00948 0.00933 0.00917 0.00900 0.00882 0.00864 0.00845 0.00825 0.00805 0.00785 0.00764 0.00743 0.00721 0.00700 0.00678 0.00657 0.00636 0.00615 0.00594 0.00574 0.00555 0.00536 0.00518 0.00501 0.00486 0.00471 0.00458 0.00447 0.00437 0.00429 0.00423 0.00418 0.00416 0.00415 0.00417 0.00420 0.00428 0.00431 0.00438 0.00447 0.00457 0.00468 0.00479 0.00491 0.00504 0.00517 0.00530 0.00543 0.00556 0.00569 0.00582 0.00595 0.00607 0.00619 0.00631 0.00642 0.00652 0.00662 0.00671 0.00679 0.00687 0.00694 0.00700 0.00706 0.00710 0.00714 0.00717 0.00719 0.00721 0.00722 0.00721 0.00720 0.00718 0.00714 0.00712 0.00708 0.00703 0.00697 0.00691 0.00684 0.00677 0.00669 0.00660 0.00651 0.00642 0.00632 0.00622 0.00612 0.00601 0.00591 0.00580 0.00569 0.00559 0.00548 0.00538 0.00527 0.00517 0.00508 0.00499 0.00490 0.00482 0.00474 0.00467 0.00461 0.00456 0.00451 0.00448 0.00445 0.00443 0.00442 0.00442 0.00442 0.00444 0.00446 0.00449 0.00453 0.00457 0.00462 0.00467 0.00473 0.00480 0.00486 0.00493 0.00500 0.00508 0.00515 0.00522 0.00530 0.00537 0.00544 0.00552 0.00559 0.00565 0.00572 0.00578 0.00589 0.00589 0.00594 0.00599 0.00603 0.00607 0.00611 0.00614 0.00616 0.00618 0.00620 0.00622 0.00622 0.00622 0.00622 0.00621 0.00620 0.00618 0.00616 0.00613 0.00610 0.00607 0.00603 0.00600 0.00595 0.00591 0.00586 0.00581 0.00575 0.00570 0.00564 0.00559 0.00553 0.00547 0.00541 0.00536 0.00530 0.00524 0.00519 0.00513 0.00508 0.00503 0.00499 0.00495 0.00491 0.00487 0.00484 0.00481 0.00479 0.00477 0.00476 0.00475 0.00474 0.00474 0.00475 0.00476 0.00477 0.00479 0.00481 0.00484 0.00487 0.00491 0.00495 0.00499 0.00503 0.00508 0.00513 0.00518 0.00523 0.00529 0.00539 0.00540 0.00545 0.00551 0.00557 0.00563 0.00568 0.00574 0.00579 0.00585 0.00590 0.00595 0.00600 0.00605 0.00609 0.00613 0.00617 0.00623 0.00625 0.00628 0.00631 0.00633 0.00635 0.00637 0.00639 0.00640 0.00641 0.00641 0.00642 0.00641 0.00641 0.00640 0.00639 0.00637 0.00635 0.00633 0.00630 0.00627 0.00623 0.00620 0.00616 0.00611 0.00607 0.00602 0.00597 0.00591 0.00586 0.00580 0.00574 0.00567 0.00561 0.00554 0.00548 0.00541 0.00534 0.00527 0.00520 0.00512 0.00505 0.00498 0.00491 0.00484 0.00477 0.00470 0.00463 0.00456 0.00450 0.00443 0.00437 0.00431 0.00426 0.00420 0.00415 0.00410 0.00406 0.00401 0.00398 0.00394 0.00391 0.00388
axis 2 logf: 0.00375 0.00375 0.00375 0.00375 0.00375 0.00375 0.00375 0.00375 0.00375 0.00375 0.00375 0.00375 0.00375 0.00375 0.00375 0.00375 0.00375 0.00375 0.00375 0.00375 0.00375 0.00375 0.00375 0.00375 0.00375 0.00375 0.00375 0.00375 0.00375 0.00375 0.00375 0.00375 0.00375 0.00375 0.00375 0.00375 0.00375 0.00375 0.00375 0.00375 0.00375 0.00375 0.00375 0.00375 0.00375 0.00375 0.00375 0.00375 0.00375 0.00375 0.00375 0.00375 0.00375 0.00375 0.00375 0.00375 0.00375 0.00375 0.00375 0.00375 0.00375 0.00375 0.00375 0.00375 0.00375 0.00375 0.00375 0.00375 0.00375 0.00375 0.00375 0.00375 0.00375 0.00375 0.00375 0.00375 0.00375 0.00375 0.00375 0.00375 0.00375 0.00375 0.00375 0.00375 0.00375 0.00375 0.00375 0.00375 0.00375 0.00375 0.00375 0.00375 0.00375 0.00375 0.00375 0.00375 0.00375 0.00375 0.00375 0.00375 0.00375 0.00375 0.00375 0.00375 0.00375 0.00375 0.00375 0.00375 0.00375 0.00375 0.00375 0.00375 0.00375 0.00375 0.00375 0.00375 0.00375 0.00375 0.00375 0.00375 0.00375 0.00375 0.00375 0.00375 0.00375 0.00375 0.00375 0.00375 0.00375 0.00375 0.00375 0.00375 0.00375 0.00375 0.00375 0.00375 0.00375 0.00375 0.00375 0.00375 0.00375 0.00375 0.00375 0.00375 0.00375 0.00375 0.00375 0.00375 0.00375 0.00375 0.00375 0.00375 0.00375 0.00375 0.00375 0.00375 0.00375 0.00375 0.00375 0.00375 0.00375 0.00375 0.00375 0.00375 0.00375 0.00375 0.00375 0.00375 0.00375 0.00375 0.00375 0.00375 0.00375 0.00375 0.00375 0.00375 0.00375 0.00375 0.00375 0.00375 0.00375 0.00375 0.00375 0.00375 0.00375 0.00375 0.00375 0.00375 0.00375 0.00375 0.00375 0.00375 0.00375 0.00375 0.00375 0.00375 0.00375 0.00375 0.00375 0.00375 0.00375 0.00375 0.00375 0.00375 0.00375 0.00375 0.00375 0.00375 0.00375 0.00375 0.00375 0.00375 0.00375 0.00375 0.00375 0.00375 0.00375 0.00375 0.00375 0.00375 0.00375 0.00375 0.00375 0.00375 0.00375 0.00375 0.00375 0.00375 0.00375 0.00375 0.00375 0.00375 0.00375 0.00375 0.00375 0.00375 0.00375 0.00375 0.00375 0.00375 0.00375 0.00375 0.00375 0.00375 0.00375 0.00375 0.00375 0.00375 0.00375 0.00375 0.00375 0.00375 0.00375 0.00375 0.00375 0.00375 0.00375 0.00375 0.00375 0.00375 0.00375 0.00375 0.00375 0.00375 0.00375 0.00375 0.00375 0.00375 0.00375 0.00375 0.00375 0.00375 0.00375 0.00375 0.00375 0.00375 0.00375 0.00375 0.00375 0.00375 0.00375 0.00375 0.00375 0.00375 0.00375 0.00375 0.00375 0.00375 0.00375 0.00375 0.00375 0.00375 0.00375 0.00375 0.00375 0.00375 0.00375 0.00375 0.00375 0.00375 0.00375 0.00375 0.00375 0.00375 0.00375 0.00375 0.00375 0.00375 0.00375 0.00375 0.00375 0.00375 0.00375 0.00375 0.00375 0.00375 0.00375 0.00375 0.00375 0.00375 0.00375 0.00375 0.00375 0.00375 0.00375 0.00375 0.00375 0.00375 0.00375 0.00375 0.00375 0.00375 0.00375 0.00375 0.00375 0.00375 0.00375 0.00375 0.00375 0.00375 0.00375 0.00375 0.00375 0.00375 0.00375 0.00375 0.00375 0.00375 0.00375 0.00375 0.00375 0.00375 0.00375 0.00375 0.00375 0.00375 0.00375 0.00375 0.00375 0.00375 0.00375 0.00375 0.00375 0.00375 0.00375 0.00375 0.00375 0.00375 0.00375 0.00375 0.00375 0.00375 0.00375 0.00375 0.00375 0.00375 0.00375 0.00375 0.00375 0.00375 0.00375 0.00375 0.00375 0.00375 0.00375 0.00375 0.00375 0.00375 0.00375 0.00375 0.00375 0.00375 0.00375 0.00375 0.00375 0.00375 0.00375 0.00375 0.00375 0.00375 0.00375 0.00375 0.00375 0.00375 0.00375 0.00375 0.00375 0.00375 0.00375 0.00375 0.00375 0.00375 0.00375 0.00375 0.00375 0.00375 0.00375 0.00375 0.00375 0.00375 0.00375 0.00375 0.00375 0.00375 0.00375 0.00375 0.00375 0.00375 0.00375 0.00375 0.00375 0.00375 0.00375 0.00375 0.00375 0.00375 0.00375 0.00375 0.00375 0.00375 0.00375 0.00375 0.00375 0.00375 0.00375 0.00375 0.00375 0.00375 0.00375 0.00375 0.00375 0.00375 0.00375 0.00375 0.00375 0.00375 0.00375 0.00375 0.00375 0.00375 0.00375 0.00375 0.00375 0.00375 0.00375 0.00375 0.00375 0.00375 0.00375 0.00375 0.00375 0.00375 0.00375 0.00375 0.00375 0.00375 0.00375 0.00375 0.00375 0.00375 0.00375 0.00375 0.00375 0.00375 0.00375 0.00375 0.00375 0.00375 0.00375 0.00375 0.00375 0.00375 0.00375 0.00375 0.00375 0.00375 0.00375 0.00375 0.00375 0.00375
axis 3 spec: 0.00140 0.00139 0.00138 0.00136 0.00135 0.00134 0.00132 0.00131 0.00129 0.00128 0.00127 0.00126 0.00125 0.00124 0.00123 0.00122 0.00122 0.00122 0.00121 0.00122 0.00122 0.00122 0.00123 0.00123 0.00124 0.00125 0.00126 0.00127 0.00129 0.00130 0.00131 0.00133 0.00134 0.00135 0.00137 0.00138 0.00139 0.00140 0.00141 0.00142 0.00143 0.00144 0.00144 0.00145 0.00145 0.00145 0.00145 0.00145 0.00144 0.00144 0.00143 0.00142 0.00141 0.00140 0.00139 0.00138 0.00136 0.00135 0.00133 0.00132 0.00130 0.00128 0.00127 0.00125 0.00124 0.00122 0.00121 0.00120 0.00119 0.00118 0.00117 0.00116 0.00116 0.00115 0.00115 0.00115 0.00116 0.00116 0.00117 0.00118 0.00119 0.00120 0.00121 0.00122 0.00124 0.00125 0.00127 0.00128 0.00130 0.00131 0.00133 0.00134 0.00135 0.00136 0.00138 0.00139 0.00140 0.00140 0.00141 0.00141 0.00142 0.00142 0.00142 0.00142 0.00142 0.00141 0.00141 0.00140 0.00139 0.00138 0.00137 0.00136 0.00135 0.00134 0.00132 0.00131 0.00130 0.00128 0.00127 0.00126 0.00125 0.00123 0.00122 0.00122 0.00121 0.00120 0.00120 0.00120 0.00120 0.00121 0.00121 0.00122 0.00123 0.00124 0.00125 0.00127 0.00129 0.00130 0.00132 0.00134 0.00136 0.00138 0.00140 0.00142 0.00144 0.00146 0.00148 0.00150 0.00152 0.00153 0.00155 0.00156 0.00157 0.00153 0.00158 0.00159 0.00159 0.00159 0.00159 0.00158 0.00158 0.00157 0.00156 0.00155 0.00153 0.00152 0.00150 0.00148 0.00146 0.00145 0.00143 0.00141 0.00139 0.00137 0.00136 0.00134 0.00133 0.00133 0.00132 0.00132 0.00132 0.00133 0.00134 0.00135 0.00136 0.00139 0.00142 0.00145 0.00148 0.00152 0.00155 0.00159 0.00164 0.00168 0.00172 0.00177 0.00181 0.00186 0.00190 0.00194 0.00198 0.00202 0.00206 0.00210 0.00213 0.00216 0.00219 0.00221 0.00223 0.00225 0.00227 0.00228 0.00229 0.00230 0.00230 0.00230 0.00230 0.00230 0.00229 0.00228 0.00227 0.00226 0.00225 0.00224 0.00222 0.00221 0.00220 0.00219 0.00218 0.00217 0.00217 0.00217 0.00218 0.00218 0.00220 0.00222 0.00225 0.00228 0.00232 0.00236 0.00240 0.00245 0.00251 0.00257 0.00263 0.00269 0.00276 0.00282 0.00289 0.00296 0.00303 0.00309 0.00316 0.00322 0.00328 0.00334 0.00340 0.00345 0.00349 0.00354 0.00357 0.00361 0.00363 0.00366 0.00367 0.00368 0.00369 0.00368 0.00368 0.00366 0.00364 0.00361 0.00358 0.00354 0.00349 0.00344 0.00339 0.00333 0.00326 0.00319 0.00311 0.00303 0.00295 0.00286 0.00278 0.00269 0.00260 0.00251 0.00242 0.00234 0.00226 0.00218 0.00211 0.00204 0.00199 0.00194 0.00190 0.00188 0.00187 0.00186 0.00187 0.00190 0.00193 0.00197 0.00201 0.00207 0.00213 0.00219 0.00225 0.00232 0.00239 0.00245 0.00251 0.00257 0.00263 0.00268 0.00272 0.00276 0.00280 0.00282 0.00285 0.00286 0.00287 0.00287 0.00286 0.00285 0.00283 0.00280 0.00277 0.00272 0.00268 0.00263 0.00257 0.00251 0.00245 0.00239 0.00232 0.00226 0.00220 0.00215 0.00210 0.00206 0.00203 0.00202 0.00202 0.00203 0.00207 0.00210 0.00216 0.00223 0.00231 0.00240 0.00249 0.00261 0.00272 0.00284 0.00296 0.00308 0.00320 0.00331 0.00343 0.00354 0.00364 0.00374 0.00383 0.00392 0.00400 0.00407 0.00413 0.00418 0.00423 0.00426 0.00429 0.00431 0.00432 0.00432 0.00431 0.00429 0.00426 0.00423 0.00419 0.00415 0.00410 0.00405 0.00400 0.00394 0.00389 0.00384 0.00379 0.00375 0.00372 0.00369 0.00368 0.00368 0.00370 0.00373 0.00378 0.00385 0.00393 0.00403 0.00414 0.00427 0.00441 0.00457 0.00474 0.00491 0.00510 0.00529 0.00549 0.00569 0.00589 0.00609 0.00630 0.00650 0.00669 0.00689 0.00707 0.00726 0.00746 0.00760 0.00775 0.00790 0.00803 0.00815 0.00826 0.00835 0.00843 0.00850 0.00855 0.00858 0.00860 0.00860 0.00859 0.00856 0.00852 0.00846 0.00839 0.00830 0.00820 0.00809 0.00796 0.00785 0.00771 0.00757 0.00743 0.00728 0.00714 0.00700 0.00686 0.00673 0.00661 0.00651 0.00642 0.00634 0.00629 0.00625 0.00624 0.00625 0.00630 0.00632 0.00639 0.00648 0.00658 0.00671 0.00684 0.00699 0.00715 0.00731 0.00748 0.00765 0.00783 0.00802 0.00817 0.00833 0.00849 0.00865 0.00879 0.00893 0.00905 0.00922 0.00927 0.00936 0.00943 0.00950 0.00954 0.00958 0.00959 0.00959 0.00959 0.00956 0.00953 0.00948 0.00942 0.00934 0.00926 0.00917 0.00908 0.00897 0.00887 0.00876
axis 3 logf: 0.00741 0.00741 0.00741 0.00741 0.00741 0.00741 0.00741 0.00741 0.00741 0.00741 0.00741 0.00741 0.00741 0.00741 0.00741 0.00741 0.00741 0.00741 0.00741 0.00741 0.00741 0.00741 0.00741 0.00741 0.00741 0.00741 0.00741 0.00741 0.00741 0.00741 0.00741 0.00741 0.00741 0.00741 0.00741 0.00741 0.00741 0.00741 0.00741 0.00741 0.00741 0.00741 0.00741 0.00741 0.00741 0.00741 0.00741 0.00741 0.00741 0.00741 0.00741 0.00741 0.00741 0.00741 0.00741 0.00741 0.00741 0.00741 0.00741 0.00741 0.00741 0.00741 0.00741 0.00741 0.00741 0.00741 0.00741 0.00741 0.00741 0.00741 0.00741 0.00741 0.00741 0.00741 0.00741 0.00741 0.00741 0.00741 0.00741 0.00741 0.00741 0.00741 0.00741 0.00741 0.00741 0.00741 0.00741 0.00741 0.00741 0.00741 0.00741 0.00741 0.00741 0.00741 0.00741 0.00741 0.00741 0.00741 0.00741 0.00741 0.00741 0.00741 0.00741 0.00741 0.00741 0.00741 0.00741 0.00741 0.00741 0.00741 0.00741 0.00741 0.00741 0.00741 0.00741 0.00741 0.00741 0.00741 0.00741 0.00741 0.00741 0.00741 0.00741 0.00741 0.00741 0.00741 0.00741 0.00741 0.00741 0.00741 0.00741 0.00741 0.00741 0.00741 0.00741 0.00741 0.00741 0.00741 0.00741 0.00741 0.00741 0.00741 0.00741 0.00741 0.00741 0.00741 0.00741 0.00741 0.00741 0.00741 0.00741 0.00741 0.00741 0.00741 0.00741 0.00741 0.00741 0.00741 0.00741 0.00741 0.00741 0.00741 0.00741 0.00741 0.00741 0.00741 0.00741 0.00741 0.00741 0.00741 0.00741 0.00741 0.00741 0.00741 0.00741 0.00741 0.00741 0.00741 0.00741 0.00741 0.00741 0.00741 0.00741 0.00741 0.00741 0.00741 0.00741 0.00741 0.00741 0.00741 0.00741 0.00741 0.00741 0.00741 0.00741 0.00741 0.00741 0.00741 0.00741 0.00741 0.00741 0.00741 0.00741 0.00741 0.00741 0.00741 0.00741 0.00741 0.00741 0.00741 0.00741 0.00741 0.00741 0.00741 0.00741 0.00741 0.00741 0.00741 0.00741 0.00741 0.00741 0.00741 0.00741 0.00741 0.00741 0.00741 0.00741 0.00741 0.00741 0.00741 0.00741 0.00741 0.00741 0.00741 0.00741 0.00741 0.00741 0.00741 0.00741 0.00741 0.00741 0.00741 0.00741 0.00741 0.00741 0.00741 0.00741 0.00741 0.00741 0.00741 0.00741 0.00741 0.00741 0.00741 0.00741 0.00741 0.00741 0.00741 0.00741 0.00741 0.00741 0.00741 0.00741 0.00741 0.00741 0.00741 0.00741 0.00741 0.00741 0.00741 0.00741 0.00741 0.00741 0.00741 0.00741 0.00741 0.00741 0.00741 0.00741 0.00741 0.00741 0.00741 0.00741 0.00741 0.00741 0.00741 0.00741 0.00741 0.00741 0.00741 0.00741 0.00741 0.00741 0.00741 0.00741 0.00741 0.00741 0.00741 0.00741 0.00741 0.00741 0.00741 0.00741 0.00741 0.00741 0.00741 0.00741 0.00741 0.00741 0.00741 0.00741 0.00741 0.00741 0.00741 0.00741 0.00741 0.00741 0.00741 0.00741 0.00741 0.00741 0.00741 0.00741 0.00741 0.00741 0.00741 0.00741 0.00741 0.00741 0.00741 0.00741 0.00741 0.00741 0.00741 0.00741 0.00741 0.00741 0.00741 0.00741 0.00741 0.00741 0.00741 0.00741 0.00741 0.00741 0.00741 0.00741 0.00741 0.00741 0.00741 0.00741 0.00741 0.00741 0.00741 0.00741 0.00741 0.00741 0.00741 0.00741 0.00741 0.00741 0.00741 0.00741 0.00741 0.00741 0.00741 0.00741 0.00741 0.00741 0.00741 0.00741 0.00741 0.00741 0.00741 0.00741 0.00741 0.00741 0.00741 0.00741 0.00741 0.00741 0.00741 0.00741 0.00741 0.00741 0.00741 0.00741 0.00741 0.00741 0.00741 0.00741 0.00741 0.00741 0.00741 0.00741 0.00741 0.00741 0.00741 0.00741 0.00741 0.00741 0.00741 0.00741 0.00741 0.00741 0.00741 0.00741 0.00741 0.00741 0.00741 0.00741 0.00741 0.00741 0.00741 0.00741 0.00741 0.00741 0.00741 0.00741 0.00741 0.00741 0.00741 0.00741 0.00741 0.00741 0.00741 0.00741 0.00741 0.00741 0.00741 0.00741 0.00741 0.00741 0.00741 0.00741 0.00741 0.00741 0.00741 0.00741 0.00741 0.00741 0.00741 0.00741 0.00741 0.00741 0.00741 0.00741 0.00741 0.00741 0.00741 0.00741 0.00741 0.00741 0.00741 0.00741 0.00741 0.00741 0.00741 0.00741 0.00741 0.00741 0.00741 0.00741 0.00741 0.00741 0.00741 0.00741 0.00741 0.00741 0.00741 0.00741 0.00741 0.00741 0.00741 0.00741 0.00741 0.00741 0.00741 0.00741 0.00741 0.00741 0.00741 0.00741 0.00741 0.00741 0.00741 0.00741 0.00741 0.00741 0.00741 0.00741 0.00741 0.00741 0.00741 0.00741 0.00741 0.00741 0.00741 0.00741 0.00741
