grade — lambda space, K=4, extent 2.20; 6 bands/octave over 40..20000 Hz, kernel 0.0833 oct, strike 0 listen 0, 1/omega, damping 5.0/s at 0.200 s

pitch normalised: the lowest audible mode of every point is moved to 440 Hz before banding

variety per unit of travel: mean 4.146, 5th pct 0.472, 95th pct 8.667
spread: 18.37x   (FM 1.83x, Saw 2.03x, Shapes 8.47x in Kyklophoria's table; 1.0 is isotropic)
twins: 0.3% of random pairs within 0.05
axes:  axis 0 9.872  axis 1 0.994  axis 2 0.118  axis 3 0.118
modes skipped as unrenderable (non-positive or above the top band): 0.00 per evaluation over 41604 evaluations

continuity (cont_check): largest step at step/500 and step/2000, ratio ~4 smooth, ~1 cliff
  axis    spec/500   spec/2000   ratio      logf/500   logf/2000   ratio
  0        0.02480     0.00620    4.00       0.00876     0.00219    4.00
  1        0.00265     0.00066    4.00       0.00201     0.00050    4.00
  2        0.00025     0.00006    4.00       0.00158     0.00040    4.00
  3        0.00026     0.00006    4.00       0.00148     0.00037    4.00

where the frequencies move fastest along each axis (log-frequency step per 1/500 of travel, in tenths of the axis):
  axis 0: 0.0088 0.0088 0.0088 0.0088 0.0088 0.0088 0.0088 0.0088 0.0088 0.0088   peak 0.0088
  axis 1: 0.0020 0.0020 0.0020 0.0020 0.0020 0.0020 0.0020 0.0020 0.0020 0.0020   peak 0.0020
  axis 2: 0.0016 0.0016 0.0016 0.0016 0.0016 0.0016 0.0016 0.0016 0.0016 0.0016   peak 0.0016
  axis 3: 0.0015 0.0015 0.0015 0.0015 0.0015 0.0015 0.0015 0.0015 0.0015 0.0015   peak 0.0015

veering map — second difference of each aligned slot's log frequency along each sweep, in cents.
a smooth trajectory is under 100; a slot that trades places with its neighbour is hundreds.
listed: every (family, parameter, slot) over 300 cents, and each family's worst.
  bar: (0.927, slot 2: 1133) (0.927, slot 4: 1136)
    2 over 300 cents; worst 1136 cents at parameter 0.927, slot 4
  plate: (1.182, slot 0: 2812) (1.182, slot 1: 598) (1.182, slot 4: 1388) (1.182, slot 5: 1050) (1.182, slot 6: 1406) (1.182, slot 7: 1528) (1.182, slot 9: 1014) (1.182, slot 11: 1956) (1.182, slot 15: 1027) (1.182, slot 16: 2013) (1.182, slot 18: 2636) (1.182, slot 19: 579) (1.182, slot 20: 4300) (1.182, slot 21: 1115) (1.182, slot 23: 1815) (1.182, slot 24: 1362) (1.182, slot 26: 3187) (1.364, slot 1: 328) (1.364, slot 6: 1564) (1.364, slot 9: 1986) (1.364, slot 12: 563) (1.364, slot 15: 949) (1.364, slot 17: 329) (1.364, slot 21: 1705) (1.364, slot 23: 1316) (1.364, slot 24: 1131) (1.546, slot 1: 618) (1.546, slot 9: 1727) (1.546, slot 21: 744) (1.727, slot 1: 347) (1.727, slot 18: 446) (1.909, slot 1: 765) (1.909, slot 9: 1464) (1.909, slot 12: 1483) (1.909, slot 18: 867) (2.091, slot 9: 1479) (2.091, slot 12: 1399) (2.091, slot 18: 332) (2.273, slot 12: 1145) (2.273, slot 20: 1766) (2.454, slot 12: 1143) (2.454, slot 20: 1756)
    42 over 300 cents; worst 4300 cents at parameter 1.182, slot 20
  bell: (0.218, slot 35: 448) (0.436, slot 32: 727) (0.545, slot 32: 643) (0.545, slot 36: 309) (0.655, slot 22: 781) (0.655, slot 33: 756) (0.764, slot 22: 759) (0.764, slot 30: 347) (0.764, slot 33: 782) (1.091, slot 29: 661)
    10 over 300 cents; worst 782 cents at parameter 0.764, slot 33

profiles: per axis, 500 steps, spectrum step then log-frequency step
axis 0 spec: 0.02307 0.02327 0.02344 0.02358 0.02368 0.02375 0.02379 0.02378 0.02375 0.02368 0.02357 0.02343 0.02325 0.02304 0.02281 0.02254 0.02225 0.02194 0.02161 0.02126 0.02089 0.02052 0.02013 0.01974 0.01935 0.01896 0.01855 0.01818 0.01780 0.01744 0.01708 0.01674 0.01641 0.01610 0.01581 0.01555 0.01530 0.01508 0.01490 0.01472 0.01459 0.01448 0.01440 0.01436 0.01434 0.01436 0.01441 0.01449 0.01461 0.01475 0.01493 0.01514 0.01538 0.01564 0.01592 0.01626 0.01660 0.01697 0.01735 0.01775 0.01818 0.01861 0.01905 0.01950 0.01996 0.02041 0.02086 0.02130 0.02174 0.02215 0.02255 0.02292 0.02327 0.02358 0.02386 0.02410 0.02430 0.02446 0.02457 0.02463 0.02465 0.02462 0.02454 0.02441 0.02424 0.02402 0.02376 0.02346 0.02313 0.02276 0.02237 0.02195 0.02151 0.02106 0.02059 0.02011 0.01963 0.01915 0.01867 0.01819 0.01773 0.01727 0.01684 0.01641 0.01601 0.01564 0.01528 0.01496 0.01466 0.01441 0.01416 0.01396 0.01379 0.01367 0.01355 0.01353 0.01352 0.01354 0.01361 0.01371 0.01385 0.01403 0.01425 0.01450 0.01478 0.01510 0.01544 0.01582 0.01622 0.01664 0.01708 0.01754 0.01801 0.01850 0.01899 0.01949 0.01999 0.02049 0.02097 0.02145 0.02191 0.02235 0.02277 0.02316 0.02351 0.02383 0.02411 0.02434 0.02453 0.02467 0.02476 0.02480 0.02479 0.02472 0.02461 0.02444 0.02423 0.02398 0.02368 0.02335 0.02298 0.02258 0.02216 0.02172 0.02125 0.02078 0.02029 0.01980 0.01931 0.01883 0.01835 0.01788 0.01742 0.01697 0.01656 0.01616 0.01579 0.01544 0.01512 0.01483 0.01457 0.01436 0.01415 0.01400 0.01388 0.01380 0.01375 0.01375 0.01378 0.01385 0.01396 0.01409 0.01427 0.01447 0.01471 0.01498 0.01528 0.01560 0.01594 0.01631 0.01670 0.01710 0.01752 0.01795 0.01839 0.01883 0.01928 0.01972 0.02017 0.02060 0.02102 0.02143 0.02182 0.02219 0.02253 0.02285 0.02313 0.02338 0.02359 0.02377 0.02390 0.02399 0.02404 0.02404 0.02400 0.02392 0.02380 0.02364 0.02344 0.02321 0.02294 0.02266 0.02232 0.02198 0.02162 0.02124 0.02085 0.02045 0.02005 0.01965 0.01924 0.01885 0.01846 0.01808 0.01771 0.01736 0.01703 0.01671 0.01642 0.01615 0.01591 0.01569 0.01551 0.01533 0.01519 0.01509 0.01501 0.01496 0.01494 0.01495 0.01498 0.01505 0.01514 0.01526 0.01540 0.01556 0.01575 0.01596 0.01619 0.01643 0.01670 0.01697 0.01726 0.01756 0.01787 0.01819 0.01851 0.01883 0.01915 0.01948 0.01979 0.02010 0.02041 0.02070 0.02097 0.02124 0.02148 0.02171 0.02191 0.02210 0.02225 0.02239 0.02249 0.02257 0.02262 0.02264 0.02264 0.02261 0.02255 0.02248 0.02235 0.02222 0.02206 0.02188 0.02169 0.02148 0.02126 0.02102 0.02077 0.02052 0.02026 0.01999 0.01973 0.01947 0.01920 0.01895 0.01870 0.01845 0.01822 0.01799 0.01778 0.01758 0.01739 0.01722 0.01708 0.01692 0.01679 0.01668 0.01659 0.01652 0.01646 0.01641 0.01639 0.01638 0.01638 0.01641 0.01644 0.01650 0.01657 0.01664 0.01674 0.01684 0.01696 0.01709 0.01723 0.01737 0.01753 0.01769 0.01786 0.01804 0.01823 0.01840 0.01859 0.01878 0.01896 0.01915 0.01934 0.01952 0.01970 0.01987 0.02004 0.02021 0.02036 0.02051 0.02064 0.02077 0.02088 0.02101 0.02108 0.02116 0.02122 0.02127 0.02131 0.02134 0.02135 0.02134 0.02132 0.02129 0.02125 0.02119 0.02112 0.02104 0.02094 0.02084 0.02072 0.02060 0.02046 0.02032 0.02017 0.02001 0.01985 0.01968 0.01951 0.01934 0.01916 0.01900 0.01880 0.01863 0.01845 0.01827 0.01811 0.01794 0.01778 0.01762 0.01747 0.01733 0.01719 0.01706 0.01694 0.01685 0.01674 0.01665 0.01658 0.01651 0.01646 0.01642 0.01639 0.01638 0.01638 0.01640 0.01643 0.01647 0.01653 0.01660 0.01669 0.01679 0.01691 0.01704 0.01718 0.01734 0.01750 0.01768 0.01787 0.01807 0.01828 0.01853 0.01872 0.01895 0.01919 0.01943 0.01966 0.01990 0.02014 0.02037 0.02059 0.02081 0.02101 0.02121 0.02139 0.02155 0.02170 0.02183 0.02194 0.02203 0.02209 0.02213 0.02214 0.02213 0.02209 0.02203 0.02194 0.02183 0.02169 0.02152 0.02133 0.02113 0.02090 0.02066 0.02040 0.02011 0.01982 0.01952 0.01921 0.01889 0.01857 0.01825 0.01793 0.01761 0.01729 0.01698 0.01668 0.01639 0.01612 0.01585 0.01560 0.01537 0.01517 0.01497 0.01480 0.01466 0.01454 0.01444 0.01437 0.01433 0.01432 0.01433 0.01438 0.01445 0.01455 0.01468
axis 0 logf: 0.00876 0.00876 0.00876 0.00876 0.00876 0.00876 0.00876 0.00876 0.00876 0.00876 0.00876 0.00876 0.00876 0.00876 0.00876 0.00876 0.00876 0.00876 0.00876 0.00876 0.00876 0.00876 0.00876 0.00876 0.00876 0.00876 0.00876 0.00876 0.00876 0.00876 0.00876 0.00876 0.00876 0.00876 0.00876 0.00876 0.00876 0.00876 0.00876 0.00876 0.00876 0.00876 0.00876 0.00876 0.00876 0.00876 0.00876 0.00876 0.00876 0.00876 0.00876 0.00876 0.00876 0.00876 0.00876 0.00876 0.00876 0.00876 0.00876 0.00876 0.00876 0.00876 0.00876 0.00876 0.00876 0.00876 0.00876 0.00876 0.00876 0.00876 0.00876 0.00876 0.00876 0.00876 0.00876 0.00876 0.00876 0.00876 0.00876 0.00876 0.00876 0.00876 0.00876 0.00876 0.00876 0.00876 0.00876 0.00876 0.00876 0.00876 0.00876 0.00876 0.00876 0.00876 0.00876 0.00876 0.00876 0.00876 0.00876 0.00876 0.00876 0.00876 0.00876 0.00876 0.00876 0.00876 0.00876 0.00876 0.00876 0.00876 0.00876 0.00876 0.00876 0.00876 0.00876 0.00876 0.00876 0.00876 0.00876 0.00876 0.00876 0.00876 0.00876 0.00876 0.00876 0.00876 0.00876 0.00876 0.00876 0.00876 0.00876 0.00876 0.00876 0.00876 0.00876 0.00876 0.00876 0.00876 0.00876 0.00876 0.00876 0.00876 0.00876 0.00876 0.00876 0.00876 0.00876 0.00876 0.00876 0.00876 0.00876 0.00876 0.00876 0.00876 0.00876 0.00876 0.00876 0.00876 0.00876 0.00876 0.00876 0.00876 0.00876 0.00876 0.00876 0.00876 0.00876 0.00876 0.00876 0.00876 0.00876 0.00876 0.00876 0.00876 0.00876 0.00876 0.00876 0.00876 0.00876 0.00876 0.00876 0.00876 0.00876 0.00876 0.00876 0.00876 0.00876 0.00876 0.00876 0.00876 0.00876 0.00876 0.00876 0.00876 0.00876 0.00876 0.00876 0.00876 0.00876 0.00876 0.00876 0.00876 0.00876 0.00876 0.00876 0.00876 0.00876 0.00876 0.00876 0.00876 0.00876 0.00876 0.00876 0.00876 0.00876 0.00876 0.00876 0.00876 0.00876 0.00876 0.00876 0.00876 0.00876 0.00876 0.00876 0.00876 0.00876 0.00876 0.00876 0.00876 0.00876 0.00876 0.00876 0.00876 0.00876 0.00876 0.00876 0.00876 0.00876 0.00876 0.00876 0.00876 0.00876 0.00876 0.00876 0.00876 0.00876 0.00876 0.00876 0.00876 0.00876 0.00876 0.00876 0.00876 0.00876 0.00876 0.00876 0.00876 0.00876 0.00876 0.00876 0.00876 0.00876 0.00876 0.00876 0.00876 0.00876 0.00876 0.00876 0.00876 0.00876 0.00876 0.00876 0.00876 0.00876 0.00876 0.00876 0.00876 0.00876 0.00876 0.00876 0.00876 0.00876 0.00876 0.00876 0.00876 0.00876 0.00876 0.00876 0.00876 0.00876 0.00876 0.00876 0.00876 0.00876 0.00876 0.00876 0.00876 0.00876 0.00876 0.00876 0.00876 0.00876 0.00876 0.00876 0.00876 0.00876 0.00876 0.00876 0.00876 0.00876 0.00876 0.00876 0.00876 0.00876 0.00876 0.00876 0.00876 0.00876 0.00876 0.00876 0.00876 0.00876 0.00876 0.00876 0.00876 0.00876 0.00876 0.00876 0.00876 0.00876 0.00876 0.00876 0.00876 0.00876 0.00876 0.00876 0.00876 0.00876 0.00876 0.00876 0.00876 0.00876 0.00876 0.00876 0.00876 0.00876 0.00876 0.00876 0.00876 0.00876 0.00876 0.00876 0.00876 0.00876 0.00876 0.00876 0.00876 0.00876 0.00876 0.00876 0.00876 0.00876 0.00876 0.00876 0.00876 0.00876 0.00876 0.00876 0.00876 0.00876 0.00876 0.00876 0.00876 0.00876 0.00876 0.00876 0.00876 0.00876 0.00876 0.00876 0.00876 0.00876 0.00876 0.00876 0.00876 0.00876 0.00876 0.00876 0.00876 0.00876 0.00876 0.00876 0.00876 0.00876 0.00876 0.00876 0.00876 0.00876 0.00876 0.00876 0.00876 0.00876 0.00876 0.00876 0.00876 0.00876 0.00876 0.00876 0.00876 0.00876 0.00876 0.00876 0.00876 0.00876 0.00876 0.00876 0.00876 0.00876 0.00876 0.00876 0.00876 0.00876 0.00876 0.00876 0.00876 0.00876 0.00876 0.00876 0.00876 0.00876 0.00876 0.00876 0.00876 0.00876 0.00876 0.00876 0.00876 0.00876 0.00876 0.00876 0.00876 0.00876 0.00876 0.00876 0.00876 0.00876 0.00876 0.00876 0.00876 0.00876 0.00876 0.00876 0.00876 0.00876 0.00876 0.00876 0.00876 0.00876 0.00876 0.00876 0.00876 0.00876 0.00876 0.00876 0.00876 0.00876 0.00876 0.00876 0.00876 0.00876 0.00876 0.00876 0.00876 0.00876 0.00876 0.00876 0.00876 0.00876 0.00876 0.00876 0.00876 0.00876 0.00876 0.00876 0.00876 0.00876 0.00876 0.00876 0.00876 0.00876 0.00876 0.00876 0.00876 0.00876 0.00876 0.00876 0.00876 0.00876 0.00876
axis 1 spec: 0.00254 0.00254 0.00254 0.00255 0.00255 0.00256 0.00256 0.00256 0.00257 0.00257 0.00257 0.00258 0.00258 0.00258 0.00258 0.00259 0.00259 0.00259 0.00260 0.00260 0.00260 0.00260 0.00261 0.00261 0.00261 0.00261 0.00261 0.00262 0.00262 0.00262 0.00262 0.00262 0.00263 0.00263 0.00263 0.00263 0.00263 0.00263 0.00264 0.00264 0.00264 0.00264 0.00264 0.00264 0.00264 0.00264 0.00264 0.00264 0.00264 0.00264 0.00264 0.00265 0.00265 0.00265 0.00265 0.00265 0.00265 0.00265 0.00265 0.00264 0.00264 0.00264 0.00264 0.00264 0.00264 0.00264 0.00264 0.00264 0.00264 0.00264 0.00264 0.00264 0.00263 0.00263 0.00263 0.00263 0.00263 0.00263 0.00263 0.00262 0.00262 0.00262 0.00262 0.00262 0.00261 0.00261 0.00261 0.00261 0.00260 0.00260 0.00260 0.00260 0.00259 0.00259 0.00259 0.00259 0.00258 0.00258 0.00258 0.00257 0.00257 0.00257 0.00256 0.00256 0.00256 0.00255 0.00255 0.00255 0.00254 0.00254 0.00254 0.00253 0.00253 0.00252 0.00252 0.00252 0.00251 0.00251 0.00250 0.00250 0.00249 0.00249 0.00248 0.00248 0.00248 0.00247 0.00247 0.00245 0.00246 0.00245 0.00245 0.00244 0.00244 0.00243 0.00243 0.00242 0.00242 0.00241 0.00241 0.00240 0.00240 0.00239 0.00239 0.00238 0.00237 0.00237 0.00236 0.00236 0.00235 0.00235 0.00234 0.00233 0.00233 0.00232 0.00232 0.00231 0.00231 0.00230 0.00229 0.00229 0.00228 0.00228 0.00227 0.00226 0.00226 0.00225 0.00225 0.00224 0.00223 0.00223 0.00222 0.00221 0.00221 0.00220 0.00220 0.00219 0.00218 0.00218 0.00217 0.00216 0.00216 0.00215 0.00214 0.00214 0.00213 0.00212 0.00212 0.00211 0.00211 0.00210 0.00209 0.00209 0.00208 0.00207 0.00207 0.00206 0.00205 0.00205 0.00204 0.00203 0.00203 0.00202 0.00201 0.00201 0.00200 0.00199 0.00199 0.00198 0.00197 0.00197 0.00196 0.00195 0.00195 0.00194 0.00194 0.00193 0.00192 0.00192 0.00191 0.00190 0.00190 0.00189 0.00188 0.00188 0.00187 0.00186 0.00186 0.00185 0.00185 0.00184 0.00183 0.00183 0.00182 0.00181 0.00181 0.00180 0.00180 0.00179 0.00178 0.00178 0.00177 0.00176 0.00176 0.00175 0.00175 0.00174 0.00173 0.00173 0.00172 0.00172 0.00171 0.00170 0.00170 0.00169 0.00169 0.00168 0.00168 0.00167 0.00166 0.00166 0.00165 0.00165 0.00164 0.00164 0.00163 0.00163 0.00162 0.00161 0.00161 0.00160 0.00160 0.00159 0.00159 0.00158 0.00158 0.00157 0.00157 0.00156 0.00156 0.00155 0.00155 0.00154 0.00155 0.00153 0.00153 0.00152 0.00152 0.00152 0.00151 0.00151 0.00150 0.00150 0.00149 0.00149 0.00148 0.00148 0.00148 0.00147 0.00147 0.00148 0.00146 0.00146 0.00145 0.00145 0.00145 0.00144 0.00144 0.00143 0.00143 0.00143 0.00142 0.00142 0.00142 0.00141 0.00141 0.00141 0.00140 0.00140 0.00140 0.00140 0.00139 0.00139 0.00139 0.00138 0.00138 0.00138 0.00138 0.00137 0.00137 0.00137 0.00137 0.00137 0.00136 0.00136 0.00136 0.00136 0.00136 0.00135 0.00135 0.00135 0.00135 0.00135 0.00135 0.00134 0.00134 0.00134 0.00134 0.00134 0.00134 0.00134 0.00134 0.00134 0.00133 0.00133 0.00133 0.00133 0.00133 0.00133 0.00133 0.00133 0.00133 0.00133 0.00133 0.00133 0.00133 0.00133 0.00133 0.00138 0.00133 0.00133 0.00133 0.00133 0.00133 0.00133 0.00133 0.00134 0.00134 0.00134 0.00134 0.00134 0.00134 0.00134 0.00134 0.00134 0.00135 0.00135 0.00135 0.00135 0.00135 0.00135 0.00136 0.00136 0.00136 0.00136 0.00136 0.00137 0.00137 0.00137 0.00137 0.00138 0.00138 0.00138 0.00138 0.00139 0.00139 0.00139 0.00140 0.00140 0.00140 0.00141 0.00141 0.00141 0.00142 0.00142 0.00142 0.00143 0.00143 0.00143 0.00144 0.00144 0.00145 0.00145 0.00145 0.00146 0.00146 0.00147 0.00147 0.00147 0.00148 0.00148 0.00149 0.00149 0.00150 0.00150 0.00151 0.00151 0.00152 0.00152 0.00153 0.00153 0.00154 0.00154 0.00155 0.00156 0.00156 0.00156 0.00157 0.00157 0.00158 0.00158 0.00159 0.00160 0.00160 0.00161 0.00161 0.00162 0.00163 0.00163 0.00164 0.00164 0.00165 0.00166 0.00166 0.00167 0.00167 0.00168 0.00169 0.00169 0.00170 0.00171 0.00171 0.00172 0.00173 0.00173 0.00174 0.00175 0.00175 0.00176 0.00177 0.00177 0.00178 0.00179 0.00179 0.00180 0.00181 0.00182 0.00182 0.00183 0.00184 0.00184 0.00185 0.00186 0.00187 0.00187 0.00188 0.00189 0.00190 0.00190 0.00191 0.00192
axis 1 logf: 0.00201 0.00201 0.00201 0.00201 0.00201 0.00201 0.00201 0.00201 0.00201 0.00201 0.00201 0.00201 0.00201 0.00201 0.00201 0.00201 0.00201 0.00201 0.00201 0.00201 0.00201 0.00201 0.00201 0.00201 0.00201 0.00201 0.00201 0.00201 0.00201 0.00201 0.00201 0.00201 0.00201 0.00201 0.00201 0.00201 0.00201 0.00201 0.00201 0.00201 0.00201 0.00201 0.00201 0.00201 0.00201 0.00201 0.00201 0.00201 0.00201 0.00201 0.00201 0.00201 0.00201 0.00201 0.00201 0.00201 0.00201 0.00201 0.00201 0.00201 0.00201 0.00201 0.00201 0.00201 0.00201 0.00201 0.00201 0.00201 0.00201 0.00201 0.00201 0.00201 0.00201 0.00201 0.00201 0.00201 0.00201 0.00201 0.00201 0.00201 0.00201 0.00201 0.00201 0.00201 0.00201 0.00201 0.00201 0.00201 0.00201 0.00201 0.00201 0.00201 0.00201 0.00201 0.00201 0.00201 0.00201 0.00201 0.00201 0.00201 0.00201 0.00201 0.00201 0.00201 0.00201 0.00201 0.00201 0.00201 0.00201 0.00201 0.00201 0.00201 0.00201 0.00201 0.00201 0.00201 0.00201 0.00201 0.00201 0.00201 0.00201 0.00201 0.00201 0.00201 0.00201 0.00201 0.00201 0.00201 0.00201 0.00201 0.00201 0.00201 0.00201 0.00201 0.00201 0.00201 0.00201 0.00201 0.00201 0.00201 0.00201 0.00201 0.00201 0.00201 0.00201 0.00201 0.00201 0.00201 0.00201 0.00201 0.00201 0.00201 0.00201 0.00201 0.00201 0.00201 0.00201 0.00201 0.00201 0.00201 0.00201 0.00201 0.00201 0.00201 0.00201 0.00201 0.00201 0.00201 0.00201 0.00201 0.00201 0.00201 0.00201 0.00201 0.00201 0.00201 0.00201 0.00201 0.00201 0.00201 0.00201 0.00201 0.00201 0.00201 0.00201 0.00201 0.00201 0.00201 0.00201 0.00201 0.00201 0.00201 0.00201 0.00201 0.00201 0.00201 0.00201 0.00201 0.00201 0.00201 0.00201 0.00201 0.00201 0.00201 0.00201 0.00201 0.00201 0.00201 0.00201 0.00201 0.00201 0.00201 0.00201 0.00201 0.00201 0.00201 0.00201 0.00201 0.00201 0.00201 0.00201 0.00201 0.00201 0.00201 0.00201 0.00201 0.00201 0.00201 0.00201 0.00201 0.00201 0.00201 0.00201 0.00201 0.00201 0.00201 0.00201 0.00201 0.00201 0.00201 0.00201 0.00201 0.00201 0.00201 0.00201 0.00201 0.00201 0.00201 0.00201 0.00201 0.00201 0.00201 0.00201 0.00201 0.00201 0.00201 0.00201 0.00201 0.00201 0.00201 0.00201 0.00201 0.00201 0.00201 0.00201 0.00201 0.00201 0.00201 0.00201 0.00201 0.00201 0.00201 0.00201 0.00201 0.00201 0.00201 0.00201 0.00201 0.00201 0.00201 0.00201 0.00201 0.00201 0.00201 0.00201 0.00201 0.00201 0.00201 0.00201 0.00201 0.00201 0.00201 0.00201 0.00201 0.00201 0.00201 0.00201 0.00201 0.00201 0.00201 0.00201 0.00201 0.00201 0.00201 0.00201 0.00201 0.00201 0.00201 0.00201 0.00201 0.00201 0.00201 0.00201 0.00201 0.00201 0.00201 0.00201 0.00201 0.00201 0.00201 0.00201 0.00201 0.00201 0.00201 0.00201 0.00201 0.00201 0.00201 0.00201 0.00201 0.00201 0.00201 0.00201 0.00201 0.00201 0.00201 0.00201 0.00201 0.00201 0.00201 0.00201 0.00201 0.00201 0.00201 0.00201 0.00201 0.00201 0.00201 0.00201 0.00201 0.00201 0.00201 0.00201 0.00201 0.00201 0.00201 0.00201 0.00201 0.00201 0.00201 0.00201 0.00201 0.00201 0.00201 0.00201 0.00201 0.00201 0.00201 0.00201 0.00201 0.00201 0.00201 0.00201 0.00201 0.00201 0.00201 0.00201 0.00201 0.00201 0.00201 0.00201 0.00201 0.00201 0.00201 0.00201 0.00201 0.00201 0.00201 0.00201 0.00201 0.00201 0.00201 0.00201 0.00201 0.00201 0.00201 0.00201 0.00201 0.00201 0.00201 0.00201 0.00201 0.00201 0.00201 0.00201 0.00201 0.00201 0.00201 0.00201 0.00201 0.00201 0.00201 0.00201 0.00201 0.00201 0.00201 0.00201 0.00201 0.00201 0.00201 0.00201 0.00201 0.00201 0.00201 0.00201 0.00201 0.00201 0.00201 0.00201 0.00201 0.00201 0.00201 0.00201 0.00201 0.00201 0.00201 0.00201 0.00201 0.00201 0.00201 0.00201 0.00201 0.00201 0.00201 0.00201 0.00201 0.00201 0.00201 0.00201 0.00201 0.00201 0.00201 0.00201 0.00201 0.00201 0.00201 0.00201 0.00201 0.00201 0.00201 0.00201 0.00201 0.00201 0.00201 0.00201 0.00201 0.00201 0.00201 0.00201 0.00201 0.00201 0.00201 0.00201 0.00201 0.00201 0.00201 0.00201 0.00201 0.00201 0.00201 0.00201 0.00201 0.00201 0.00201 0.00201 0.00201 0.00201 0.00201 0.00201 0.00201 0.00201 0.00201 0.00201 0.00201 0.00201 0.00201 0.00201 0.00201 0.00201 0.00201
axis 2 spec: 0.00025 0.00025 0.00025 0.00025 0.00025 0.00025 0.00025 0.00025 0.00025 0.00025 0.00025 0.00025 0.00025 0.00025 0.00025 0.00025 0.00025 0.00025 0.00025 0.00025 0.00025 0.00025 0.00025 0.00025 0.00025 0.00025 0.00025 0.00025 0.00025 0.00025 0.00025 0.00025 0.00025 0.00025 0.00025 0.00025 0.00025 0.00025 0.00025 0.00025 0.00025 0.00025 0.00025 0.00025 0.00025 0.00025 0.00025 0.00025 0.00025 0.00025 0.00025 0.00025 0.00025 0.00025 0.00025 0.00025 0.00025 0.00025 0.00025 0.00025 0.00025 0.00025 0.00025 0.00025 0.00025 0.00025 0.00025 0.00025 0.00025 0.00025 0.00025 0.00025 0.00025 0.00025 0.00025 0.00025 0.00025 0.00025 0.00025 0.00024 0.00024 0.00024 0.00024 0.00024 0.00024 0.00024 0.00024 0.00024 0.00024 0.00024 0.00024 0.00024 0.00024 0.00024 0.00024 0.00024 0.00024 0.00024 0.00024 0.00024 0.00024 0.00024 0.00024 0.00024 0.00024 0.00024 0.00024 0.00024 0.00024 0.00024 0.00024 0.00024 0.00024 0.00024 0.00024 0.00024 0.00024 0.00024 0.00024 0.00024 0.00024 0.00024 0.00024 0.00024 0.00024 0.00024 0.00024 0.00024 0.00024 0.00024 0.00024 0.00024 0.00024 0.00024 0.00024 0.00024 0.00024 0.00024 0.00024 0.00024 0.00024 0.00024 0.00024 0.00024 0.00024 0.00024 0.00024 0.00024 0.00024 0.00024 0.00024 0.00024 0.00024 0.00024 0.00024 0.00024 0.00024 0.00024 0.00024 0.00024 0.00024 0.00024 0.00024 0.00024 0.00024 0.00024 0.00024 0.00024 0.00024 0.00024 0.00024 0.00024 0.00024 0.00024 0.00024 0.00023 0.00023 0.00023 0.00023 0.00023 0.00023 0.00023 0.00023 0.00023 0.00023 0.00023 0.00023 0.00023 0.00023 0.00023 0.00023 0.00023 0.00023 0.00023 0.00023 0.00023 0.00023 0.00023 0.00023 0.00023 0.00023 0.00023 0.00023 0.00023 0.00023 0.00023 0.00023 0.00023 0.00023 0.00023 0.00023 0.00023 0.00023 0.00023 0.00023 0.00023 0.00023 0.00023 0.00023 0.00023 0.00023 0.00023 0.00023 0.00023 0.00023 0.00023 0.00023 0.00023 0.00023 0.00023 0.00023 0.00023 0.00023 0.00023 0.00023 0.00023 0.00023 0.00023 0.00023 0.00023 0.00023 0.00023 0.00023 0.00023 0.00023 0.00023 0.00023 0.00023 0.00023 0.00023 0.00023 0.00023 0.00023 0.00023 0.00023 0.00023 0.00023 0.00023 0.00023 0.00023 0.00023 0.00023 0.00023 0.00023 0.00023 0.00023 0.00023 0.00023 0.00022 0.00022 0.00022 0.00022 0.00022 0.00022 0.00022 0.00022 0.00022 0.00022 0.00022 0.00022 0.00022 0.00022 0.00022 0.00022 0.00022 0.00022 0.00022 0.00022 0.00022 0.00022 0.00022 0.00022 0.00022 0.00022 0.00022 0.00022 0.00022 0.00022 0.00022 0.00022 0.00022 0.00022 0.00022 0.00022 0.00022 0.00022 0.00022 0.00022 0.00022 0.00022 0.00022 0.00022 0.00022 0.00022 0.00022 0.00022 0.00022 0.00022 0.00022 0.00022 0.00022 0.00022 0.00022 0.00022 0.00022 0.00022 0.00022 0.00022 0.00022 0.00022 0.00022 0.00022 0.00022 0.00022 0.00022 0.00022 0.00022 0.00022 0.00022 0.00022 0.00022 0.00022 0.00022 0.00022 0.00022 0.00022 0.00022 0.00022 0.00022 0.00022 0.00022 0.00022 0.00022 0.00022 0.00022 0.00022 0.00022 0.00022 0.00022 0.00022 0.00022 0.00022 0.00022 0.00022 0.00022 0.00022 0.00022 0.00021 0.00021 0.00021 0.00021 0.00021 0.00021 0.00021 0.00021 0.00021 0.00021 0.00021 0.00021 0.00021 0.00021 0.00021 0.00021 0.00021 0.00021 0.00021 0.00021 0.00021 0.00021 0.00021 0.00021 0.00021 0.00021 0.00021 0.00021 0.00021 0.00021 0.00021 0.00021 0.00021 0.00021 0.00021 0.00021 0.00021 0.00021 0.00021 0.00021 0.00021 0.00021 0.00021 0.00021 0.00021 0.00021 0.00021 0.00021 0.00021 0.00021 0.00021 0.00021 0.00021 0.00021 0.00021 0.00021 0.00021 0.00021 0.00021 0.00021 0.00021 0.00021 0.00021 0.00021 0.00021 0.00021 0.00021 0.00021 0.00021 0.00021 0.00021 0.00021 0.00021 0.00021 0.00021 0.00021 0.00021 0.00021 0.00021 0.00021 0.00021 0.00021 0.00021 0.00021 0.00021 0.00021 0.00021 0.00021 0.00021 0.00021 0.00021 0.00021 0.00021 0.00021 0.00021 0.00021 0.00021 0.00021 0.00021 0.00021 0.00021 0.00021 0.00020 0.00020 0.00020 0.00020 0.00020 0.00020 0.00020 0.00020 0.00020 0.00020 0.00020 0.00020 0.00020 0.00020 0.00020 0.00020 0.00020 0.00020 0.00020 0.00020 0.00020 0.00020 0.00020 0.00020 0.00020 0.00020 0.00020 0.00020 0.00020 0.00020 0.00020
axis 2 logf: 0.00158 0.00158 0.00158 0.00158 0.00158 0.00158 0.00158 0.00158 0.00158 0.00158 0.00158 0.00158 0.00158 0.00158 0.00158 0.00158 0.00158 0.00158 0.00158 0.00158 0.00158 0.00158 0.00158 0.00158 0.00158 0.00158 0.00158 0.00158 0.00158 0.00158 0.00158 0.00158 0.00158 0.00158 0.00158 0.00158 0.00158 0.00158 0.00158 0.00158 0.00158 0.00158 0.00158 0.00158 0.00158 0.00158 0.00158 0.00158 0.00158 0.00158 0.00158 0.00158 0.00158 0.00158 0.00158 0.00158 0.00158 0.00158 0.00158 0.00158 0.00158 0.00158 0.00158 0.00158 0.00158 0.00158 0.00158 0.00158 0.00158 0.00158 0.00158 0.00158 0.00158 0.00158 0.00158 0.00158 0.00158 0.00158 0.00158 0.00158 0.00158 0.00158 0.00158 0.00158 0.00158 0.00158 0.00158 0.00158 0.00158 0.00158 0.00158 0.00158 0.00158 0.00158 0.00158 0.00158 0.00158 0.00158 0.00158 0.00158 0.00158 0.00158 0.00158 0.00158 0.00158 0.00158 0.00158 0.00158 0.00158 0.00158 0.00158 0.00158 0.00158 0.00158 0.00158 0.00158 0.00158 0.00158 0.00158 0.00158 0.00158 0.00158 0.00158 0.00158 0.00158 0.00158 0.00158 0.00158 0.00158 0.00158 0.00158 0.00158 0.00158 0.00158 0.00158 0.00158 0.00158 0.00158 0.00158 0.00158 0.00158 0.00158 0.00158 0.00158 0.00158 0.00158 0.00158 0.00158 0.00158 0.00158 0.00158 0.00158 0.00158 0.00158 0.00158 0.00158 0.00158 0.00158 0.00158 0.00158 0.00158 0.00158 0.00158 0.00158 0.00158 0.00158 0.00158 0.00158 0.00158 0.00158 0.00158 0.00158 0.00158 0.00158 0.00158 0.00158 0.00158 0.00158 0.00158 0.00158 0.00158 0.00158 0.00158 0.00158 0.00158 0.00158 0.00158 0.00158 0.00158 0.00158 0.00158 0.00158 0.00158 0.00158 0.00158 0.00158 0.00158 0.00158 0.00158 0.00158 0.00158 0.00158 0.00158 0.00158 0.00158 0.00158 0.00158 0.00158 0.00158 0.00158 0.00158 0.00158 0.00158 0.00158 0.00158 0.00158 0.00158 0.00158 0.00158 0.00158 0.00158 0.00158 0.00158 0.00158 0.00158 0.00158 0.00158 0.00158 0.00158 0.00158 0.00158 0.00158 0.00158 0.00158 0.00158 0.00158 0.00158 0.00158 0.00158 0.00158 0.00158 0.00158 0.00158 0.00158 0.00158 0.00158 0.00158 0.00158 0.00158 0.00158 0.00158 0.00158 0.00158 0.00158 0.00158 0.00158 0.00158 0.00158 0.00158 0.00158 0.00158 0.00158 0.00158 0.00158 0.00158 0.00158 0.00158 0.00158 0.00158 0.00158 0.00158 0.00158 0.00158 0.00158 0.00158 0.00158 0.00158 0.00158 0.00158 0.00158 0.00158 0.00158 0.00158 0.00158 0.00158 0.00158 0.00158 0.00158 0.00158 0.00158 0.00158 0.00158 0.00158 0.00158 0.00158 0.00158 0.00158 0.00158 0.00158 0.00158 0.00158 0.00158 0.00158 0.00158 0.00158 0.00158 0.00158 0.00158 0.00158 0.00158 0.00158 0.00158 0.00158 0.00158 0.00158 0.00158 0.00158 0.00158 0.00158 0.00158 0.00158 0.00158 0.00158 0.00158 0.00158 0.00158 0.00158 0.00158 0.00158 0.00158 0.00158 0.00158 0.00158 0.00158 0.00158 0.00158 0.00158 0.00158 0.00158 0.00158 0.00158 0.00158 0.00158 0.00158 0.00158 0.00158 0.00158 0.00158 0.00158 0.00158 0.00158 0.00158 0.00158 0.00158 0.00158 0.00158 0.00158 0.00158 0.00158 0.00158 0.00158 0.00158 0.00158 0.00158 0.00158 0.00158 0.00158 0.00158 0.00158 0.00158 0.00158 0.00158 0.00158 0.00158 0.00158 0.00158 0.00158 0.00158 0.00158 0.00158 0.00158 0.00158 0.00158 0.00158 0.00158 0.00158 0.00158 0.00158 0.00158 0.00158 0.00158 0.00158 0.00158 0.00158 0.00158 0.00158 0.00158 0.00158 0.00158 0.00158 0.00158 0.00158 0.00158 0.00158 0.00158 0.00158 0.00158 0.00158 0.00158 0.00158 0.00158 0.00158 0.00158 0.00158 0.00158 0.00158 0.00158 0.00158 0.00158 0.00158 0.00158 0.00158 0.00158 0.00158 0.00158 0.00158 0.00158 0.00158 0.00158 0.00158 0.00158 0.00158 0.00158 0.00158 0.00158 0.00158 0.00158 0.00158 0.00158 0.00158 0.00158 0.00158 0.00158 0.00158 0.00158 0.00158 0.00158 0.00158 0.00158 0.00158 0.00158 0.00158 0.00158 0.00158 0.00158 0.00158 0.00158 0.00158 0.00158 0.00158 0.00158 0.00158 0.00158 0.00158 0.00158 0.00158 0.00158 0.00158 0.00158 0.00158 0.00158 0.00158 0.00158 0.00158 0.00158 0.00158 0.00158 0.00158 0.00158 0.00158 0.00158 0.00158 0.00158 0.00158 0.00158 0.00158 0.00158 0.00158 0.00158 0.00158 0.00158 0.00158 0.00158 0.00158 0.00158 0.00158 0.00158 0.00158 0.00158 0.00158
axis 3 spec: 0.00026 0.00025 0.00025 0.00025 0.00025 0.00025 0.00025 0.00025 0.00025 0.00025 0.00025 0.00025 0.00025 0.00025 0.00025 0.00025 0.00025 0.00025 0.00025 0.00025 0.00025 0.00025 0.00025 0.00025 0.00025 0.00025 0.00025 0.00025 0.00025 0.00025 0.00025 0.00025 0.00025 0.00025 0.00025 0.00025 0.00025 0.00025 0.00025 0.00025 0.00025 0.00025 0.00025 0.00025 0.00025 0.00025 0.00025 0.00025 0.00025 0.00025 0.00025 0.00025 0.00025 0.00025 0.00025 0.00025 0.00025 0.00025 0.00025 0.00025 0.00025 0.00025 0.00025 0.00025 0.00025 0.00025 0.00025 0.00025 0.00025 0.00025 0.00025 0.00025 0.00025 0.00025 0.00025 0.00025 0.00025 0.00025 0.00025 0.00025 0.00025 0.00025 0.00025 0.00025 0.00025 0.00024 0.00024 0.00024 0.00024 0.00024 0.00024 0.00024 0.00024 0.00024 0.00024 0.00024 0.00024 0.00024 0.00024 0.00024 0.00024 0.00024 0.00024 0.00024 0.00024 0.00024 0.00024 0.00024 0.00024 0.00024 0.00024 0.00024 0.00024 0.00024 0.00024 0.00024 0.00024 0.00024 0.00024 0.00024 0.00024 0.00024 0.00024 0.00024 0.00024 0.00024 0.00024 0.00024 0.00024 0.00024 0.00024 0.00024 0.00024 0.00024 0.00024 0.00024 0.00024 0.00024 0.00024 0.00024 0.00024 0.00024 0.00024 0.00024 0.00024 0.00024 0.00024 0.00024 0.00024 0.00024 0.00024 0.00024 0.00024 0.00024 0.00024 0.00024 0.00024 0.00024 0.00024 0.00024 0.00024 0.00024 0.00024 0.00024 0.00024 0.00024 0.00024 0.00024 0.00024 0.00024 0.00023 0.00023 0.00023 0.00023 0.00023 0.00023 0.00023 0.00023 0.00023 0.00023 0.00023 0.00023 0.00023 0.00023 0.00023 0.00023 0.00023 0.00023 0.00023 0.00023 0.00023 0.00023 0.00023 0.00023 0.00023 0.00023 0.00023 0.00023 0.00023 0.00023 0.00023 0.00023 0.00023 0.00023 0.00023 0.00023 0.00023 0.00023 0.00023 0.00023 0.00023 0.00023 0.00023 0.00023 0.00023 0.00023 0.00023 0.00023 0.00023 0.00023 0.00023 0.00023 0.00023 0.00023 0.00023 0.00023 0.00023 0.00023 0.00023 0.00023 0.00023 0.00023 0.00023 0.00023 0.00023 0.00023 0.00023 0.00023 0.00023 0.00023 0.00023 0.00023 0.00023 0.00023 0.00023 0.00023 0.00023 0.00023 0.00023 0.00023 0.00023 0.00023 0.00023 0.00023 0.00023 0.00023 0.00023 0.00022 0.00022 0.00022 0.00022 0.00022 0.00022 0.00022 0.00022 0.00022 0.00022 0.00022 0.00022 0.00022 0.00022 0.00022 0.00022 0.00022 0.00022 0.00022 0.00022 0.00022 0.00022 0.00022 0.00022 0.00022 0.00022 0.00022 0.00022 0.00022 0.00022 0.00022 0.00022 0.00022 0.00022 0.00022 0.00022 0.00022 0.00022 0.00022 0.00022 0.00022 0.00022 0.00022 0.00022 0.00022 0.00022 0.00022 0.00022 0.00022 0.00022 0.00022 0.00022 0.00022 0.00022 0.00022 0.00022 0.00022 0.00022 0.00022 0.00022 0.00022 0.00022 0.00022 0.00022 0.00022 0.00022 0.00022 0.00022 0.00022 0.00022 0.00022 0.00022 0.00022 0.00022 0.00022 0.00022 0.00022 0.00022 0.00022 0.00022 0.00022 0.00022 0.00022 0.00022 0.00022 0.00022 0.00022 0.00022 0.00022 0.00022 0.00021 0.00021 0.00021 0.00021 0.00021 0.00021 0.00021 0.00021 0.00021 0.00021 0.00021 0.00021 0.00021 0.00021 0.00021 0.00021 0.00021 0.00021 0.00021 0.00021 0.00021 0.00021 0.00021 0.00021 0.00021 0.00021 0.00021 0.00021 0.00021 0.00021 0.00021 0.00021 0.00021 0.00021 0.00021 0.00021 0.00021 0.00021 0.00021 0.00021 0.00021 0.00021 0.00021 0.00021 0.00021 0.00021 0.00021 0.00021 0.00021 0.00021 0.00021 0.00021 0.00021 0.00021 0.00021 0.00021 0.00021 0.00021 0.00021 0.00021 0.00021 0.00021 0.00021 0.00021 0.00021 0.00021 0.00021 0.00021 0.00021 0.00021 0.00021 0.00021 0.00021 0.00021 0.00021 0.00021 0.00021 0.00021 0.00021 0.00021 0.00021 0.00021 0.00021 0.00021 0.00021 0.00021 0.00021 0.00021 0.00021 0.00021 0.00021 0.00021 0.00021 0.00021 0.00021 0.00021 0.00021 0.00020 0.00020 0.00020 0.00020 0.00020 0.00020 0.00020 0.00020 0.00020 0.00020 0.00020 0.00020 0.00020 0.00020 0.00020 0.00020 0.00020 0.00020 0.00020 0.00020 0.00020 0.00020 0.00020 0.00020 0.00020 0.00020 0.00020 0.00020 0.00020 0.00020 0.00020 0.00020 0.00020 0.00020 0.00020 0.00020 0.00020 0.00020 0.00020 0.00020 0.00020 0.00020 0.00020 0.00020 0.00020 0.00020 0.00020 0.00020 0.00020 0.00020 0.00020 0.00020 0.00020 0.00020 0.00020 0.00020
axis 3 logf: 0.00148 0.00148 0.00148 0.00148 0.00148 0.00148 0.00148 0.00148 0.00148 0.00148 0.00148 0.00148 0.00148 0.00148 0.00148 0.00148 0.00148 0.00148 0.00148 0.00148 0.00148 0.00148 0.00148 0.00148 0.00148 0.00148 0.00148 0.00148 0.00148 0.00148 0.00148 0.00148 0.00148 0.00148 0.00148 0.00148 0.00148 0.00148 0.00148 0.00148 0.00148 0.00148 0.00148 0.00148 0.00148 0.00148 0.00148 0.00148 0.00148 0.00148 0.00148 0.00148 0.00148 0.00148 0.00148 0.00148 0.00148 0.00148 0.00148 0.00148 0.00148 0.00148 0.00148 0.00148 0.00148 0.00148 0.00148 0.00148 0.00148 0.00148 0.00148 0.00148 0.00148 0.00148 0.00148 0.00148 0.00148 0.00148 0.00148 0.00148 0.00148 0.00148 0.00148 0.00148 0.00148 0.00148 0.00148 0.00148 0.00148 0.00148 0.00148 0.00148 0.00148 0.00148 0.00148 0.00148 0.00148 0.00148 0.00148 0.00148 0.00148 0.00148 0.00148 0.00148 0.00148 0.00148 0.00148 0.00148 0.00148 0.00148 0.00148 0.00148 0.00148 0.00148 0.00148 0.00148 0.00148 0.00148 0.00148 0.00148 0.00148 0.00148 0.00148 0.00148 0.00148 0.00148 0.00148 0.00148 0.00148 0.00148 0.00148 0.00148 0.00148 0.00148 0.00148 0.00148 0.00148 0.00148 0.00148 0.00148 0.00148 0.00148 0.00148 0.00148 0.00148 0.00148 0.00148 0.00148 0.00148 0.00148 0.00148 0.00148 0.00148 0.00148 0.00148 0.00148 0.00148 0.00148 0.00148 0.00148 0.00148 0.00148 0.00148 0.00148 0.00148 0.00148 0.00148 0.00148 0.00148 0.00148 0.00148 0.00148 0.00148 0.00148 0.00148 0.00148 0.00148 0.00148 0.00148 0.00148 0.00148 0.00148 0.00148 0.00148 0.00148 0.00148 0.00148 0.00148 0.00148 0.00148 0.00148 0.00148 0.00148 0.00148 0.00148 0.00148 0.00148 0.00148 0.00148 0.00148 0.00148 0.00148 0.00148 0.00148 0.00148 0.00148 0.00148 0.00148 0.00148 0.00148 0.00148 0.00148 0.00148 0.00148 0.00148 0.00148 0.00148 0.00148 0.00148 0.00148 0.00148 0.00148 0.00148 0.00148 0.00148 0.00148 0.00148 0.00148 0.00148 0.00148 0.00148 0.00148 0.00148 0.00148 0.00148 0.00148 0.00148 0.00148 0.00148 0.00148 0.00148 0.00148 0.00148 0.00148 0.00148 0.00148 0.00148 0.00148 0.00148 0.00148 0.00148 0.00148 0.00148 0.00148 0.00148 0.00148 0.00148 0.00148 0.00148 0.00148 0.00148 0.00148 0.00148 0.00148 0.00148 0.00148 0.00148 0.00148 0.00148 0.00148 0.00148 0.00148 0.00148 0.00148 0.00148 0.00148 0.00148 0.00148 0.00148 0.00148 0.00148 0.00148 0.00148 0.00148 0.00148 0.00148 0.00148 0.00148 0.00148 0.00148 0.00148 0.00148 0.00148 0.00148 0.00148 0.00148 0.00148 0.00148 0.00148 0.00148 0.00148 0.00148 0.00148 0.00148 0.00148 0.00148 0.00148 0.00148 0.00148 0.00148 0.00148 0.00148 0.00148 0.00148 0.00148 0.00148 0.00148 0.00148 0.00148 0.00148 0.00148 0.00148 0.00148 0.00148 0.00148 0.00148 0.00148 0.00148 0.00148 0.00148 0.00148 0.00148 0.00148 0.00148 0.00148 0.00148 0.00148 0.00148 0.00148 0.00148 0.00148 0.00148 0.00148 0.00148 0.00148 0.00148 0.00148 0.00148 0.00148 0.00148 0.00148 0.00148 0.00148 0.00148 0.00148 0.00148 0.00148 0.00148 0.00148 0.00148 0.00148 0.00148 0.00148 0.00148 0.00148 0.00148 0.00148 0.00148 0.00148 0.00148 0.00148 0.00148 0.00148 0.00148 0.00148 0.00148 0.00148 0.00148 0.00148 0.00148 0.00148 0.00148 0.00148 0.00148 0.00148 0.00148 0.00148 0.00148 0.00148 0.00148 0.00148 0.00148 0.00148 0.00148 0.00148 0.00148 0.00148 0.00148 0.00148 0.00148 0.00148 0.00148 0.00148 0.00148 0.00148 0.00148 0.00148 0.00148 0.00148 0.00148 0.00148 0.00148 0.00148 0.00148 0.00148 0.00148 0.00148 0.00148 0.00148 0.00148 0.00148 0.00148 0.00148 0.00148 0.00148 0.00148 0.00148 0.00148 0.00148 0.00148 0.00148 0.00148 0.00148 0.00148 0.00148 0.00148 0.00148 0.00148 0.00148 0.00148 0.00148 0.00148 0.00148 0.00148 0.00148 0.00148 0.00148 0.00148 0.00148 0.00148 0.00148 0.00148 0.00148 0.00148 0.00148 0.00148 0.00148 0.00148 0.00148 0.00148 0.00148 0.00148 0.00148 0.00148 0.00148 0.00148 0.00148 0.00148 0.00148 0.00148 0.00148 0.00148 0.00148 0.00148 0.00148 0.00148 0.00148 0.00148 0.00148 0.00148 0.00148 0.00148 0.00148 0.00148 0.00148 0.00148 0.00148 0.00148 0.00148 0.00148 0.00148 0.00148 0.00148 0.00148 0.00148 0.00148 0.00148 0.00148 0.00148 0.00148
