grade — lambda space, K=4, extent 2.20; 6 bands/octave over 40..20000 Hz, kernel 0.0833 oct, strike 0 listen 0, 1/omega, damping 5.0/s at 0.200 s

variety per unit of travel: mean 19.474, 5th pct 5.634, 95th pct 33.638
spread: 5.97x   (FM 1.83x, Saw 2.03x, Shapes 8.47x in Kyklophoria's table; 1.0 is isotropic)
twins: 0.0% of random pairs within 0.05
axes:  axis 0 35.138  axis 1 18.939  axis 2 13.351  axis 3 8.872
modes skipped as unrenderable (non-positive or above the top band): 0.00 per evaluation over 41604 evaluations

continuity (cont_check): largest step at step/500 and step/2000, ratio ~4 smooth, ~1 cliff
  axis    spec/500   spec/2000   ratio      logf/500   logf/2000   ratio
  0        0.12155     0.03064    3.97       0.02303     0.00576    4.00
  1        0.12075     0.03044    3.97       0.01417     0.00354    4.00
  2        0.03836     0.00960    4.00       0.00816     0.00204    4.00
  3        0.02592     0.00648    4.00       0.00585     0.00146    4.00

where the frequencies move fastest along each axis (log-frequency step per 1/500 of travel, in tenths of the axis):
  axis 0: 0.0230 0.0230 0.0230 0.0230 0.0230 0.0230 0.0230 0.0230 0.0230 0.0230   peak 0.0230
  axis 1: 0.0142 0.0142 0.0142 0.0142 0.0142 0.0142 0.0142 0.0142 0.0142 0.0142   peak 0.0142
  axis 2: 0.0082 0.0082 0.0082 0.0082 0.0082 0.0082 0.0082 0.0082 0.0082 0.0082   peak 0.0082
  axis 3: 0.0058 0.0058 0.0058 0.0058 0.0058 0.0058 0.0058 0.0058 0.0058 0.0058   peak 0.0058

veering map — second difference of each aligned slot's log frequency along each sweep, in cents.
a smooth trajectory is under 100; a slot that trades places with its neighbour is hundreds.
listed: every (family, parameter, slot) over 300 cents, and each family's worst.
  bar: (0.927, slot 2: 1133) (0.927, slot 4: 1136)
    2 over 300 cents; worst 1136 cents at parameter 0.927, slot 4
  plate: (1.182, slot 0: 2812) (1.182, slot 1: 598) (1.182, slot 4: 1388) (1.182, slot 5: 1050) (1.182, slot 6: 1406) (1.182, slot 7: 1528) (1.182, slot 9: 1014) (1.182, slot 11: 1956) (1.182, slot 15: 1027) (1.182, slot 16: 2013) (1.182, slot 18: 2636) (1.182, slot 19: 579) (1.182, slot 20: 4300) (1.182, slot 21: 1115) (1.182, slot 23: 1815) (1.182, slot 24: 1362) (1.182, slot 26: 3187) (1.364, slot 1: 328) (1.364, slot 6: 1564) (1.364, slot 9: 1986) (1.364, slot 12: 563) (1.364, slot 15: 949) (1.364, slot 17: 329) (1.364, slot 21: 1705) (1.364, slot 23: 1316) (1.364, slot 24: 1131) (1.546, slot 1: 618) (1.546, slot 9: 1727) (1.546, slot 21: 744) (1.727, slot 1: 347) (1.727, slot 18: 446) (1.909, slot 1: 765) (1.909, slot 9: 1464) (1.909, slot 12: 1483) (1.909, slot 18: 867) (2.091, slot 9: 1479) (2.091, slot 12: 1399) (2.091, slot 18: 332) (2.273, slot 12: 1145) (2.273, slot 20: 1766) (2.454, slot 12: 1143) (2.454, slot 20: 1756)
    42 over 300 cents; worst 4300 cents at parameter 1.182, slot 20
  bell: (0.218, slot 35: 448) (0.436, slot 32: 727) (0.545, slot 32: 643) (0.545, slot 36: 309) (0.655, slot 22: 781) (0.655, slot 33: 756) (0.764, slot 22: 759) (0.764, slot 30: 347) (0.764, slot 33: 782) (1.091, slot 29: 661)
    10 over 300 cents; worst 782 cents at parameter 0.764, slot 33

profiles: per axis, 500 steps, spectrum step then log-frequency step
axis 0 spec: 0.07177 0.05992 0.05129 0.04693 0.04753 0.05300 0.06256 0.07514 0.08943 0.10360 0.11518 0.12155 0.12101 0.11372 0.10160 0.08733 0.07330 0.06126 0.05247 0.04794 0.04833 0.05350 0.06263 0.07465 0.08826 0.10171 0.11268 0.11877 0.11841 0.11171 0.10041 0.08693 0.07357 0.06204 0.05360 0.04932 0.04983 0.05508 0.06430 0.07641 0.09005 0.10338 0.11400 0.11948 0.11837 0.11096 0.09909 0.08526 0.07169 0.06005 0.05154 0.04723 0.04781 0.05323 0.06271 0.07516 0.08929 0.10325 0.11459 0.12074 0.12007 0.11275 0.10068 0.08649 0.07251 0.06047 0.05163 0.04701 0.04729 0.05235 0.06136 0.07323 0.08667 0.10000 0.11099 0.11727 0.11728 0.11104 0.10015 0.08699 0.07381 0.06234 0.05389 0.04952 0.04990 0.05494 0.06387 0.07559 0.08875 0.10154 0.11169 0.11692 0.11587 0.10879 0.09739 0.08401 0.07080 0.05937 0.05099 0.04674 0.04735 0.05275 0.06209 0.07423 0.08785 0.10112 0.11172 0.11730 0.11641 0.10928 0.09766 0.08399 0.07047 0.05875 0.05009 0.04558 0.04593 0.05102 0.05994 0.07157 0.08461 0.09740 0.10783 0.11373 0.11365 0.10763 0.09716 0.08444 0.07161 0.06037 0.05204 0.04770 0.04803 0.05287 0.06133 0.07228 0.08440 0.09608 0.10539 0.11041 0.10998 0.10422 0.09447 0.08271 0.07086 0.06050 0.05292 0.04917 0.04993 0.05505 0.06371 0.07477 0.08683 0.09817 0.10675 0.11070 0.10902 0.10207 0.09138 0.07896 0.06664 0.05587 0.04782 0.04357 0.04385 0.04861 0.05700 0.06793 0.08021 0.09240 0.10264 0.10900 0.11009 0.10569 0.09691 0.08564 0.07389 0.06334 0.05534 0.05096 0.05084 0.05489 0.06232 0.07202 0.08269 0.09281 0.10068 0.10470 0.10394 0.09855 0.08962 0.07881 0.06775 0.05785 0.05033 0.04634 0.04667 0.05139 0.05971 0.07051 0.08248 0.09398 0.10311 0.10797 0.10744 0.10162 0.09182 0.07993 0.06783 0.05703 0.04880 0.04430 0.04439 0.04905 0.05740 0.06825 0.08033 0.09206 0.10158 0.10700 0.10708 0.10178 0.09232 0.08058 0.06847 0.05759 0.04927 0.04469 0.04463 0.04897 0.05673 0.06670 0.07760 0.08803 0.09636 0.10109 0.10123 0.09676 0.08865 0.07845 0.06778 0.05809 0.05068 0.04671 0.04695 0.05142 0.05919 0.06916 0.07998 0.09010 0.09784 0.10164 0.10064 0.09502 0.08592 0.07496 0.06375 0.05371 0.04607 0.04211 0.04272 0.04778 0.05629 0.06699 0.07858 0.08955 0.09815 0.10273 0.10229 0.09694 0.08783 0.07668 0.06521 0.05490 0.04701 0.04267 0.04258 0.04663 0.05378 0.06283 0.07260 0.08189 0.08932 0.09365 0.09405 0.09044 0.08351 0.07448 0.06460 0.05555 0.04824 0.04398 0.04364 0.04725 0.05384 0.06210 0.07068 0.07824 0.08352 0.08553 0.08384 0.07871 0.07099 0.06177 0.05224 0.04345 0.03660 0.03303 0.03395 0.03884 0.04671 0.05613 0.06591 0.07484 0.08170 0.08541 0.08535 0.08160 0.07495 0.06658 0.05784 0.05006 0.04451 0.04227 0.04377 0.04843 0.05510 0.06254 0.06954 0.07506 0.07820 0.07847 0.07586 0.07087 0.06431 0.05713 0.05027 0.04457 0.04081 0.03956 0.04104 0.04492 0.05055 0.05715 0.06389 0.06993 0.07441 0.07664 0.07628 0.07335 0.06836 0.06199 0.05507 0.04839 0.04264 0.03846 0.03636 0.03664 0.03910 0.04323 0.04833 0.05365 0.05843 0.06193 0.06352 0.06282 0.05979 0.05473 0.04826 0.04124 0.03475 0.03019 0.02900 0.03183 0.03784 0.04550 0.05336 0.06078 0.06680 0.07066 0.07182 0.07016 0.06594 0.05982 0.05270 0.04561 0.03973 0.03633 0.03627 0.03988 0.04599 0.05345 0.06117 0.06817 0.07353 0.07652 0.07663 0.07411 0.06914 0.06260 0.05543 0.04867 0.04341 0.04073 0.04116 0.04505 0.05113 0.05843 0.06586 0.07234 0.07688 0.07871 0.07746 0.07326 0.06667 0.05852 0.04973 0.04124 0.03396 0.02969 0.02939 0.03341 0.04037 0.04890 0.05786 0.06627 0.07317 0.07766 0.07909 0.07728 0.07254 0.06562 0.05748 0.04919 0.04184 0.03665 0.03488 0.03659 0.04130 0.04764 0.05438 0.06052 0.06529 0.06778 0.06791 0.06554 0.06097 0.05475 0.04756 0.04013 0.03332 0.02820 0.02604 0.02748 0.03179 0.03756 0.04357 0.04894 0.05300 0.05527 0.05551 0.05375 0.05023 0.04542 0.03987 0.03430 0.02910 0.02549 0.02417 0.02547 0.02889 0.03356 0.03870 0.04374 0.04823 0.05181 0.05422 0.05531 0.05510 0.05372 0.05146 0.04866 0.04565 0.04272 0.04008 0.03781 0.03594 0.03439 0.03308 0.03195 0.03086 0.02983 0.02880 0.02777 0.02673 0.02570 0.02470 0.02372 0.02280 0.02194
axis 0 logf: 0.02303 0.02303 0.02303 0.02303 0.02303 0.02303 0.02303 0.02303 0.02303 0.02303 0.02303 0.02303 0.02303 0.02303 0.02303 0.02303 0.02303 0.02303 0.02303 0.02303 0.02303 0.02303 0.02303 0.02303 0.02303 0.02303 0.02303 0.02303 0.02303 0.02303 0.02303 0.02303 0.02303 0.02303 0.02303 0.02303 0.02303 0.02303 0.02303 0.02303 0.02303 0.02303 0.02303 0.02303 0.02303 0.02303 0.02303 0.02303 0.02303 0.02303 0.02303 0.02303 0.02303 0.02303 0.02303 0.02303 0.02303 0.02303 0.02303 0.02303 0.02303 0.02303 0.02303 0.02303 0.02303 0.02303 0.02303 0.02303 0.02303 0.02303 0.02303 0.02303 0.02303 0.02303 0.02303 0.02303 0.02303 0.02303 0.02303 0.02303 0.02303 0.02303 0.02303 0.02303 0.02303 0.02303 0.02303 0.02303 0.02303 0.02303 0.02303 0.02303 0.02303 0.02303 0.02303 0.02303 0.02303 0.02303 0.02303 0.02303 0.02303 0.02303 0.02303 0.02303 0.02303 0.02303 0.02303 0.02303 0.02303 0.02303 0.02303 0.02303 0.02303 0.02303 0.02303 0.02303 0.02303 0.02303 0.02303 0.02303 0.02303 0.02303 0.02303 0.02303 0.02303 0.02303 0.02303 0.02303 0.02303 0.02303 0.02303 0.02303 0.02303 0.02303 0.02303 0.02303 0.02303 0.02303 0.02303 0.02303 0.02303 0.02303 0.02303 0.02303 0.02303 0.02303 0.02303 0.02303 0.02303 0.02303 0.02303 0.02303 0.02303 0.02303 0.02303 0.02303 0.02303 0.02303 0.02303 0.02303 0.02303 0.02303 0.02303 0.02303 0.02303 0.02303 0.02303 0.02303 0.02303 0.02303 0.02303 0.02303 0.02303 0.02303 0.02303 0.02303 0.02303 0.02303 0.02303 0.02303 0.02303 0.02303 0.02303 0.02303 0.02303 0.02303 0.02303 0.02303 0.02303 0.02303 0.02303 0.02303 0.02303 0.02303 0.02303 0.02303 0.02303 0.02303 0.02303 0.02303 0.02303 0.02303 0.02303 0.02303 0.02303 0.02303 0.02303 0.02303 0.02303 0.02303 0.02303 0.02303 0.02303 0.02303 0.02303 0.02303 0.02303 0.02303 0.02303 0.02303 0.02303 0.02303 0.02303 0.02303 0.02303 0.02303 0.02303 0.02303 0.02303 0.02303 0.02303 0.02303 0.02303 0.02303 0.02303 0.02303 0.02303 0.02303 0.02303 0.02303 0.02303 0.02303 0.02303 0.02303 0.02303 0.02303 0.02303 0.02303 0.02303 0.02303 0.02303 0.02303 0.02303 0.02303 0.02303 0.02303 0.02303 0.02303 0.02303 0.02303 0.02303 0.02303 0.02303 0.02303 0.02303 0.02303 0.02303 0.02303 0.02303 0.02303 0.02303 0.02303 0.02303 0.02303 0.02303 0.02303 0.02303 0.02303 0.02303 0.02303 0.02303 0.02303 0.02303 0.02303 0.02303 0.02303 0.02303 0.02303 0.02303 0.02303 0.02303 0.02303 0.02303 0.02303 0.02303 0.02303 0.02303 0.02303 0.02303 0.02303 0.02303 0.02303 0.02303 0.02303 0.02303 0.02303 0.02303 0.02303 0.02303 0.02303 0.02303 0.02303 0.02303 0.02303 0.02303 0.02303 0.02303 0.02303 0.02303 0.02303 0.02303 0.02303 0.02303 0.02303 0.02303 0.02303 0.02303 0.02303 0.02303 0.02303 0.02303 0.02303 0.02303 0.02303 0.02303 0.02303 0.02303 0.02303 0.02303 0.02303 0.02303 0.02303 0.02303 0.02303 0.02303 0.02303 0.02303 0.02303 0.02303 0.02303 0.02303 0.02303 0.02303 0.02303 0.02303 0.02303 0.02303 0.02303 0.02303 0.02303 0.02303 0.02303 0.02303 0.02303 0.02303 0.02303 0.02303 0.02303 0.02303 0.02303 0.02303 0.02303 0.02303 0.02303 0.02303 0.02303 0.02303 0.02303 0.02303 0.02303 0.02303 0.02303 0.02303 0.02303 0.02303 0.02303 0.02303 0.02303 0.02303 0.02303 0.02303 0.02303 0.02303 0.02303 0.02303 0.02303 0.02303 0.02303 0.02303 0.02303 0.02303 0.02303 0.02303 0.02303 0.02303 0.02303 0.02303 0.02303 0.02303 0.02303 0.02303 0.02303 0.02303 0.02303 0.02303 0.02303 0.02303 0.02303 0.02303 0.02303 0.02303 0.02303 0.02303 0.02303 0.02303 0.02303 0.02303 0.02303 0.02303 0.02303 0.02303 0.02303 0.02303 0.02303 0.02303 0.02303 0.02303 0.02303 0.02303 0.02303 0.02303 0.02303 0.02303 0.02303 0.02303 0.02303 0.02303 0.02303 0.02303 0.02303 0.02303 0.02303 0.02303 0.02303 0.02303 0.02303 0.02303 0.02303 0.02303 0.02303 0.02303 0.02303 0.02303 0.02303 0.02303 0.02303 0.02303 0.02303 0.02303 0.02303 0.02303 0.02303 0.02303 0.02303 0.02303 0.02303 0.02303 0.02303 0.02303 0.02303 0.02303 0.02303 0.02303 0.02303 0.02303 0.02303 0.02303 0.02303 0.02303 0.02303 0.02303 0.02303 0.02303 0.02303 0.02303 0.02303 0.02303 0.02303 0.02303 0.02303
axis 1 spec: 0.08123 0.09676 0.11077 0.11968 0.12075 0.11355 0.10015 0.08393 0.06826 0.05600 0.04977 0.05120 0.05941 0.07192 0.08621 0.09977 0.10999 0.11460 0.11269 0.10520 0.09452 0.08343 0.07424 0.06844 0.06650 0.06800 0.07195 0.07729 0.08305 0.08846 0.09295 0.09624 0.09819 0.09881 0.09808 0.09589 0.09220 0.08712 0.08104 0.07462 0.06874 0.06450 0.06297 0.06504 0.07093 0.07986 0.09028 0.09990 0.10625 0.10735 0.10253 0.09270 0.07987 0.06637 0.05455 0.04684 0.04579 0.05185 0.06305 0.07681 0.09052 0.10153 0.10733 0.10646 0.09923 0.08758 0.07420 0.06174 0.05245 0.04855 0.05035 0.05706 0.06625 0.07619 0.08522 0.09189 0.09513 0.09461 0.09083 0.08485 0.07822 0.07194 0.06684 0.06332 0.06146 0.06112 0.06251 0.06510 0.06892 0.07371 0.07904 0.08412 0.08822 0.09017 0.08924 0.08519 0.07839 0.06976 0.06052 0.05218 0.04644 0.04533 0.04938 0.05760 0.06818 0.07878 0.08728 0.09176 0.09102 0.08500 0.07478 0.06206 0.04875 0.03700 0.02998 0.03109 0.03918 0.05041 0.06199 0.07205 0.07905 0.08183 0.07993 0.07375 0.06445 0.05358 0.04293 0.03429 0.03011 0.03174 0.03721 0.04458 0.05187 0.05800 0.06225 0.06419 0.06367 0.06097 0.05640 0.05070 0.04457 0.03878 0.03412 0.03137 0.03112 0.03283 0.03632 0.04065 0.04518 0.04933 0.05245 0.05417 0.05409 0.05213 0.04847 0.04359 0.03820 0.03321 0.02970 0.02879 0.03056 0.03470 0.03980 0.04497 0.04934 0.05231 0.05355 0.05301 0.05096 0.04786 0.04434 0.04105 0.03861 0.03737 0.03746 0.03865 0.04058 0.04284 0.04510 0.04713 0.04876 0.04984 0.05024 0.04984 0.04852 0.04629 0.04318 0.03937 0.03516 0.03109 0.02788 0.02636 0.02702 0.02957 0.03314 0.03677 0.03971 0.04141 0.04156 0.04006 0.03709 0.03301 0.02836 0.02394 0.02086 0.02037 0.02297 0.02786 0.03394 0.04030 0.04615 0.05075 0.05341 0.05361 0.05119 0.04647 0.04028 0.03406 0.02991 0.03019 0.03492 0.04219 0.04994 0.05665 0.06122 0.06297 0.06168 0.05760 0.05142 0.04416 0.03705 0.03164 0.02953 0.03126 0.03573 0.04121 0.04633 0.05017 0.05214 0.05198 0.04974 0.04576 0.04058 0.03492 0.02959 0.02554 0.02359 0.02393 0.02593 0.02856 0.03108 0.03301 0.03412 0.03433 0.03371 0.03238 0.03058 0.02850 0.02639 0.02451 0.02305 0.02220 0.02202 0.02248 0.02344 0.02468 0.02595 0.02704 0.02774 0.02792 0.02748 0.02644 0.02479 0.02275 0.02050 0.01835 0.01667 0.01586 0.01616 0.01735 0.01921 0.02128 0.02325 0.02486 0.02593 0.02635 0.02608 0.02515 0.02368 0.02177 0.01971 0.01773 0.01606 0.01498 0.01466 0.01501 0.01576 0.01661 0.01731 0.01766 0.01754 0.01690 0.01577 0.01424 0.01251 0.01098 0.01023 0.01083 0.01258 0.01514 0.01793 0.02058 0.02277 0.02436 0.02519 0.02518 0.02434 0.02272 0.02047 0.01782 0.01508 0.01276 0.01151 0.01182 0.01342 0.01566 0.01793 0.01990 0.02130 0.02202 0.02203 0.02136 0.02010 0.01842 0.01653 0.01474 0.01337 0.01268 0.01280 0.01353 0.01456 0.01558 0.01640 0.01684 0.01693 0.01660 0.01591 0.01498 0.01391 0.01289 0.01212 0.01179 0.01199 0.01270 0.01374 0.01492 0.01604 0.01698 0.01761 0.01789 0.01778 0.01730 0.01649 0.01549 0.01449 0.01372 0.01339 0.01364 0.01444 0.01559 0.01688 0.01807 0.01902 0.01963 0.01985 0.01968 0.01916 0.01839 0.01749 0.01663 0.01597 0.01565 0.01575 0.01621 0.01691 0.01767 0.01836 0.01884 0.01903 0.01890 0.01846 0.01774 0.01683 0.01583 0.01489 0.01413 0.01365 0.01354 0.01370 0.01405 0.01445 0.01480 0.01502 0.01507 0.01495 0.01468 0.01431 0.01388 0.01343 0.01301 0.01263 0.01230 0.01203 0.01181 0.01162 0.01146 0.01131 0.01118 0.01105 0.01092 0.01080 0.01068 0.01056 0.01044 0.01034 0.01024 0.01014 0.01006 0.00998 0.00992 0.00986 0.00981 0.00977 0.00974 0.00971 0.00968 0.00966 0.00964 0.00962 0.00960 0.00957 0.00954 0.00950 0.00946 0.00940 0.00933 0.00926 0.00917 0.00907 0.00896 0.00884 0.00871 0.00857 0.00842 0.00827 0.00811 0.00794 0.00777 0.00760 0.00743 0.00727 0.00710 0.00695 0.00680 0.00666 0.00653 0.00641 0.00631 0.00621 0.00613 0.00607 0.00602 0.00599 0.00595 0.00593 0.00592 0.00592 0.00592 0.00594 0.00595 0.00597 0.00600 0.00602 0.00605 0.00608 0.00612 0.00616 0.00620 0.00624 0.00629 0.00635 0.00641 0.00648 0.00655 0.00664 0.00673 0.00684 0.00695 0.00707 0.00720
axis 1 logf: 0.01417 0.01417 0.01417 0.01417 0.01417 0.01417 0.01417 0.01417 0.01417 0.01417 0.01417 0.01417 0.01417 0.01417 0.01417 0.01417 0.01417 0.01417 0.01417 0.01417 0.01417 0.01417 0.01417 0.01417 0.01417 0.01417 0.01417 0.01417 0.01417 0.01417 0.01417 0.01417 0.01417 0.01417 0.01417 0.01417 0.01417 0.01417 0.01417 0.01417 0.01417 0.01417 0.01417 0.01417 0.01417 0.01417 0.01417 0.01417 0.01417 0.01417 0.01417 0.01417 0.01417 0.01417 0.01417 0.01417 0.01417 0.01417 0.01417 0.01417 0.01417 0.01417 0.01417 0.01417 0.01417 0.01417 0.01417 0.01417 0.01417 0.01417 0.01417 0.01417 0.01417 0.01417 0.01417 0.01417 0.01417 0.01417 0.01417 0.01417 0.01417 0.01417 0.01417 0.01417 0.01417 0.01417 0.01417 0.01417 0.01417 0.01417 0.01417 0.01417 0.01417 0.01417 0.01417 0.01417 0.01417 0.01417 0.01417 0.01417 0.01417 0.01417 0.01417 0.01417 0.01417 0.01417 0.01417 0.01417 0.01417 0.01417 0.01417 0.01417 0.01417 0.01417 0.01417 0.01417 0.01417 0.01417 0.01417 0.01417 0.01417 0.01417 0.01417 0.01417 0.01417 0.01417 0.01417 0.01417 0.01417 0.01417 0.01417 0.01417 0.01417 0.01417 0.01417 0.01417 0.01417 0.01417 0.01417 0.01417 0.01417 0.01417 0.01417 0.01417 0.01417 0.01417 0.01417 0.01417 0.01417 0.01417 0.01417 0.01417 0.01417 0.01417 0.01417 0.01417 0.01417 0.01417 0.01417 0.01417 0.01417 0.01417 0.01417 0.01417 0.01417 0.01417 0.01417 0.01417 0.01417 0.01417 0.01417 0.01417 0.01417 0.01417 0.01417 0.01417 0.01417 0.01417 0.01417 0.01417 0.01417 0.01417 0.01417 0.01417 0.01417 0.01417 0.01417 0.01417 0.01417 0.01417 0.01417 0.01417 0.01417 0.01417 0.01417 0.01417 0.01417 0.01417 0.01417 0.01417 0.01417 0.01417 0.01417 0.01417 0.01417 0.01417 0.01417 0.01417 0.01417 0.01417 0.01417 0.01417 0.01417 0.01417 0.01417 0.01417 0.01417 0.01417 0.01417 0.01417 0.01417 0.01417 0.01417 0.01417 0.01417 0.01417 0.01417 0.01417 0.01417 0.01417 0.01417 0.01417 0.01417 0.01417 0.01417 0.01417 0.01417 0.01417 0.01417 0.01417 0.01417 0.01417 0.01417 0.01417 0.01417 0.01417 0.01417 0.01417 0.01417 0.01417 0.01417 0.01417 0.01417 0.01417 0.01417 0.01417 0.01417 0.01417 0.01417 0.01417 0.01417 0.01417 0.01417 0.01417 0.01417 0.01417 0.01417 0.01417 0.01417 0.01417 0.01417 0.01417 0.01417 0.01417 0.01417 0.01417 0.01417 0.01417 0.01417 0.01417 0.01417 0.01417 0.01417 0.01417 0.01417 0.01417 0.01417 0.01417 0.01417 0.01417 0.01417 0.01417 0.01417 0.01417 0.01417 0.01417 0.01417 0.01417 0.01417 0.01417 0.01417 0.01417 0.01417 0.01417 0.01417 0.01417 0.01417 0.01417 0.01417 0.01417 0.01417 0.01417 0.01417 0.01417 0.01417 0.01417 0.01417 0.01417 0.01417 0.01417 0.01417 0.01417 0.01417 0.01417 0.01417 0.01417 0.01417 0.01417 0.01417 0.01417 0.01417 0.01417 0.01417 0.01417 0.01417 0.01417 0.01417 0.01417 0.01417 0.01417 0.01417 0.01417 0.01417 0.01417 0.01417 0.01417 0.01417 0.01417 0.01417 0.01417 0.01417 0.01417 0.01417 0.01417 0.01417 0.01417 0.01417 0.01417 0.01417 0.01417 0.01417 0.01417 0.01417 0.01417 0.01417 0.01417 0.01417 0.01417 0.01417 0.01417 0.01417 0.01417 0.01417 0.01417 0.01417 0.01417 0.01417 0.01417 0.01417 0.01417 0.01417 0.01417 0.01417 0.01417 0.01417 0.01417 0.01417 0.01417 0.01417 0.01417 0.01417 0.01417 0.01417 0.01417 0.01417 0.01417 0.01417 0.01417 0.01417 0.01417 0.01417 0.01417 0.01417 0.01417 0.01417 0.01417 0.01417 0.01417 0.01417 0.01417 0.01417 0.01417 0.01417 0.01417 0.01417 0.01417 0.01417 0.01417 0.01417 0.01417 0.01417 0.01417 0.01417 0.01417 0.01417 0.01417 0.01417 0.01417 0.01417 0.01417 0.01417 0.01417 0.01417 0.01417 0.01417 0.01417 0.01417 0.01417 0.01417 0.01417 0.01417 0.01417 0.01417 0.01417 0.01417 0.01417 0.01417 0.01417 0.01417 0.01417 0.01417 0.01417 0.01417 0.01417 0.01417 0.01417 0.01417 0.01417 0.01417 0.01417 0.01417 0.01417 0.01417 0.01417 0.01417 0.01417 0.01417 0.01417 0.01417 0.01417 0.01417 0.01417 0.01417 0.01417 0.01417 0.01417 0.01417 0.01417 0.01417 0.01417 0.01417 0.01417 0.01417 0.01417 0.01417 0.01417 0.01417 0.01417 0.01417 0.01417 0.01417 0.01417 0.01417 0.01417 0.01417 0.01417 0.01417 0.01417 0.01417 0.01417
axis 2 spec: 0.01622 0.01676 0.01734 0.01795 0.01857 0.01919 0.01978 0.02035 0.02086 0.02133 0.02172 0.02204 0.02227 0.02241 0.02246 0.02241 0.02226 0.02202 0.02169 0.02128 0.02079 0.02023 0.01961 0.01895 0.01824 0.01751 0.01677 0.01603 0.01530 0.01459 0.01393 0.01332 0.01278 0.01232 0.01197 0.01173 0.01166 0.01162 0.01177 0.01204 0.01244 0.01296 0.01357 0.01428 0.01506 0.01590 0.01680 0.01773 0.01869 0.01966 0.02063 0.02159 0.02252 0.02341 0.02425 0.02502 0.02579 0.02631 0.02679 0.02717 0.02742 0.02754 0.02753 0.02740 0.02713 0.02674 0.02625 0.02564 0.02495 0.02418 0.02335 0.02247 0.02156 0.02063 0.01971 0.01880 0.01792 0.01710 0.01634 0.01566 0.01508 0.01462 0.01431 0.01410 0.01406 0.01418 0.01446 0.01489 0.01546 0.01616 0.01697 0.01788 0.01888 0.01995 0.02107 0.02224 0.02342 0.02462 0.02580 0.02696 0.02806 0.02909 0.03004 0.03088 0.03159 0.03215 0.03257 0.03281 0.03289 0.03280 0.03253 0.03211 0.03153 0.03082 0.03000 0.02907 0.02807 0.02702 0.02593 0.02482 0.02372 0.02265 0.02163 0.02067 0.01979 0.01901 0.01835 0.01782 0.01743 0.01718 0.01714 0.01729 0.01750 0.01792 0.01849 0.01919 0.02002 0.02096 0.02200 0.02311 0.02427 0.02548 0.02671 0.02794 0.02915 0.03032 0.03142 0.03243 0.03333 0.03409 0.03471 0.03515 0.03541 0.03549 0.03538 0.03508 0.03461 0.03397 0.03308 0.03228 0.03126 0.03017 0.02902 0.02783 0.02663 0.02544 0.02427 0.02316 0.02210 0.02113 0.02026 0.01949 0.01885 0.01835 0.01798 0.01775 0.01773 0.01783 0.01809 0.01849 0.01904 0.01972 0.02051 0.02140 0.02239 0.02345 0.02457 0.02572 0.02690 0.02808 0.02924 0.03036 0.03142 0.03238 0.03324 0.03397 0.03455 0.03496 0.03520 0.03525 0.03511 0.03479 0.03429 0.03363 0.03282 0.03189 0.03085 0.02972 0.02854 0.02732 0.02608 0.02485 0.02364 0.02248 0.02138 0.02037 0.01945 0.01864 0.01796 0.01742 0.01704 0.01682 0.01677 0.01690 0.01719 0.01764 0.01824 0.01898 0.01985 0.02083 0.02190 0.02304 0.02425 0.02550 0.02677 0.02807 0.02931 0.03052 0.03166 0.03271 0.03364 0.03444 0.03507 0.03553 0.03580 0.03588 0.03575 0.03543 0.03493 0.03425 0.03343 0.03247 0.03140 0.03025 0.02904 0.02779 0.02653 0.02529 0.02408 0.02291 0.02186 0.02081 0.01990 0.01911 0.01845 0.01793 0.01756 0.01736 0.01731 0.01743 0.01772 0.01815 0.01873 0.01945 0.02028 0.02123 0.02226 0.02337 0.02454 0.02575 0.02699 0.02823 0.02946 0.03062 0.03173 0.03275 0.03366 0.03443 0.03504 0.03548 0.03573 0.03579 0.03565 0.03531 0.03479 0.03410 0.03326 0.03228 0.03120 0.03003 0.02880 0.02753 0.02626 0.02499 0.02376 0.02258 0.02146 0.02044 0.01952 0.01873 0.01807 0.01756 0.01721 0.01703 0.01702 0.01718 0.01751 0.01801 0.01865 0.01943 0.02034 0.02136 0.02247 0.02367 0.02492 0.02623 0.02756 0.02889 0.03022 0.03149 0.03271 0.03384 0.03485 0.03571 0.03642 0.03694 0.03726 0.03738 0.03729 0.03699 0.03649 0.03581 0.03497 0.03398 0.03287 0.03168 0.03042 0.02913 0.02782 0.02653 0.02526 0.02405 0.02292 0.02186 0.02092 0.02008 0.01938 0.01881 0.01840 0.01814 0.01803 0.01808 0.01828 0.01863 0.01912 0.01974 0.02048 0.02133 0.02227 0.02329 0.02438 0.02552 0.02669 0.02789 0.02908 0.03026 0.03140 0.03248 0.03347 0.03436 0.03513 0.03575 0.03622 0.03651 0.03663 0.03656 0.03632 0.03591 0.03533 0.03462 0.03378 0.03283 0.03181 0.03073 0.02961 0.02849 0.02737 0.02628 0.02524 0.02426 0.02337 0.02257 0.02188 0.02132 0.02088 0.02058 0.02042 0.02041 0.02055 0.02082 0.02124 0.02178 0.02245 0.02322 0.02409 0.02505 0.02607 0.02714 0.02824 0.02936 0.03048 0.03156 0.03260 0.03356 0.03442 0.03517 0.03578 0.03624 0.03652 0.03663 0.03656 0.03630 0.03587 0.03527 0.03453 0.03365 0.03266 0.03158 0.03044 0.02925 0.02804 0.02682 0.02563 0.02448 0.02338 0.02236 0.02142 0.02059 0.01988 0.01930 0.01887 0.01859 0.01846 0.01850 0.01871 0.01908 0.01960 0.02027 0.02108 0.02201 0.02305 0.02419 0.02541 0.02670 0.02801 0.02935 0.03068 0.03200 0.03325 0.03443 0.03550 0.03643 0.03720 0.03779 0.03818 0.03836 0.03832 0.03807 0.03761 0.03695 0.03612 0.03513 0.03402 0.03281 0.03152 0.03019 0.02883 0.02749 0.02617 0.02489 0.02369 0.02257 0.02155 0.02064 0.01987 0.01924 0.01876 0.01846 0.01831 0.01835
axis 2 logf: 0.00816 0.00816 0.00816 0.00816 0.00816 0.00816 0.00816 0.00816 0.00816 0.00816 0.00816 0.00816 0.00816 0.00816 0.00816 0.00816 0.00816 0.00816 0.00816 0.00816 0.00816 0.00816 0.00816 0.00816 0.00816 0.00816 0.00816 0.00816 0.00816 0.00816 0.00816 0.00816 0.00816 0.00816 0.00816 0.00816 0.00816 0.00816 0.00816 0.00816 0.00816 0.00816 0.00816 0.00816 0.00816 0.00816 0.00816 0.00816 0.00816 0.00816 0.00816 0.00816 0.00816 0.00816 0.00816 0.00816 0.00816 0.00816 0.00816 0.00816 0.00816 0.00816 0.00816 0.00816 0.00816 0.00816 0.00816 0.00816 0.00816 0.00816 0.00816 0.00816 0.00816 0.00816 0.00816 0.00816 0.00816 0.00816 0.00816 0.00816 0.00816 0.00816 0.00816 0.00816 0.00816 0.00816 0.00816 0.00816 0.00816 0.00816 0.00816 0.00816 0.00816 0.00816 0.00816 0.00816 0.00816 0.00816 0.00816 0.00816 0.00816 0.00816 0.00816 0.00816 0.00816 0.00816 0.00816 0.00816 0.00816 0.00816 0.00816 0.00816 0.00816 0.00816 0.00816 0.00816 0.00816 0.00816 0.00816 0.00816 0.00816 0.00816 0.00816 0.00816 0.00816 0.00816 0.00816 0.00816 0.00816 0.00816 0.00816 0.00816 0.00816 0.00816 0.00816 0.00816 0.00816 0.00816 0.00816 0.00816 0.00816 0.00816 0.00816 0.00816 0.00816 0.00816 0.00816 0.00816 0.00816 0.00816 0.00816 0.00816 0.00816 0.00816 0.00816 0.00816 0.00816 0.00816 0.00816 0.00816 0.00816 0.00816 0.00816 0.00816 0.00816 0.00816 0.00816 0.00816 0.00816 0.00816 0.00816 0.00816 0.00816 0.00816 0.00816 0.00816 0.00816 0.00816 0.00816 0.00816 0.00816 0.00816 0.00816 0.00816 0.00816 0.00816 0.00816 0.00816 0.00816 0.00816 0.00816 0.00816 0.00816 0.00816 0.00816 0.00816 0.00816 0.00816 0.00816 0.00816 0.00816 0.00816 0.00816 0.00816 0.00816 0.00816 0.00816 0.00816 0.00816 0.00816 0.00816 0.00816 0.00816 0.00816 0.00816 0.00816 0.00816 0.00816 0.00816 0.00816 0.00816 0.00816 0.00816 0.00816 0.00816 0.00816 0.00816 0.00816 0.00816 0.00816 0.00816 0.00816 0.00816 0.00816 0.00816 0.00816 0.00816 0.00816 0.00816 0.00816 0.00816 0.00816 0.00816 0.00816 0.00816 0.00816 0.00816 0.00816 0.00816 0.00816 0.00816 0.00816 0.00816 0.00816 0.00816 0.00816 0.00816 0.00816 0.00816 0.00816 0.00816 0.00816 0.00816 0.00816 0.00816 0.00816 0.00816 0.00816 0.00816 0.00816 0.00816 0.00816 0.00816 0.00816 0.00816 0.00816 0.00816 0.00816 0.00816 0.00816 0.00816 0.00816 0.00816 0.00816 0.00816 0.00816 0.00816 0.00816 0.00816 0.00816 0.00816 0.00816 0.00816 0.00816 0.00816 0.00816 0.00816 0.00816 0.00816 0.00816 0.00816 0.00816 0.00816 0.00816 0.00816 0.00816 0.00816 0.00816 0.00816 0.00816 0.00816 0.00816 0.00816 0.00816 0.00816 0.00816 0.00816 0.00816 0.00816 0.00816 0.00816 0.00816 0.00816 0.00816 0.00816 0.00816 0.00816 0.00816 0.00816 0.00816 0.00816 0.00816 0.00816 0.00816 0.00816 0.00816 0.00816 0.00816 0.00816 0.00816 0.00816 0.00816 0.00816 0.00816 0.00816 0.00816 0.00816 0.00816 0.00816 0.00816 0.00816 0.00816 0.00816 0.00816 0.00816 0.00816 0.00816 0.00816 0.00816 0.00816 0.00816 0.00816 0.00816 0.00816 0.00816 0.00816 0.00816 0.00816 0.00816 0.00816 0.00816 0.00816 0.00816 0.00816 0.00816 0.00816 0.00816 0.00816 0.00816 0.00816 0.00816 0.00816 0.00816 0.00816 0.00816 0.00816 0.00816 0.00816 0.00816 0.00816 0.00816 0.00816 0.00816 0.00816 0.00816 0.00816 0.00816 0.00816 0.00816 0.00816 0.00816 0.00816 0.00816 0.00816 0.00816 0.00816 0.00816 0.00816 0.00816 0.00816 0.00816 0.00816 0.00816 0.00816 0.00816 0.00816 0.00816 0.00816 0.00816 0.00816 0.00816 0.00816 0.00816 0.00816 0.00816 0.00816 0.00816 0.00816 0.00816 0.00816 0.00816 0.00816 0.00816 0.00816 0.00816 0.00816 0.00816 0.00816 0.00816 0.00816 0.00816 0.00816 0.00816 0.00816 0.00816 0.00816 0.00816 0.00816 0.00816 0.00816 0.00816 0.00816 0.00816 0.00816 0.00816 0.00816 0.00816 0.00816 0.00816 0.00816 0.00816 0.00816 0.00816 0.00816 0.00816 0.00816 0.00816 0.00816 0.00816 0.00816 0.00816 0.00816 0.00816 0.00816 0.00816 0.00816 0.00816 0.00816 0.00816 0.00816 0.00816 0.00816 0.00816 0.00816 0.00816 0.00816 0.00816 0.00816 0.00816 0.00816 0.00816 0.00816 0.00816 0.00816 0.00816 0.00816 0.00816 0.00816 0.00816 0.00816
axis 3 spec: 0.02541 0.02508 0.02468 0.02421 0.02369 0.02312 0.02251 0.02186 0.02118 0.02048 0.01976 0.01904 0.01831 0.01759 0.01687 0.01617 0.01549 0.01483 0.01420 0.01360 0.01305 0.01253 0.01206 0.01164 0.01127 0.01097 0.01073 0.01056 0.01045 0.01043 0.01046 0.01057 0.01075 0.01100 0.01131 0.01168 0.01210 0.01258 0.01310 0.01367 0.01427 0.01490 0.01556 0.01624 0.01694 0.01766 0.01838 0.01911 0.01983 0.02054 0.02124 0.02191 0.02256 0.02316 0.02372 0.02424 0.02469 0.02508 0.02540 0.02565 0.02582 0.02591 0.02592 0.02585 0.02569 0.02546 0.02516 0.02478 0.02434 0.02384 0.02329 0.02269 0.02205 0.02138 0.02069 0.01997 0.01925 0.01852 0.01779 0.01707 0.01636 0.01567 0.01500 0.01436 0.01374 0.01317 0.01263 0.01215 0.01171 0.01132 0.01100 0.01074 0.01054 0.01042 0.01038 0.01039 0.01048 0.01065 0.01088 0.01117 0.01153 0.01194 0.01240 0.01291 0.01345 0.01404 0.01466 0.01530 0.01597 0.01665 0.01735 0.01805 0.01876 0.01946 0.02016 0.02084 0.02149 0.02212 0.02271 0.02325 0.02375 0.02420 0.02458 0.02489 0.02514 0.02531 0.02540 0.02542 0.02536 0.02522 0.02500 0.02471 0.02436 0.02394 0.02346 0.02293 0.02235 0.02174 0.02109 0.02042 0.01973 0.01902 0.01831 0.01760 0.01689 0.01620 0.01552 0.01487 0.01422 0.01361 0.01303 0.01249 0.01200 0.01155 0.01116 0.01082 0.01054 0.01033 0.01018 0.01011 0.01011 0.01017 0.01031 0.01052 0.01079 0.01112 0.01151 0.01195 0.01243 0.01296 0.01353 0.01413 0.01476 0.01541 0.01608 0.01677 0.01746 0.01817 0.01887 0.01956 0.02024 0.02091 0.02155 0.02215 0.02272 0.02325 0.02372 0.02414 0.02449 0.02478 0.02499 0.02514 0.02520 0.02519 0.02511 0.02494 0.02471 0.02440 0.02403 0.02359 0.02311 0.02257 0.02199 0.02137 0.02073 0.02006 0.01937 0.01868 0.01798 0.01728 0.01659 0.01591 0.01524 0.01460 0.01398 0.01340 0.01285 0.01234 0.01188 0.01147 0.01111 0.01081 0.01057 0.01041 0.01030 0.01028 0.01032 0.01045 0.01061 0.01086 0.01116 0.01153 0.01194 0.01241 0.01292 0.01347 0.01405 0.01466 0.01529 0.01594 0.01661 0.01729 0.01798 0.01866 0.01933 0.02000 0.02064 0.02126 0.02185 0.02241 0.02291 0.02337 0.02378 0.02412 0.02440 0.02461 0.02474 0.02481 0.02479 0.02471 0.02455 0.02432 0.02402 0.02365 0.02323 0.02275 0.02222 0.02166 0.02105 0.02042 0.01976 0.01909 0.01840 0.01771 0.01702 0.01633 0.01565 0.01499 0.01435 0.01373 0.01314 0.01259 0.01207 0.01159 0.01117 0.01079 0.01047 0.01021 0.01002 0.00990 0.00985 0.00986 0.00995 0.01011 0.01033 0.01064 0.01097 0.01137 0.01182 0.01231 0.01285 0.01342 0.01402 0.01465 0.01530 0.01596 0.01664 0.01733 0.01802 0.01871 0.01939 0.02005 0.02070 0.02131 0.02190 0.02245 0.02295 0.02340 0.02379 0.02413 0.02440 0.02459 0.02472 0.02477 0.02475 0.02465 0.02449 0.02425 0.02394 0.02357 0.02315 0.02267 0.02214 0.02158 0.02098 0.02035 0.01971 0.01904 0.01837 0.01769 0.01702 0.01636 0.01570 0.01507 0.01446 0.01387 0.01332 0.01280 0.01233 0.01190 0.01153 0.01121 0.01095 0.01075 0.01062 0.01055 0.01052 0.01063 0.01077 0.01098 0.01125 0.01158 0.01196 0.01239 0.01286 0.01337 0.01392 0.01450 0.01511 0.01573 0.01637 0.01702 0.01768 0.01833 0.01898 0.01963 0.02025 0.02085 0.02142 0.02195 0.02245 0.02290 0.02329 0.02362 0.02390 0.02410 0.02424 0.02431 0.02430 0.02422 0.02407 0.02384 0.02355 0.02320 0.02278 0.02232 0.02180 0.02124 0.02064 0.02000 0.01935 0.01867 0.01798 0.01728 0.01657 0.01587 0.01518 0.01449 0.01383 0.01318 0.01256 0.01197 0.01141 0.01090 0.01043 0.01000 0.00964 0.00934 0.00910 0.00893 0.00883 0.00884 0.00886 0.00898 0.00917 0.00943 0.00974 0.01010 0.01051 0.01096 0.01144 0.01195 0.01249 0.01304 0.01361 0.01419 0.01477 0.01535 0.01593 0.01650 0.01705 0.01759 0.01811 0.01860 0.01905 0.01947 0.01985 0.02027 0.02048 0.02071 0.02090 0.02102 0.02109 0.02111 0.02106 0.02096 0.02079 0.02058 0.02031 0.01999 0.01963 0.01923 0.01878 0.01830 0.01780 0.01727 0.01671 0.01614 0.01556 0.01498 0.01439 0.01380 0.01322 0.01265 0.01210 0.01156 0.01105 0.01058 0.01013 0.00973 0.00937 0.00907 0.00882 0.00864 0.00852 0.00846 0.00851 0.00856 0.00871 0.00892 0.00918 0.00949 0.00984 0.01023 0.01066 0.01110 0.01157 0.01205 0.01254 0.01303
axis 3 logf: 0.00585 0.00585 0.00585 0.00585 0.00585 0.00585 0.00585 0.00585 0.00585 0.00585 0.00585 0.00585 0.00585 0.00585 0.00585 0.00585 0.00585 0.00585 0.00585 0.00585 0.00585 0.00585 0.00585 0.00585 0.00585 0.00585 0.00585 0.00585 0.00585 0.00585 0.00585 0.00585 0.00585 0.00585 0.00585 0.00585 0.00585 0.00585 0.00585 0.00585 0.00585 0.00585 0.00585 0.00585 0.00585 0.00585 0.00585 0.00585 0.00585 0.00585 0.00585 0.00585 0.00585 0.00585 0.00585 0.00585 0.00585 0.00585 0.00585 0.00585 0.00585 0.00585 0.00585 0.00585 0.00585 0.00585 0.00585 0.00585 0.00585 0.00585 0.00585 0.00585 0.00585 0.00585 0.00585 0.00585 0.00585 0.00585 0.00585 0.00585 0.00585 0.00585 0.00585 0.00585 0.00585 0.00585 0.00585 0.00585 0.00585 0.00585 0.00585 0.00585 0.00585 0.00585 0.00585 0.00585 0.00585 0.00585 0.00585 0.00585 0.00585 0.00585 0.00585 0.00585 0.00585 0.00585 0.00585 0.00585 0.00585 0.00585 0.00585 0.00585 0.00585 0.00585 0.00585 0.00585 0.00585 0.00585 0.00585 0.00585 0.00585 0.00585 0.00585 0.00585 0.00585 0.00585 0.00585 0.00585 0.00585 0.00585 0.00585 0.00585 0.00585 0.00585 0.00585 0.00585 0.00585 0.00585 0.00585 0.00585 0.00585 0.00585 0.00585 0.00585 0.00585 0.00585 0.00585 0.00585 0.00585 0.00585 0.00585 0.00585 0.00585 0.00585 0.00585 0.00585 0.00585 0.00585 0.00585 0.00585 0.00585 0.00585 0.00585 0.00585 0.00585 0.00585 0.00585 0.00585 0.00585 0.00585 0.00585 0.00585 0.00585 0.00585 0.00585 0.00585 0.00585 0.00585 0.00585 0.00585 0.00585 0.00585 0.00585 0.00585 0.00585 0.00585 0.00585 0.00585 0.00585 0.00585 0.00585 0.00585 0.00585 0.00585 0.00585 0.00585 0.00585 0.00585 0.00585 0.00585 0.00585 0.00585 0.00585 0.00585 0.00585 0.00585 0.00585 0.00585 0.00585 0.00585 0.00585 0.00585 0.00585 0.00585 0.00585 0.00585 0.00585 0.00585 0.00585 0.00585 0.00585 0.00585 0.00585 0.00585 0.00585 0.00585 0.00585 0.00585 0.00585 0.00585 0.00585 0.00585 0.00585 0.00585 0.00585 0.00585 0.00585 0.00585 0.00585 0.00585 0.00585 0.00585 0.00585 0.00585 0.00585 0.00585 0.00585 0.00585 0.00585 0.00585 0.00585 0.00585 0.00585 0.00585 0.00585 0.00585 0.00585 0.00585 0.00585 0.00585 0.00585 0.00585 0.00585 0.00585 0.00585 0.00585 0.00585 0.00585 0.00585 0.00585 0.00585 0.00585 0.00585 0.00585 0.00585 0.00585 0.00585 0.00585 0.00585 0.00585 0.00585 0.00585 0.00585 0.00585 0.00585 0.00585 0.00585 0.00585 0.00585 0.00585 0.00585 0.00585 0.00585 0.00585 0.00585 0.00585 0.00585 0.00585 0.00585 0.00585 0.00585 0.00585 0.00585 0.00585 0.00585 0.00585 0.00585 0.00585 0.00585 0.00585 0.00585 0.00585 0.00585 0.00585 0.00585 0.00585 0.00585 0.00585 0.00585 0.00585 0.00585 0.00585 0.00585 0.00585 0.00585 0.00585 0.00585 0.00585 0.00585 0.00585 0.00585 0.00585 0.00585 0.00585 0.00585 0.00585 0.00585 0.00585 0.00585 0.00585 0.00585 0.00585 0.00585 0.00585 0.00585 0.00585 0.00585 0.00585 0.00585 0.00585 0.00585 0.00585 0.00585 0.00585 0.00585 0.00585 0.00585 0.00585 0.00585 0.00585 0.00585 0.00585 0.00585 0.00585 0.00585 0.00585 0.00585 0.00585 0.00585 0.00585 0.00585 0.00585 0.00585 0.00585 0.00585 0.00585 0.00585 0.00585 0.00585 0.00585 0.00585 0.00585 0.00585 0.00585 0.00585 0.00585 0.00585 0.00585 0.00585 0.00585 0.00585 0.00585 0.00585 0.00585 0.00585 0.00585 0.00585 0.00585 0.00585 0.00585 0.00585 0.00585 0.00585 0.00585 0.00585 0.00585 0.00585 0.00585 0.00585 0.00585 0.00585 0.00585 0.00585 0.00585 0.00585 0.00585 0.00585 0.00585 0.00585 0.00585 0.00585 0.00585 0.00585 0.00585 0.00585 0.00585 0.00585 0.00585 0.00585 0.00585 0.00585 0.00585 0.00585 0.00585 0.00585 0.00585 0.00585 0.00585 0.00585 0.00585 0.00585 0.00585 0.00585 0.00585 0.00585 0.00585 0.00585 0.00585 0.00585 0.00585 0.00585 0.00585 0.00585 0.00585 0.00585 0.00585 0.00585 0.00585 0.00585 0.00585 0.00585 0.00585 0.00585 0.00585 0.00585 0.00585 0.00585 0.00585 0.00585 0.00585 0.00585 0.00585 0.00585 0.00585 0.00585 0.00585 0.00585 0.00585 0.00585 0.00585 0.00585 0.00585 0.00585 0.00585 0.00585 0.00585 0.00585 0.00585 0.00585 0.00585 0.00585 0.00585 0.00585 0.00585 0.00585 0.00585 0.00585 0.00585 0.00585 0.00585
