grade — diagonal space, K=4, extent 2.20; 6 bands/octave over 40..20000 Hz, kernel 0.0833 oct, strike 0 listen 0, 1/omega, damping 5.0/s at 0.200 s

pitch normalised: the lowest audible mode of every point is moved to 440 Hz before banding

ring: modes weighed by their energy over the whole decay (the space's own zeta)

variety per unit of travel: mean 2.701, 5th pct 1.757, 95th pct 3.540
spread: 2.02x   (FM 1.83x, Saw 2.03x, Shapes 8.47x in Kyklophoria's table; 1.0 is isotropic)
twins: 10.7% of random pairs within 0.05
axes:  axis 0 3.672  axis 1 1.859  axis 2 2.210  axis 3 1.386
modes skipped as unrenderable (non-positive or above the top band): 0.00 per evaluation over 41604 evaluations

continuity (cont_check): largest step at step/500 and step/2000, ratio ~4 smooth, ~1 cliff
  axis    spec/500   spec/2000   ratio      logf/500   logf/2000   ratio
  0        0.03312     0.00829    4.00       0.06514     0.01628    4.00
  1        0.01831     0.00458    4.00       0.01214     0.00304    4.00
  2        0.03149     0.00787    4.00       0.00494     0.00124    4.00
  3        0.00324     0.00081    4.00       0.01029     0.00257    4.00

where the frequencies move fastest along each axis (log-frequency step per 1/500 of travel, in tenths of the axis):
  axis 0: 0.0651 0.0651 0.0651 0.0651 0.0651 0.0651 0.0651 0.0651 0.0651 0.0651   peak 0.0651
  axis 1: 0.0121 0.0121 0.0121 0.0121 0.0121 0.0121 0.0121 0.0121 0.0121 0.0121   peak 0.0121
  axis 2: 0.0049 0.0049 0.0049 0.0049 0.0049 0.0049 0.0049 0.0049 0.0049 0.0049   peak 0.0049
  axis 3: 0.0103 0.0103 0.0103 0.0103 0.0103 0.0103 0.0103 0.0103 0.0103 0.0103   peak 0.0103

veering map — second difference of each aligned slot's log frequency along each sweep, in cents.
a smooth trajectory is under 100; a slot that trades places with its neighbour is hundreds.
listed: every (family, parameter, slot) over 300 cents, and each family's worst.
  bar: (0.927, slot 2: 1133) (0.927, slot 4: 1136)
    2 over 300 cents; worst 1136 cents at parameter 0.927, slot 4
  plate: (1.182, slot 0: 2812) (1.182, slot 1: 598) (1.182, slot 4: 1388) (1.182, slot 5: 1050) (1.182, slot 6: 1406) (1.182, slot 7: 1528) (1.182, slot 9: 1014) (1.182, slot 11: 1956) (1.182, slot 15: 1027) (1.182, slot 16: 2013) (1.182, slot 18: 2636) (1.182, slot 19: 579) (1.182, slot 20: 4300) (1.182, slot 21: 1115) (1.182, slot 23: 1815) (1.182, slot 24: 1362) (1.182, slot 26: 3187) (1.364, slot 1: 328) (1.364, slot 6: 1564) (1.364, slot 9: 1986) (1.364, slot 12: 563) (1.364, slot 15: 949) (1.364, slot 17: 329) (1.364, slot 21: 1705) (1.364, slot 23: 1316) (1.364, slot 24: 1131) (1.546, slot 1: 618) (1.546, slot 9: 1727) (1.546, slot 21: 744) (1.727, slot 1: 347) (1.727, slot 18: 446) (1.909, slot 1: 765) (1.909, slot 9: 1464) (1.909, slot 12: 1483) (1.909, slot 18: 867) (2.091, slot 9: 1479) (2.091, slot 12: 1399) (2.091, slot 18: 332) (2.273, slot 12: 1145) (2.273, slot 20: 1766) (2.454, slot 12: 1143) (2.454, slot 20: 1756)
    42 over 300 cents; worst 4300 cents at parameter 1.182, slot 20
  bell: (0.218, slot 35: 448) (0.436, slot 32: 727) (0.545, slot 32: 643) (0.545, slot 36: 309) (0.655, slot 22: 781) (0.655, slot 33: 756) (0.764, slot 22: 759) (0.764, slot 30: 347) (0.764, slot 33: 782) (1.091, slot 29: 661)
    10 over 300 cents; worst 782 cents at parameter 0.764, slot 33
  tine: (0.068, slot 4: 451)
    1 over 300 cents; worst 451 cents at parameter 0.068, slot 4
  banjo: (48.000, slot 6: 355) (49.000, slot 8: 350) (50.000, slot 6: 403) (51.000, slot 7: 381) (53.000, slot 6: 312) (53.000, slot 6: 368) (53.000, slot 7: 315) (59.000, slot 6: 332) (59.000, slot 7: 364) (60.000, slot 7: 359)
    10 over 300 cents; worst 403 cents at parameter 50.000, slot 6
  ep: (41.000, slot 8: 314) (42.000, slot 8: 366) (43.000, slot 8: 302) (47.000, slot 6: 335) (47.000, slot 6: 315) (48.000, slot 6: 319) (48.000, slot 7: 301) (62.000, slot 6: 329) (64.000, slot 6: 330) (66.000, slot 5: 370) (76.000, slot 3: 332) (83.000, slot 1: 328) (83.000, slot 6: 301) (85.000, slot 1: 305) (86.000, slot 1: 305) (92.000, slot 0: 302) (92.000, slot 1: 303) (93.000, slot 0: 301) (93.000, slot 1: 302) (93.000, slot 1: 303) (94.000, slot 1: 304)
    21 over 300 cents; worst 370 cents at parameter 66.000, slot 5
  guitar: (57.000, slot 0: 387) (71.000, slot 8: 318) (71.000, slot 17: 300) (71.000, slot 19: 300) (71.000, slot 21: 300) (71.000, slot 23: 300) (71.000, slot 25: 300) (71.000, slot 29: 300) (71.000, slot 35: 300) (71.000, slot 36: 300) (71.000, slot 39: 300) (71.000, slot 40: 300) (71.000, slot 43: 300) (71.000, slot 44: 300) (71.000, slot 47: 300) (74.000, slot 6: 312) (74.000, slot 8: 320) (74.000, slot 10: 308) (74.000, slot 11: 306) (74.000, slot 17: 300) (74.000, slot 19: 300) (74.000, slot 21: 300) (74.000, slot 23: 300) (74.000, slot 25: 300) (74.000, slot 29: 300) (74.000, slot 35: 300) (74.000, slot 36: 300) (74.000, slot 39: 300) (74.000, slot 40: 300) (74.000, slot 43: 300) (74.000, slot 44: 300) (74.000, slot 47: 300) (76.000, slot 0: 359) (76.000, slot 6: 301) (76.000, slot 7: 318) (76.000, slot 8: 338) (76.000, slot 13: 300) (76.000, slot 17: 300) (76.000, slot 18: 300) (76.000, slot 20: 300) (76.000, slot 22: 300) (76.000, slot 24: 300) (76.000, slot 27: 300) (76.000, slot 30: 300) (76.000, slot 32: 300) (76.000, slot 35: 300) (76.000, slot 37: 300) (76.000, slot 38: 300) (76.000, slot 40: 300) (76.000, slot 41: 300) (76.000, slot 42: 300) (76.000, slot 44: 300) (76.000, slot 45: 300) (80.000, slot 11: 300) (80.000, slot 13: 300) (80.000, slot 14: 300) (80.000, slot 15: 300) (80.000, slot 16: 300) (80.000, slot 17: 300) (80.000, slot 18: 300) (80.000, slot 19: 300) (80.000, slot 20: 300) (80.000, slot 22: 300) (80.000, slot 23: 300) (80.000, slot 24: 300) (80.000, slot 26: 300) (80.000, slot 27: 300) (80.000, slot 28: 300) (80.000, slot 29: 300) (80.000, slot 30: 300) (80.000, slot 31: 300) (80.000, slot 32: 300) (80.000, slot 33: 300) (80.000, slot 35: 300) (80.000, slot 36: 300) (80.000, slot 37: 300) (80.000, slot 38: 300) (80.000, slot 39: 300) (80.000, slot 40: 300) (80.000, slot 41: 300) (80.000, slot 42: 300) (80.000, slot 44: 300) (80.000, slot 45: 300) (80.000, slot 46: 300) (80.000, slot 47: 300)
    85 over 300 cents; worst 387 cents at parameter 57.000, slot 0
  mandolin:
    0 over 300 cents; worst 207 cents at parameter 73.000, slot 4
  wurli:
    0 over 300 cents; worst 298 cents at parameter 72.000, slot 6

profiles: per axis, 500 steps, spectrum step then log-frequency step
axis 0 spec: 0.00638 0.00637 0.00635 0.00633 0.00632 0.00630 0.00628 0.00626 0.00623 0.00621 0.00619 0.00617 0.00614 0.00612 0.00609 0.00607 0.00604 0.00601 0.00599 0.00596 0.00593 0.00590 0.00587 0.00584 0.00581 0.00578 0.00575 0.00572 0.00569 0.00566 0.00563 0.00560 0.00556 0.00553 0.00550 0.00547 0.00544 0.00540 0.00537 0.00534 0.00531 0.00528 0.00525 0.00522 0.00519 0.00516 0.00513 0.00510 0.00508 0.00505 0.00503 0.00500 0.00498 0.00496 0.00494 0.00492 0.00490 0.00488 0.00487 0.00486 0.00485 0.00484 0.00484 0.00484 0.00484 0.00484 0.00485 0.00486 0.00487 0.00489 0.00491 0.00493 0.00496 0.00500 0.00504 0.00508 0.00513 0.00519 0.00525 0.00531 0.00539 0.00547 0.00555 0.00564 0.00574 0.00585 0.00596 0.00609 0.00622 0.00635 0.00650 0.00665 0.00681 0.00698 0.00716 0.00734 0.00754 0.00774 0.00795 0.00817 0.00839 0.00863 0.00887 0.00913 0.00939 0.00965 0.00993 0.01021 0.01050 0.01080 0.01110 0.01141 0.01172 0.01204 0.01236 0.01269 0.01302 0.01335 0.01368 0.01401 0.01434 0.01467 0.01499 0.01531 0.01562 0.01592 0.01622 0.01650 0.01677 0.01703 0.01728 0.01751 0.01772 0.01791 0.01808 0.01823 0.01836 0.01846 0.01854 0.01860 0.01863 0.01864 0.01862 0.01858 0.01851 0.01842 0.01830 0.01816 0.01800 0.01782 0.01762 0.01740 0.01716 0.01690 0.01663 0.01635 0.01606 0.01575 0.01544 0.01512 0.01479 0.01446 0.01412 0.01378 0.01344 0.01310 0.01276 0.01242 0.01208 0.01174 0.01141 0.01108 0.01076 0.01044 0.01013 0.00982 0.00952 0.00923 0.00894 0.00866 0.00839 0.00812 0.00786 0.00761 0.00737 0.00714 0.00691 0.00669 0.00648 0.00628 0.00608 0.00590 0.00572 0.00556 0.00540 0.00525 0.00512 0.00500 0.00489 0.00479 0.00471 0.00464 0.00460 0.00456 0.00455 0.00456 0.00459 0.00465 0.00473 0.00483 0.00496 0.00512 0.00531 0.00552 0.00576 0.00604 0.00634 0.00668 0.00705 0.00745 0.00788 0.00835 0.00886 0.00940 0.00998 0.01059 0.01125 0.01195 0.01269 0.01346 0.01428 0.01514 0.01604 0.01698 0.01796 0.01897 0.02001 0.02107 0.02215 0.02324 0.02433 0.02542 0.02649 0.02752 0.02851 0.02944 0.03030 0.03106 0.03172 0.03227 0.03269 0.03298 0.03312 0.03312 0.03298 0.03269 0.03227 0.03172 0.03105 0.03028 0.02943 0.02849 0.02750 0.02647 0.02540 0.02431 0.02321 0.02212 0.02103 0.01996 0.01892 0.01791 0.01693 0.01598 0.01507 0.01420 0.01337 0.01258 0.01183 0.01111 0.01044 0.00980 0.00920 0.00863 0.00809 0.00759 0.00711 0.00667 0.00625 0.00585 0.00548 0.00514 0.00481 0.00451 0.00422 0.00395 0.00370 0.00346 0.00324 0.00303 0.00284 0.00266 0.00249 0.00233 0.00218 0.00204 0.00191 0.00179 0.00167 0.00157 0.00147 0.00137 0.00128 0.00120 0.00113 0.00105 0.00099 0.00092 0.00086 0.00081 0.00076 0.00071 0.00066 0.00062 0.00058 0.00054 0.00051 0.00048 0.00045 0.00042 0.00039 0.00036 0.00034 0.00032 0.00030 0.00028 0.00026 0.00025 0.00023 0.00021 0.00020 0.00019 0.00018 0.00016 0.00015 0.00014 0.00014 0.00013 0.00012 0.00011 0.00010 0.00010 0.00009 0.00008 0.00008 0.00007 0.00007 0.00007 0.00006 0.00006 0.00005 0.00005 0.00005 0.00004 0.00004 0.00004 0.00004 0.00003 0.00003 0.00003 0.00003 0.00003 0.00002 0.00002 0.00002 0.00002 0.00002 0.00002 0.00002 0.00002 0.00001 0.00001 0.00001 0.00001 0.00001 0.00001 0.00001 0.00001 0.00001 0.00001 0.00001 0.00001 0.00001 0.00001 0.00001 0.00001 0.00000 0.00000 0.00000 0.00000 0.00000 0.00000 0.00000 0.00000 0.00000 0.00000 0.00000 0.00000 0.00000 0.00000 0.00000 0.00000 0.00000 0.00000 0.00000 0.00000 0.00000 0.00000 0.00000 0.00000 0.00000 0.00000 0.00000 0.00000 0.00000 0.00000 0.00000 0.00000 0.00000 0.00000 0.00000 0.00000 0.00000 0.00000 0.00000 0.00000 0.00000 0.00000 0.00000 0.00000 0.00000 0.00000 0.00000 0.00000 0.00000 0.00000 0.00000 0.00000 0.00000 0.00000 0.00000 0.00000 0.00000 0.00000 0.00000 0.00000 0.00000 0.00000 0.00000 0.00000 0.00000 0.00000 0.00000 0.00000 0.00000 0.00000 0.00000 0.00000 0.00000 0.00000 0.00000 0.00000 0.00000 0.00000 0.00000 0.00000 0.00000 0.00000 0.00000 0.00000 0.00000 0.00000 0.00000 0.00000 0.00000 0.00000 0.00000 0.00000 0.00000 0.00000 0.00000 0.00000 0.00000 0.00000 0.00000 0.00000 0.00000 0.00000 0.00000 0.00000
axis 0 logf: 0.06514 0.06514 0.06514 0.06514 0.06514 0.06514 0.06514 0.06514 0.06514 0.06514 0.06514 0.06514 0.06514 0.06514 0.06514 0.06514 0.06514 0.06514 0.06514 0.06514 0.06514 0.06514 0.06514 0.06514 0.06514 0.06514 0.06514 0.06514 0.06514 0.06514 0.06514 0.06514 0.06514 0.06514 0.06514 0.06514 0.06514 0.06514 0.06514 0.06514 0.06514 0.06514 0.06514 0.06514 0.06514 0.06514 0.06514 0.06514 0.06514 0.06514 0.06514 0.06514 0.06514 0.06514 0.06514 0.06514 0.06514 0.06514 0.06514 0.06514 0.06514 0.06514 0.06514 0.06514 0.06514 0.06514 0.06514 0.06514 0.06514 0.06514 0.06514 0.06514 0.06514 0.06514 0.06514 0.06514 0.06514 0.06514 0.06514 0.06514 0.06514 0.06514 0.06514 0.06514 0.06514 0.06514 0.06514 0.06514 0.06514 0.06514 0.06514 0.06514 0.06514 0.06514 0.06514 0.06514 0.06514 0.06514 0.06514 0.06514 0.06514 0.06514 0.06514 0.06514 0.06514 0.06514 0.06514 0.06514 0.06514 0.06514 0.06514 0.06514 0.06514 0.06514 0.06514 0.06514 0.06514 0.06514 0.06514 0.06514 0.06514 0.06514 0.06514 0.06514 0.06514 0.06514 0.06514 0.06514 0.06514 0.06514 0.06514 0.06514 0.06514 0.06514 0.06514 0.06514 0.06514 0.06514 0.06514 0.06514 0.06514 0.06514 0.06514 0.06514 0.06514 0.06514 0.06514 0.06514 0.06514 0.06514 0.06514 0.06514 0.06514 0.06514 0.06514 0.06514 0.06514 0.06514 0.06514 0.06514 0.06514 0.06514 0.06514 0.06514 0.06514 0.06514 0.06514 0.06514 0.06514 0.06514 0.06514 0.06514 0.06514 0.06514 0.06514 0.06514 0.06514 0.06514 0.06514 0.06514 0.06514 0.06514 0.06514 0.06514 0.06514 0.06514 0.06514 0.06514 0.06514 0.06514 0.06514 0.06514 0.06514 0.06514 0.06514 0.06514 0.06514 0.06514 0.06514 0.06514 0.06514 0.06514 0.06514 0.06514 0.06514 0.06514 0.06514 0.06514 0.06514 0.06514 0.06514 0.06514 0.06514 0.06514 0.06514 0.06514 0.06514 0.06514 0.06514 0.06514 0.06514 0.06514 0.06514 0.06514 0.06514 0.06514 0.06514 0.06514 0.06514 0.06514 0.06514 0.06514 0.06514 0.06514 0.06514 0.06514 0.06514 0.06514 0.06514 0.06514 0.06514 0.06514 0.06514 0.06514 0.06514 0.06514 0.06514 0.06514 0.06514 0.06514 0.06514 0.06514 0.06514 0.06514 0.06514 0.06514 0.06514 0.06514 0.06514 0.06514 0.06514 0.06514 0.06514 0.06514 0.06514 0.06514 0.06514 0.06514 0.06514 0.06514 0.06514 0.06514 0.06514 0.06514 0.06514 0.06514 0.06514 0.06514 0.06514 0.06514 0.06514 0.06514 0.06514 0.06514 0.06514 0.06514 0.06514 0.06514 0.06514 0.06514 0.06514 0.06514 0.06514 0.06514 0.06514 0.06514 0.06514 0.06514 0.06514 0.06514 0.06514 0.06514 0.06514 0.06514 0.06514 0.06514 0.06514 0.06514 0.06514 0.06514 0.06514 0.06514 0.06514 0.06514 0.06514 0.06514 0.06514 0.06514 0.06514 0.06514 0.06514 0.06514 0.06514 0.06514 0.06514 0.06514 0.06514 0.06514 0.06514 0.06514 0.06514 0.06514 0.06514 0.06514 0.06514 0.06514 0.06514 0.06514 0.06514 0.06514 0.06514 0.06514 0.06514 0.06514 0.06514 0.06514 0.06514 0.06514 0.06514 0.06514 0.06514 0.06514 0.06514 0.06514 0.06514 0.06514 0.06514 0.06514 0.06514 0.06514 0.06514 0.06514 0.06514 0.06514 0.06514 0.06514 0.06514 0.06514 0.06514 0.06514 0.06514 0.06514 0.06514 0.06514 0.06514 0.06514 0.06514 0.06514 0.06514 0.06514 0.06514 0.06514 0.06514 0.06514 0.06514 0.06514 0.06514 0.06514 0.06514 0.06514 0.06514 0.06514 0.06514 0.06514 0.06514 0.06514 0.06514 0.06514 0.06514 0.06514 0.06514 0.06514 0.06514 0.06514 0.06514 0.06514 0.06514 0.06514 0.06514 0.06514 0.06514 0.06514 0.06514 0.06514 0.06514 0.06514 0.06514 0.06514 0.06514 0.06514 0.06514 0.06514 0.06514 0.06514 0.06514 0.06514 0.06514 0.06514 0.06514 0.06514 0.06514 0.06514 0.06514 0.06514 0.06514 0.06514 0.06514 0.06514 0.06514 0.06514 0.06514 0.06514 0.06514 0.06514 0.06514 0.06514 0.06514 0.06514 0.06514 0.06514 0.06514 0.06514 0.06514 0.06514 0.06514 0.06514 0.06514 0.06514 0.06514 0.06514 0.06514 0.06514 0.06514 0.06514 0.06514 0.06514 0.06514 0.06514 0.06514 0.06514 0.06514 0.06514 0.06514 0.06514 0.06514 0.06514 0.06514 0.06514 0.06514 0.06514 0.06514 0.06514 0.06514 0.06514 0.06514 0.06514 0.06514 0.06514 0.06514 0.06514 0.06514 0.06514 0.06514 0.06514 0.06514 0.06514 0.06514 0.06514 0.06514 0.06514
axis 1 spec: 0.00135 0.00134 0.00133 0.00133 0.00132 0.00131 0.00130 0.00129 0.00128 0.00127 0.00127 0.00126 0.00125 0.00124 0.00123 0.00123 0.00122 0.00121 0.00120 0.00119 0.00119 0.00118 0.00117 0.00116 0.00116 0.00115 0.00114 0.00113 0.00113 0.00112 0.00111 0.00110 0.00110 0.00109 0.00108 0.00108 0.00107 0.00106 0.00106 0.00105 0.00104 0.00104 0.00103 0.00102 0.00102 0.00101 0.00100 0.00100 0.00099 0.00099 0.00098 0.00097 0.00097 0.00096 0.00095 0.00095 0.00094 0.00094 0.00093 0.00093 0.00092 0.00091 0.00091 0.00090 0.00090 0.00089 0.00089 0.00088 0.00088 0.00087 0.00087 0.00086 0.00086 0.00085 0.00085 0.00084 0.00084 0.00083 0.00083 0.00082 0.00082 0.00081 0.00081 0.00080 0.00080 0.00080 0.00079 0.00079 0.00078 0.00078 0.00077 0.00077 0.00077 0.00076 0.00076 0.00076 0.00075 0.00075 0.00075 0.00074 0.00074 0.00074 0.00073 0.00073 0.00073 0.00072 0.00072 0.00072 0.00072 0.00072 0.00071 0.00071 0.00071 0.00071 0.00071 0.00071 0.00071 0.00071 0.00071 0.00071 0.00071 0.00071 0.00071 0.00071 0.00071 0.00071 0.00072 0.00072 0.00072 0.00073 0.00073 0.00074 0.00074 0.00075 0.00075 0.00076 0.00077 0.00078 0.00079 0.00080 0.00081 0.00082 0.00083 0.00085 0.00086 0.00088 0.00089 0.00091 0.00093 0.00095 0.00097 0.00099 0.00102 0.00104 0.00107 0.00110 0.00113 0.00116 0.00119 0.00122 0.00126 0.00130 0.00134 0.00138 0.00142 0.00146 0.00151 0.00156 0.00161 0.00166 0.00172 0.00177 0.00183 0.00189 0.00196 0.00203 0.00210 0.00217 0.00224 0.00232 0.00240 0.00249 0.00258 0.00267 0.00276 0.00286 0.00296 0.00307 0.00318 0.00329 0.00341 0.00353 0.00366 0.00379 0.00392 0.00406 0.00421 0.00436 0.00451 0.00467 0.00484 0.00501 0.00519 0.00537 0.00556 0.00576 0.00596 0.00617 0.00638 0.00660 0.00683 0.00707 0.00731 0.00755 0.00781 0.00807 0.00834 0.00861 0.00889 0.00918 0.00947 0.00977 0.01007 0.01038 0.01070 0.01102 0.01134 0.01167 0.01200 0.01233 0.01267 0.01300 0.01333 0.01367 0.01400 0.01433 0.01465 0.01497 0.01528 0.01558 0.01588 0.01616 0.01643 0.01669 0.01693 0.01716 0.01737 0.01756 0.01773 0.01788 0.01801 0.01812 0.01820 0.01826 0.01830 0.01831 0.01829 0.01825 0.01819 0.01810 0.01799 0.01786 0.01771 0.01753 0.01734 0.01713 0.01690 0.01665 0.01639 0.01612 0.01583 0.01554 0.01523 0.01492 0.01460 0.01427 0.01395 0.01361 0.01328 0.01295 0.01261 0.01228 0.01194 0.01161 0.01129 0.01096 0.01064 0.01033 0.01002 0.00972 0.00942 0.00913 0.00884 0.00856 0.00828 0.00802 0.00776 0.00750 0.00726 0.00702 0.00678 0.00655 0.00633 0.00612 0.00591 0.00571 0.00551 0.00533 0.00514 0.00496 0.00479 0.00463 0.00446 0.00431 0.00416 0.00401 0.00387 0.00374 0.00360 0.00348 0.00335 0.00324 0.00312 0.00301 0.00290 0.00280 0.00270 0.00261 0.00251 0.00242 0.00234 0.00225 0.00217 0.00210 0.00202 0.00195 0.00188 0.00181 0.00175 0.00168 0.00162 0.00157 0.00151 0.00146 0.00140 0.00135 0.00131 0.00126 0.00121 0.00117 0.00113 0.00109 0.00105 0.00101 0.00098 0.00094 0.00091 0.00087 0.00084 0.00081 0.00078 0.00076 0.00073 0.00070 0.00068 0.00065 0.00063 0.00061 0.00059 0.00056 0.00054 0.00053 0.00051 0.00049 0.00047 0.00045 0.00044 0.00042 0.00041 0.00039 0.00038 0.00037 0.00035 0.00034 0.00033 0.00032 0.00030 0.00029 0.00028 0.00027 0.00026 0.00025 0.00025 0.00024 0.00023 0.00022 0.00021 0.00021 0.00020 0.00019 0.00018 0.00018 0.00017 0.00017 0.00016 0.00015 0.00015 0.00014 0.00014 0.00013 0.00013 0.00012 0.00012 0.00012 0.00011 0.00011 0.00010 0.00010 0.00010 0.00009 0.00009 0.00009 0.00008 0.00008 0.00008 0.00008 0.00007 0.00007 0.00007 0.00007 0.00006 0.00006 0.00006 0.00006 0.00006 0.00005 0.00005 0.00005 0.00005 0.00005 0.00005 0.00004 0.00004 0.00004 0.00004 0.00004 0.00004 0.00004 0.00004 0.00003 0.00003 0.00003 0.00003 0.00003 0.00003 0.00003 0.00003 0.00003 0.00003 0.00003 0.00002 0.00002 0.00002 0.00002 0.00002 0.00002 0.00002 0.00002 0.00002 0.00002 0.00002 0.00002 0.00002 0.00002 0.00002 0.00002 0.00002 0.00002 0.00002 0.00002 0.00001 0.00001 0.00001 0.00001 0.00001 0.00001 0.00001 0.00001 0.00001 0.00001 0.00001 0.00001 0.00001 0.00001 0.00001 0.00001 0.00001 0.00001 0.00001 0.00001
axis 1 logf: 0.01214 0.01214 0.01214 0.01214 0.01214 0.01214 0.01214 0.01214 0.01214 0.01214 0.01214 0.01214 0.01214 0.01214 0.01214 0.01214 0.01214 0.01214 0.01214 0.01214 0.01214 0.01214 0.01214 0.01214 0.01214 0.01214 0.01214 0.01214 0.01214 0.01214 0.01214 0.01214 0.01214 0.01214 0.01214 0.01214 0.01214 0.01214 0.01214 0.01214 0.01214 0.01214 0.01214 0.01214 0.01214 0.01214 0.01214 0.01214 0.01214 0.01214 0.01214 0.01214 0.01214 0.01214 0.01214 0.01214 0.01214 0.01214 0.01214 0.01214 0.01214 0.01214 0.01214 0.01214 0.01214 0.01214 0.01214 0.01214 0.01214 0.01214 0.01214 0.01214 0.01214 0.01214 0.01214 0.01214 0.01214 0.01214 0.01214 0.01214 0.01214 0.01214 0.01214 0.01214 0.01214 0.01214 0.01214 0.01214 0.01214 0.01214 0.01214 0.01214 0.01214 0.01214 0.01214 0.01214 0.01214 0.01214 0.01214 0.01214 0.01214 0.01214 0.01214 0.01214 0.01214 0.01214 0.01214 0.01214 0.01214 0.01214 0.01214 0.01214 0.01214 0.01214 0.01214 0.01214 0.01214 0.01214 0.01214 0.01214 0.01214 0.01214 0.01214 0.01214 0.01214 0.01214 0.01214 0.01214 0.01214 0.01214 0.01214 0.01214 0.01214 0.01214 0.01214 0.01214 0.01214 0.01214 0.01214 0.01214 0.01214 0.01214 0.01214 0.01214 0.01214 0.01214 0.01214 0.01214 0.01214 0.01214 0.01214 0.01214 0.01214 0.01214 0.01214 0.01214 0.01214 0.01214 0.01214 0.01214 0.01214 0.01214 0.01214 0.01214 0.01214 0.01214 0.01214 0.01214 0.01214 0.01214 0.01214 0.01214 0.01214 0.01214 0.01214 0.01214 0.01214 0.01214 0.01214 0.01214 0.01214 0.01214 0.01214 0.01214 0.01214 0.01214 0.01214 0.01214 0.01214 0.01214 0.01214 0.01214 0.01214 0.01214 0.01214 0.01214 0.01214 0.01214 0.01214 0.01214 0.01214 0.01214 0.01214 0.01214 0.01214 0.01214 0.01214 0.01214 0.01214 0.01214 0.01214 0.01214 0.01214 0.01214 0.01214 0.01214 0.01214 0.01214 0.01214 0.01214 0.01214 0.01214 0.01214 0.01214 0.01214 0.01214 0.01214 0.01214 0.01214 0.01214 0.01214 0.01214 0.01214 0.01214 0.01214 0.01214 0.01214 0.01214 0.01214 0.01214 0.01214 0.01214 0.01214 0.01214 0.01214 0.01214 0.01214 0.01214 0.01214 0.01214 0.01214 0.01214 0.01214 0.01214 0.01214 0.01214 0.01214 0.01214 0.01214 0.01214 0.01214 0.01214 0.01214 0.01214 0.01214 0.01214 0.01214 0.01214 0.01214 0.01214 0.01214 0.01214 0.01214 0.01214 0.01214 0.01214 0.01214 0.01214 0.01214 0.01214 0.01214 0.01214 0.01214 0.01214 0.01214 0.01214 0.01214 0.01214 0.01214 0.01214 0.01214 0.01214 0.01214 0.01214 0.01214 0.01214 0.01214 0.01214 0.01214 0.01214 0.01214 0.01214 0.01214 0.01214 0.01214 0.01214 0.01214 0.01214 0.01214 0.01214 0.01214 0.01214 0.01214 0.01214 0.01214 0.01214 0.01214 0.01214 0.01214 0.01214 0.01214 0.01214 0.01214 0.01214 0.01214 0.01214 0.01214 0.01214 0.01214 0.01214 0.01214 0.01214 0.01214 0.01214 0.01214 0.01214 0.01214 0.01214 0.01214 0.01214 0.01214 0.01214 0.01214 0.01214 0.01214 0.01214 0.01214 0.01214 0.01214 0.01214 0.01214 0.01214 0.01214 0.01214 0.01214 0.01214 0.01214 0.01214 0.01214 0.01214 0.01214 0.01214 0.01214 0.01214 0.01214 0.01214 0.01214 0.01214 0.01214 0.01214 0.01214 0.01214 0.01214 0.01214 0.01214 0.01214 0.01214 0.01214 0.01214 0.01214 0.01214 0.01214 0.01214 0.01214 0.01214 0.01214 0.01214 0.01214 0.01214 0.01214 0.01214 0.01214 0.01214 0.01214 0.01214 0.01214 0.01214 0.01214 0.01214 0.01214 0.01214 0.01214 0.01214 0.01214 0.01214 0.01214 0.01214 0.01214 0.01214 0.01214 0.01214 0.01214 0.01214 0.01214 0.01214 0.01214 0.01214 0.01214 0.01214 0.01214 0.01214 0.01214 0.01214 0.01214 0.01214 0.01214 0.01214 0.01214 0.01214 0.01214 0.01214 0.01214 0.01214 0.01214 0.01214 0.01214 0.01214 0.01214 0.01214 0.01214 0.01214 0.01214 0.01214 0.01214 0.01214 0.01214 0.01214 0.01214 0.01214 0.01214 0.01214 0.01214 0.01214 0.01214 0.01214 0.01214 0.01214 0.01214 0.01214 0.01214 0.01214 0.01214 0.01214 0.01214 0.01214 0.01214 0.01214 0.01214 0.01214 0.01214 0.01214 0.01214 0.01214 0.01214 0.01214 0.01214 0.01214 0.01214 0.01214 0.01214 0.01214 0.01214 0.01214 0.01214 0.01214 0.01214 0.01214 0.01214 0.01214 0.01214 0.01214 0.01214 0.01214 0.01214 0.01214 0.01214 0.01214 0.01214 0.01214 0.01214
axis 2 spec: 0.00043 0.00043 0.00043 0.00043 0.00043 0.00043 0.00043 0.00043 0.00043 0.00043 0.00043 0.00043 0.00043 0.00043 0.00043 0.00043 0.00043 0.00043 0.00043 0.00044 0.00044 0.00044 0.00044 0.00044 0.00044 0.00044 0.00044 0.00044 0.00044 0.00044 0.00044 0.00044 0.00044 0.00044 0.00044 0.00044 0.00044 0.00044 0.00044 0.00044 0.00044 0.00044 0.00045 0.00045 0.00045 0.00045 0.00045 0.00045 0.00045 0.00045 0.00045 0.00045 0.00045 0.00045 0.00045 0.00045 0.00045 0.00045 0.00045 0.00045 0.00045 0.00045 0.00046 0.00046 0.00046 0.00046 0.00046 0.00046 0.00046 0.00046 0.00046 0.00046 0.00046 0.00046 0.00046 0.00046 0.00047 0.00047 0.00047 0.00047 0.00047 0.00047 0.00047 0.00047 0.00048 0.00048 0.00048 0.00048 0.00048 0.00049 0.00049 0.00049 0.00049 0.00050 0.00050 0.00051 0.00051 0.00052 0.00052 0.00053 0.00053 0.00054 0.00055 0.00056 0.00057 0.00058 0.00059 0.00061 0.00062 0.00064 0.00066 0.00068 0.00070 0.00072 0.00075 0.00078 0.00081 0.00084 0.00088 0.00092 0.00096 0.00101 0.00106 0.00111 0.00117 0.00123 0.00130 0.00137 0.00145 0.00153 0.00162 0.00172 0.00182 0.00193 0.00204 0.00217 0.00230 0.00244 0.00259 0.00275 0.00292 0.00311 0.00330 0.00351 0.00373 0.00397 0.00422 0.00448 0.00477 0.00507 0.00539 0.00573 0.00609 0.00647 0.00688 0.00731 0.00777 0.00825 0.00877 0.00931 0.00988 0.01048 0.01112 0.01179 0.01249 0.01323 0.01400 0.01480 0.01564 0.01651 0.01740 0.01833 0.01927 0.02024 0.02122 0.02221 0.02320 0.02418 0.02514 0.02608 0.02698 0.02783 0.02861 0.02932 0.02995 0.03048 0.03091 0.03122 0.03142 0.03149 0.03144 0.03126 0.03097 0.03056 0.03004 0.02943 0.02873 0.02795 0.02712 0.02623 0.02530 0.02434 0.02336 0.02238 0.02139 0.02041 0.01945 0.01850 0.01757 0.01668 0.01581 0.01497 0.01417 0.01340 0.01266 0.01196 0.01129 0.01066 0.01006 0.00949 0.00895 0.00845 0.00797 0.00752 0.00709 0.00669 0.00632 0.00597 0.00564 0.00533 0.00504 0.00477 0.00452 0.00428 0.00407 0.00386 0.00367 0.00350 0.00334 0.00319 0.00305 0.00292 0.00280 0.00270 0.00260 0.00251 0.00242 0.00235 0.00228 0.00222 0.00216 0.00211 0.00207 0.00202 0.00199 0.00195 0.00193 0.00190 0.00187 0.00185 0.00184 0.00182 0.00180 0.00179 0.00178 0.00177 0.00176 0.00175 0.00174 0.00174 0.00173 0.00173 0.00172 0.00172 0.00172 0.00171 0.00171 0.00171 0.00171 0.00170 0.00170 0.00170 0.00170 0.00170 0.00170 0.00170 0.00170 0.00170 0.00170 0.00169 0.00169 0.00169 0.00169 0.00169 0.00169 0.00169 0.00169 0.00169 0.00169 0.00169 0.00169 0.00169 0.00169 0.00169 0.00169 0.00169 0.00169 0.00169 0.00169 0.00169 0.00169 0.00169 0.00169 0.00169 0.00169 0.00169 0.00169 0.00169 0.00169 0.00169 0.00169 0.00169 0.00168 0.00168 0.00168 0.00168 0.00168 0.00168 0.00168 0.00168 0.00168 0.00168 0.00168 0.00168 0.00168 0.00168 0.00168 0.00168 0.00168 0.00168 0.00167 0.00167 0.00167 0.00167 0.00167 0.00167 0.00167 0.00167 0.00167 0.00167 0.00167 0.00167 0.00167 0.00166 0.00166 0.00166 0.00166 0.00166 0.00166 0.00166 0.00166 0.00166 0.00166 0.00165 0.00165 0.00165 0.00165 0.00165 0.00165 0.00165 0.00165 0.00165 0.00164 0.00164 0.00164 0.00164 0.00164 0.00164 0.00164 0.00164 0.00163 0.00163 0.00163 0.00163 0.00163 0.00163 0.00163 0.00163 0.00162 0.00162 0.00162 0.00162 0.00162 0.00162 0.00162 0.00161 0.00161 0.00161 0.00161 0.00161 0.00161 0.00160 0.00160 0.00160 0.00160 0.00160 0.00160 0.00159 0.00159 0.00159 0.00159 0.00159 0.00159 0.00158 0.00158 0.00158 0.00158 0.00158 0.00158 0.00157 0.00157 0.00157 0.00157 0.00157 0.00156 0.00156 0.00156 0.00156 0.00156 0.00155 0.00155 0.00155 0.00155 0.00155 0.00154 0.00154 0.00154 0.00154 0.00154 0.00153 0.00153 0.00153 0.00153 0.00153 0.00152 0.00152 0.00152 0.00152 0.00152 0.00151 0.00151 0.00151 0.00151 0.00150 0.00150 0.00150 0.00150 0.00150 0.00149 0.00149 0.00149 0.00149 0.00148 0.00148 0.00148 0.00148 0.00147 0.00147 0.00147 0.00147 0.00147 0.00146 0.00146 0.00146 0.00146 0.00145 0.00145 0.00145 0.00145 0.00144 0.00144 0.00144 0.00144 0.00143 0.00143 0.00143 0.00143 0.00142 0.00142 0.00142 0.00142 0.00141 0.00141 0.00141 0.00141 0.00140 0.00140 0.00140 0.00140 0.00139
axis 2 logf: 0.00494 0.00494 0.00494 0.00494 0.00494 0.00494 0.00494 0.00494 0.00494 0.00494 0.00494 0.00494 0.00494 0.00494 0.00494 0.00494 0.00494 0.00494 0.00494 0.00494 0.00494 0.00494 0.00494 0.00494 0.00494 0.00494 0.00494 0.00494 0.00494 0.00494 0.00494 0.00494 0.00494 0.00494 0.00494 0.00494 0.00494 0.00494 0.00494 0.00494 0.00494 0.00494 0.00494 0.00494 0.00494 0.00494 0.00494 0.00494 0.00494 0.00494 0.00494 0.00494 0.00494 0.00494 0.00494 0.00494 0.00494 0.00494 0.00494 0.00494 0.00494 0.00494 0.00494 0.00494 0.00494 0.00494 0.00494 0.00494 0.00494 0.00494 0.00494 0.00494 0.00494 0.00494 0.00494 0.00494 0.00494 0.00494 0.00494 0.00494 0.00494 0.00494 0.00494 0.00494 0.00494 0.00494 0.00494 0.00494 0.00494 0.00494 0.00494 0.00494 0.00494 0.00494 0.00494 0.00494 0.00494 0.00494 0.00494 0.00494 0.00494 0.00494 0.00494 0.00494 0.00494 0.00494 0.00494 0.00494 0.00494 0.00494 0.00494 0.00494 0.00494 0.00494 0.00494 0.00494 0.00494 0.00494 0.00494 0.00494 0.00494 0.00494 0.00494 0.00494 0.00494 0.00494 0.00494 0.00494 0.00494 0.00494 0.00494 0.00494 0.00494 0.00494 0.00494 0.00494 0.00494 0.00494 0.00494 0.00494 0.00494 0.00494 0.00494 0.00494 0.00494 0.00494 0.00494 0.00494 0.00494 0.00494 0.00494 0.00494 0.00494 0.00494 0.00494 0.00494 0.00494 0.00494 0.00494 0.00494 0.00494 0.00494 0.00494 0.00494 0.00494 0.00494 0.00494 0.00494 0.00494 0.00494 0.00494 0.00494 0.00494 0.00494 0.00494 0.00494 0.00494 0.00494 0.00494 0.00494 0.00494 0.00494 0.00494 0.00494 0.00494 0.00494 0.00494 0.00494 0.00494 0.00494 0.00494 0.00494 0.00494 0.00494 0.00494 0.00494 0.00494 0.00494 0.00494 0.00494 0.00494 0.00494 0.00494 0.00494 0.00494 0.00494 0.00494 0.00494 0.00494 0.00494 0.00494 0.00494 0.00494 0.00494 0.00494 0.00494 0.00494 0.00494 0.00494 0.00494 0.00494 0.00494 0.00494 0.00494 0.00494 0.00494 0.00494 0.00494 0.00494 0.00494 0.00494 0.00494 0.00494 0.00494 0.00494 0.00494 0.00494 0.00494 0.00494 0.00494 0.00494 0.00494 0.00494 0.00494 0.00494 0.00494 0.00494 0.00494 0.00494 0.00494 0.00494 0.00494 0.00494 0.00494 0.00494 0.00494 0.00494 0.00494 0.00494 0.00494 0.00494 0.00494 0.00494 0.00494 0.00494 0.00494 0.00494 0.00494 0.00494 0.00494 0.00494 0.00494 0.00494 0.00494 0.00494 0.00494 0.00494 0.00494 0.00494 0.00494 0.00494 0.00494 0.00494 0.00494 0.00494 0.00494 0.00494 0.00494 0.00494 0.00494 0.00494 0.00494 0.00494 0.00494 0.00494 0.00494 0.00494 0.00494 0.00494 0.00494 0.00494 0.00494 0.00494 0.00494 0.00494 0.00494 0.00494 0.00494 0.00494 0.00494 0.00494 0.00494 0.00494 0.00494 0.00494 0.00494 0.00494 0.00494 0.00494 0.00494 0.00494 0.00494 0.00494 0.00494 0.00494 0.00494 0.00494 0.00494 0.00494 0.00494 0.00494 0.00494 0.00494 0.00494 0.00494 0.00494 0.00494 0.00494 0.00494 0.00494 0.00494 0.00494 0.00494 0.00494 0.00494 0.00494 0.00494 0.00494 0.00494 0.00494 0.00494 0.00494 0.00494 0.00494 0.00494 0.00494 0.00494 0.00494 0.00494 0.00494 0.00494 0.00494 0.00494 0.00494 0.00494 0.00494 0.00494 0.00494 0.00494 0.00494 0.00494 0.00494 0.00494 0.00494 0.00494 0.00494 0.00494 0.00494 0.00494 0.00494 0.00494 0.00494 0.00494 0.00494 0.00494 0.00494 0.00494 0.00494 0.00494 0.00494 0.00494 0.00494 0.00494 0.00494 0.00494 0.00494 0.00494 0.00494 0.00494 0.00494 0.00494 0.00494 0.00494 0.00494 0.00494 0.00494 0.00494 0.00494 0.00494 0.00494 0.00494 0.00494 0.00494 0.00494 0.00494 0.00494 0.00494 0.00494 0.00494 0.00494 0.00494 0.00494 0.00494 0.00494 0.00494 0.00494 0.00494 0.00494 0.00494 0.00494 0.00494 0.00494 0.00494 0.00494 0.00494 0.00494 0.00494 0.00494 0.00494 0.00494 0.00494 0.00494 0.00494 0.00494 0.00494 0.00494 0.00494 0.00494 0.00494 0.00494 0.00494 0.00494 0.00494 0.00494 0.00494 0.00494 0.00494 0.00494 0.00494 0.00494 0.00494 0.00494 0.00494 0.00494 0.00494 0.00494 0.00494 0.00494 0.00494 0.00494 0.00494 0.00494 0.00494 0.00494 0.00494 0.00494 0.00494 0.00494 0.00494 0.00494 0.00494 0.00494 0.00494 0.00494 0.00494 0.00494 0.00494 0.00494 0.00494 0.00494 0.00494 0.00494 0.00494 0.00494 0.00494 0.00494 0.00494 0.00494 0.00494 0.00494
axis 3 spec: 0.00252 0.00251 0.00251 0.00250 0.00250 0.00249 0.00249 0.00248 0.00248 0.00247 0.00247 0.00246 0.00246 0.00245 0.00245 0.00245 0.00244 0.00244 0.00244 0.00243 0.00243 0.00243 0.00243 0.00242 0.00242 0.00242 0.00242 0.00242 0.00241 0.00241 0.00241 0.00241 0.00241 0.00241 0.00241 0.00241 0.00241 0.00241 0.00241 0.00241 0.00241 0.00241 0.00241 0.00241 0.00241 0.00241 0.00241 0.00242 0.00242 0.00242 0.00242 0.00242 0.00243 0.00243 0.00243 0.00243 0.00244 0.00244 0.00244 0.00244 0.00245 0.00245 0.00245 0.00246 0.00246 0.00247 0.00247 0.00247 0.00248 0.00248 0.00249 0.00249 0.00250 0.00250 0.00250 0.00251 0.00251 0.00252 0.00252 0.00253 0.00253 0.00254 0.00255 0.00255 0.00256 0.00256 0.00257 0.00257 0.00258 0.00259 0.00259 0.00260 0.00260 0.00261 0.00262 0.00262 0.00263 0.00263 0.00264 0.00265 0.00265 0.00266 0.00267 0.00267 0.00268 0.00269 0.00269 0.00270 0.00271 0.00271 0.00272 0.00273 0.00274 0.00274 0.00275 0.00276 0.00276 0.00277 0.00278 0.00278 0.00279 0.00280 0.00280 0.00281 0.00282 0.00283 0.00283 0.00284 0.00285 0.00285 0.00286 0.00287 0.00287 0.00288 0.00289 0.00289 0.00290 0.00291 0.00291 0.00292 0.00293 0.00293 0.00294 0.00295 0.00295 0.00296 0.00297 0.00297 0.00298 0.00299 0.00299 0.00300 0.00300 0.00301 0.00302 0.00302 0.00303 0.00303 0.00304 0.00305 0.00305 0.00306 0.00306 0.00307 0.00307 0.00308 0.00309 0.00309 0.00310 0.00310 0.00311 0.00311 0.00312 0.00312 0.00312 0.00313 0.00313 0.00314 0.00314 0.00315 0.00315 0.00316 0.00316 0.00316 0.00317 0.00317 0.00317 0.00318 0.00318 0.00318 0.00319 0.00319 0.00319 0.00320 0.00320 0.00320 0.00321 0.00321 0.00321 0.00321 0.00322 0.00322 0.00322 0.00322 0.00322 0.00323 0.00323 0.00323 0.00323 0.00323 0.00323 0.00323 0.00323 0.00324 0.00324 0.00324 0.00324 0.00324 0.00324 0.00324 0.00324 0.00324 0.00324 0.00324 0.00324 0.00324 0.00324 0.00324 0.00324 0.00324 0.00323 0.00323 0.00323 0.00323 0.00323 0.00323 0.00323 0.00322 0.00322 0.00322 0.00322 0.00322 0.00322 0.00321 0.00321 0.00321 0.00321 0.00320 0.00320 0.00320 0.00319 0.00319 0.00319 0.00318 0.00318 0.00318 0.00317 0.00317 0.00317 0.00316 0.00316 0.00316 0.00315 0.00315 0.00314 0.00314 0.00313 0.00313 0.00313 0.00312 0.00312 0.00311 0.00311 0.00310 0.00310 0.00309 0.00309 0.00308 0.00308 0.00307 0.00306 0.00306 0.00305 0.00305 0.00304 0.00304 0.00303 0.00302 0.00302 0.00301 0.00301 0.00300 0.00299 0.00299 0.00298 0.00297 0.00297 0.00296 0.00296 0.00295 0.00294 0.00294 0.00293 0.00292 0.00292 0.00291 0.00290 0.00289 0.00289 0.00288 0.00287 0.00287 0.00286 0.00285 0.00285 0.00284 0.00283 0.00282 0.00282 0.00281 0.00280 0.00279 0.00279 0.00278 0.00277 0.00276 0.00276 0.00275 0.00274 0.00273 0.00273 0.00272 0.00271 0.00270 0.00270 0.00269 0.00268 0.00267 0.00267 0.00266 0.00265 0.00264 0.00264 0.00263 0.00262 0.00261 0.00261 0.00260 0.00259 0.00258 0.00258 0.00257 0.00256 0.00255 0.00255 0.00254 0.00253 0.00252 0.00252 0.00251 0.00250 0.00249 0.00249 0.00248 0.00247 0.00246 0.00246 0.00245 0.00244 0.00243 0.00243 0.00242 0.00241 0.00241 0.00240 0.00239 0.00238 0.00238 0.00237 0.00236 0.00236 0.00235 0.00234 0.00233 0.00233 0.00232 0.00231 0.00231 0.00230 0.00229 0.00229 0.00228 0.00227 0.00227 0.00226 0.00225 0.00225 0.00224 0.00223 0.00223 0.00222 0.00221 0.00221 0.00220 0.00219 0.00219 0.00218 0.00218 0.00217 0.00216 0.00216 0.00215 0.00214 0.00214 0.00213 0.00213 0.00212 0.00211 0.00211 0.00210 0.00210 0.00209 0.00209 0.00208 0.00207 0.00207 0.00206 0.00206 0.00205 0.00205 0.00204 0.00204 0.00203 0.00203 0.00202 0.00201 0.00201 0.00200 0.00200 0.00199 0.00199 0.00198 0.00198 0.00197 0.00197 0.00196 0.00196 0.00195 0.00195 0.00195 0.00194 0.00194 0.00193 0.00193 0.00192 0.00192 0.00191 0.00191 0.00190 0.00190 0.00190 0.00189 0.00189 0.00188 0.00188 0.00187 0.00187 0.00187 0.00186 0.00186 0.00185 0.00185 0.00185 0.00184 0.00184 0.00183 0.00183 0.00183 0.00182 0.00182 0.00182 0.00181 0.00181 0.00180 0.00180 0.00180 0.00179 0.00179 0.00179 0.00178 0.00178 0.00178 0.00177 0.00177 0.00177 0.00176 0.00176 0.00176 0.00175 0.00175
axis 3 logf: 0.01029 0.01029 0.01029 0.01029 0.01029 0.01029 0.01029 0.01029 0.01029 0.01029 0.01029 0.01029 0.01029 0.01029 0.01029 0.01029 0.01029 0.01029 0.01029 0.01029 0.01029 0.01029 0.01029 0.01029 0.01029 0.01029 0.01029 0.01029 0.01029 0.01029 0.01029 0.01029 0.01029 0.01029 0.01029 0.01029 0.01029 0.01029 0.01029 0.01029 0.01029 0.01029 0.01029 0.01029 0.01029 0.01029 0.01029 0.01029 0.01029 0.01029 0.01029 0.01029 0.01029 0.01029 0.01029 0.01029 0.01029 0.01029 0.01029 0.01029 0.01029 0.01029 0.01029 0.01029 0.01029 0.01029 0.01029 0.01029 0.01029 0.01029 0.01029 0.01029 0.01029 0.01029 0.01029 0.01029 0.01029 0.01029 0.01029 0.01029 0.01029 0.01029 0.01029 0.01029 0.01029 0.01029 0.01029 0.01029 0.01029 0.01029 0.01029 0.01029 0.01029 0.01029 0.01029 0.01029 0.01029 0.01029 0.01029 0.01029 0.01029 0.01029 0.01029 0.01029 0.01029 0.01029 0.01029 0.01029 0.01029 0.01029 0.01029 0.01029 0.01029 0.01029 0.01029 0.01029 0.01029 0.01029 0.01029 0.01029 0.01029 0.01029 0.01029 0.01029 0.01029 0.01029 0.01029 0.01029 0.01029 0.01029 0.01029 0.01029 0.01029 0.01029 0.01029 0.01029 0.01029 0.01029 0.01029 0.01029 0.01029 0.01029 0.01029 0.01029 0.01029 0.01029 0.01029 0.01029 0.01029 0.01029 0.01029 0.01029 0.01029 0.01029 0.01029 0.01029 0.01029 0.01029 0.01029 0.01029 0.01029 0.01029 0.01029 0.01029 0.01029 0.01029 0.01029 0.01029 0.01029 0.01029 0.01029 0.01029 0.01029 0.01029 0.01029 0.01029 0.01029 0.01029 0.01029 0.01029 0.01029 0.01029 0.01029 0.01029 0.01029 0.01029 0.01029 0.01029 0.01029 0.01029 0.01029 0.01029 0.01029 0.01029 0.01029 0.01029 0.01029 0.01029 0.01029 0.01029 0.01029 0.01029 0.01029 0.01029 0.01029 0.01029 0.01029 0.01029 0.01029 0.01029 0.01029 0.01029 0.01029 0.01029 0.01029 0.01029 0.01029 0.01029 0.01029 0.01029 0.01029 0.01029 0.01029 0.01029 0.01029 0.01029 0.01029 0.01029 0.01029 0.01029 0.01029 0.01029 0.01029 0.01029 0.01029 0.01029 0.01029 0.01029 0.01029 0.01029 0.01029 0.01029 0.01029 0.01029 0.01029 0.01029 0.01029 0.01029 0.01029 0.01029 0.01029 0.01029 0.01029 0.01029 0.01029 0.01029 0.01029 0.01029 0.01029 0.01029 0.01029 0.01029 0.01029 0.01029 0.01029 0.01029 0.01029 0.01029 0.01029 0.01029 0.01029 0.01029 0.01029 0.01029 0.01029 0.01029 0.01029 0.01029 0.01029 0.01029 0.01029 0.01029 0.01029 0.01029 0.01029 0.01029 0.01029 0.01029 0.01029 0.01029 0.01029 0.01029 0.01029 0.01029 0.01029 0.01029 0.01029 0.01029 0.01029 0.01029 0.01029 0.01029 0.01029 0.01029 0.01029 0.01029 0.01029 0.01029 0.01029 0.01029 0.01029 0.01029 0.01029 0.01029 0.01029 0.01029 0.01029 0.01029 0.01029 0.01029 0.01029 0.01029 0.01029 0.01029 0.01029 0.01029 0.01029 0.01029 0.01029 0.01029 0.01029 0.01029 0.01029 0.01029 0.01029 0.01029 0.01029 0.01029 0.01029 0.01029 0.01029 0.01029 0.01029 0.01029 0.01029 0.01029 0.01029 0.01029 0.01029 0.01029 0.01029 0.01029 0.01029 0.01029 0.01029 0.01029 0.01029 0.01029 0.01029 0.01029 0.01029 0.01029 0.01029 0.01029 0.01029 0.01029 0.01029 0.01029 0.01029 0.01029 0.01029 0.01029 0.01029 0.01029 0.01029 0.01029 0.01029 0.01029 0.01029 0.01029 0.01029 0.01029 0.01029 0.01029 0.01029 0.01029 0.01029 0.01029 0.01029 0.01029 0.01029 0.01029 0.01029 0.01029 0.01029 0.01029 0.01029 0.01029 0.01029 0.01029 0.01029 0.01029 0.01029 0.01029 0.01029 0.01029 0.01029 0.01029 0.01029 0.01029 0.01029 0.01029 0.01029 0.01029 0.01029 0.01029 0.01029 0.01029 0.01029 0.01029 0.01029 0.01029 0.01029 0.01029 0.01029 0.01029 0.01029 0.01029 0.01029 0.01029 0.01029 0.01029 0.01029 0.01029 0.01029 0.01029 0.01029 0.01029 0.01029 0.01029 0.01029 0.01029 0.01029 0.01029 0.01029 0.01029 0.01029 0.01029 0.01029 0.01029 0.01029 0.01029 0.01029 0.01029 0.01029 0.01029 0.01029 0.01029 0.01029 0.01029 0.01029 0.01029 0.01029 0.01029 0.01029 0.01029 0.01029 0.01029 0.01029 0.01029 0.01029 0.01029 0.01029 0.01029 0.01029 0.01029 0.01029 0.01029 0.01029 0.01029 0.01029 0.01029 0.01029 0.01029 0.01029 0.01029 0.01029 0.01029 0.01029 0.01029 0.01029 0.01029 0.01029 0.01029 0.01029 0.01029 0.01029 0.01029 0.01029 0.01029
