grade — full space, K=4, extent 2.20; 6 bands/octave over 40..20000 Hz, kernel 0.0833 oct, strike 0 listen 0, 1/omega, damping 5.0/s at 0.200 s

pitch normalised: the lowest audible mode of every point is moved to 440 Hz before banding

variety per unit of travel: mean 0.808, 5th pct 0.240, 95th pct 1.584
spread: 6.60x   (FM 1.83x, Saw 2.03x, Shapes 8.47x in Kyklophoria's table; 1.0 is isotropic)
twins: 1.6% of random pairs within 0.05
axes:  axis 0 1.032  axis 1 1.836  axis 2 0.099  axis 3 0.162
modes skipped as unrenderable (non-positive or above the top band): 0.00 per evaluation over 41604 evaluations

continuity (cont_check): largest step at step/500 and step/2000, ratio ~4 smooth, ~1 cliff
  axis    spec/500   spec/2000   ratio      logf/500   logf/2000   ratio
  0        0.00407     0.00102    4.00       0.00328     0.00082    4.00
  1        0.01137     0.00284    4.00       0.00208     0.00052    4.00
  2        0.00032     0.00008    4.00       0.00033     0.00008    4.00
  3        0.00035     0.00009    3.98       0.00043     0.00011    4.00

where the frequencies move fastest along each axis (log-frequency step per 1/500 of travel, in tenths of the axis):
  axis 0: 0.0033 0.0033 0.0033 0.0033 0.0033 0.0033 0.0033 0.0033 0.0033 0.0033   peak 0.0033
  axis 1: 0.0021 0.0021 0.0021 0.0021 0.0021 0.0021 0.0021 0.0021 0.0021 0.0021   peak 0.0021
  axis 2: 0.0003 0.0003 0.0003 0.0003 0.0003 0.0003 0.0003 0.0003 0.0003 0.0003   peak 0.0003
  axis 3: 0.0004 0.0004 0.0004 0.0004 0.0004 0.0004 0.0004 0.0004 0.0004 0.0004   peak 0.0004

veering map — second difference of each aligned slot's log frequency along each sweep, in cents.
a smooth trajectory is under 100; a slot that trades places with its neighbour is hundreds.
listed: every (family, parameter, slot) over 300 cents, and each family's worst.
  bar: (0.927, slot 2: 1133) (0.927, slot 4: 1136)
    2 over 300 cents; worst 1136 cents at parameter 0.927, slot 4
  plate: (1.182, slot 0: 2812) (1.182, slot 1: 598) (1.182, slot 4: 1388) (1.182, slot 5: 1050) (1.182, slot 6: 1406) (1.182, slot 7: 1528) (1.182, slot 9: 1014) (1.182, slot 11: 1956) (1.182, slot 15: 1027) (1.182, slot 16: 2013) (1.182, slot 18: 2636) (1.182, slot 19: 579) (1.182, slot 20: 4300) (1.182, slot 21: 1115) (1.182, slot 23: 1815) (1.182, slot 24: 1362) (1.182, slot 26: 3187) (1.364, slot 1: 328) (1.364, slot 6: 1564) (1.364, slot 9: 1986) (1.364, slot 12: 563) (1.364, slot 15: 949) (1.364, slot 17: 329) (1.364, slot 21: 1705) (1.364, slot 23: 1316) (1.364, slot 24: 1131) (1.546, slot 1: 618) (1.546, slot 9: 1727) (1.546, slot 21: 744) (1.727, slot 1: 347) (1.727, slot 18: 446) (1.909, slot 1: 765) (1.909, slot 9: 1464) (1.909, slot 12: 1483) (1.909, slot 18: 867) (2.091, slot 9: 1479) (2.091, slot 12: 1399) (2.091, slot 18: 332) (2.273, slot 12: 1145) (2.273, slot 20: 1766) (2.454, slot 12: 1143) (2.454, slot 20: 1756)
    42 over 300 cents; worst 4300 cents at parameter 1.182, slot 20
  bell: (0.218, slot 35: 448) (0.436, slot 32: 727) (0.545, slot 32: 643) (0.545, slot 36: 309) (0.655, slot 22: 781) (0.655, slot 33: 756) (0.764, slot 22: 759) (0.764, slot 30: 347) (0.764, slot 33: 782) (1.091, slot 29: 661)
    10 over 300 cents; worst 782 cents at parameter 0.764, slot 33

profiles: per axis, 500 steps, spectrum step then log-frequency step
axis 0 spec: 0.00322 0.00327 0.00332 0.00338 0.00343 0.00348 0.00353 0.00357 0.00362 0.00366 0.00371 0.00375 0.00379 0.00382 0.00386 0.00389 0.00392 0.00395 0.00397 0.00399 0.00401 0.00403 0.00404 0.00405 0.00406 0.00407 0.00407 0.00407 0.00407 0.00407 0.00406 0.00405 0.00403 0.00402 0.00400 0.00398 0.00395 0.00393 0.00390 0.00387 0.00384 0.00380 0.00376 0.00372 0.00368 0.00364 0.00359 0.00355 0.00350 0.00345 0.00340 0.00335 0.00330 0.00324 0.00319 0.00313 0.00308 0.00302 0.00297 0.00291 0.00286 0.00280 0.00275 0.00269 0.00264 0.00259 0.00254 0.00249 0.00245 0.00241 0.00237 0.00233 0.00229 0.00226 0.00223 0.00220 0.00218 0.00216 0.00215 0.00214 0.00213 0.00213 0.00213 0.00214 0.00214 0.00215 0.00217 0.00218 0.00220 0.00223 0.00225 0.00228 0.00231 0.00234 0.00238 0.00241 0.00245 0.00248 0.00252 0.00256 0.00260 0.00264 0.00268 0.00271 0.00275 0.00279 0.00283 0.00286 0.00290 0.00293 0.00297 0.00300 0.00303 0.00306 0.00309 0.00311 0.00314 0.00316 0.00318 0.00320 0.00322 0.00324 0.00325 0.00326 0.00327 0.00328 0.00329 0.00330 0.00330 0.00330 0.00330 0.00330 0.00329 0.00328 0.00328 0.00327 0.00325 0.00324 0.00323 0.00321 0.00319 0.00317 0.00315 0.00312 0.00310 0.00307 0.00305 0.00302 0.00299 0.00296 0.00293 0.00290 0.00287 0.00283 0.00280 0.00276 0.00273 0.00270 0.00266 0.00263 0.00259 0.00256 0.00253 0.00249 0.00246 0.00243 0.00240 0.00237 0.00234 0.00231 0.00229 0.00226 0.00224 0.00222 0.00220 0.00218 0.00216 0.00215 0.00214 0.00213 0.00212 0.00211 0.00211 0.00210 0.00210 0.00210 0.00210 0.00211 0.00211 0.00212 0.00213 0.00214 0.00215 0.00216 0.00217 0.00219 0.00220 0.00222 0.00223 0.00225 0.00226 0.00228 0.00229 0.00231 0.00232 0.00234 0.00235 0.00237 0.00238 0.00240 0.00241 0.00242 0.00243 0.00244 0.00245 0.00246 0.00245 0.00248 0.00248 0.00249 0.00249 0.00249 0.00249 0.00249 0.00249 0.00249 0.00249 0.00248 0.00248 0.00247 0.00246 0.00245 0.00244 0.00243 0.00242 0.00241 0.00239 0.00238 0.00236 0.00234 0.00232 0.00230 0.00228 0.00226 0.00224 0.00222 0.00220 0.00217 0.00215 0.00212 0.00210 0.00207 0.00204 0.00201 0.00199 0.00196 0.00193 0.00190 0.00187 0.00184 0.00181 0.00178 0.00175 0.00172 0.00169 0.00166 0.00163 0.00160 0.00157 0.00154 0.00151 0.00148 0.00145 0.00142 0.00140 0.00137 0.00134 0.00131 0.00128 0.00126 0.00123 0.00121 0.00118 0.00115 0.00113 0.00111 0.00108 0.00106 0.00104 0.00102 0.00100 0.00098 0.00096 0.00094 0.00092 0.00090 0.00088 0.00087 0.00085 0.00084 0.00082 0.00081 0.00080 0.00079 0.00078 0.00077 0.00076 0.00075 0.00074 0.00074 0.00073 0.00072 0.00072 0.00072 0.00071 0.00071 0.00071 0.00071 0.00071 0.00071 0.00071 0.00072 0.00072 0.00072 0.00073 0.00074 0.00074 0.00075 0.00076 0.00076 0.00077 0.00078 0.00079 0.00080 0.00081 0.00082 0.00083 0.00084 0.00086 0.00087 0.00088 0.00089 0.00090 0.00092 0.00093 0.00094 0.00095 0.00097 0.00098 0.00099 0.00100 0.00102 0.00103 0.00104 0.00105 0.00107 0.00108 0.00109 0.00110 0.00111 0.00112 0.00113 0.00114 0.00115 0.00116 0.00117 0.00118 0.00119 0.00120 0.00120 0.00121 0.00122 0.00123 0.00123 0.00124 0.00125 0.00125 0.00126 0.00126 0.00127 0.00127 0.00128 0.00128 0.00129 0.00129 0.00129 0.00130 0.00130 0.00130 0.00130 0.00131 0.00131 0.00131 0.00131 0.00131 0.00132 0.00132 0.00132 0.00132 0.00132 0.00132 0.00132 0.00132 0.00133 0.00133 0.00133 0.00133 0.00133 0.00133 0.00133 0.00133 0.00133 0.00134 0.00134 0.00134 0.00134 0.00134 0.00134 0.00134 0.00135 0.00135 0.00135 0.00135 0.00135 0.00135 0.00136 0.00136 0.00136 0.00136 0.00136 0.00136 0.00136 0.00137 0.00137 0.00137 0.00137 0.00137 0.00137 0.00137 0.00137 0.00137 0.00137 0.00137 0.00136 0.00136 0.00136 0.00136 0.00135 0.00135 0.00134 0.00134 0.00133 0.00133 0.00132 0.00132 0.00131 0.00130 0.00129 0.00128 0.00127 0.00126 0.00125 0.00124 0.00123 0.00121 0.00120 0.00119 0.00117 0.00116 0.00114 0.00113 0.00111 0.00109 0.00108 0.00106 0.00104 0.00103 0.00101 0.00099 0.00098 0.00096 0.00094 0.00093 0.00091 0.00090 0.00088 0.00087 0.00086 0.00084 0.00083 0.00082 0.00081 0.00080 0.00080 0.00079 0.00079 0.00078 0.00078 0.00078 0.00078
axis 0 logf: 0.00328 0.00328 0.00328 0.00328 0.00328 0.00328 0.00328 0.00328 0.00328 0.00328 0.00328 0.00328 0.00328 0.00328 0.00328 0.00328 0.00328 0.00328 0.00328 0.00328 0.00328 0.00328 0.00328 0.00328 0.00328 0.00328 0.00328 0.00328 0.00328 0.00328 0.00328 0.00328 0.00328 0.00328 0.00328 0.00328 0.00328 0.00328 0.00328 0.00328 0.00328 0.00328 0.00328 0.00328 0.00328 0.00328 0.00328 0.00328 0.00328 0.00328 0.00328 0.00328 0.00328 0.00328 0.00328 0.00328 0.00328 0.00328 0.00328 0.00328 0.00328 0.00328 0.00328 0.00328 0.00328 0.00328 0.00328 0.00328 0.00328 0.00328 0.00328 0.00328 0.00328 0.00328 0.00328 0.00328 0.00328 0.00328 0.00328 0.00328 0.00328 0.00328 0.00328 0.00328 0.00328 0.00328 0.00328 0.00328 0.00328 0.00328 0.00328 0.00328 0.00328 0.00328 0.00328 0.00328 0.00328 0.00328 0.00328 0.00328 0.00328 0.00328 0.00328 0.00328 0.00328 0.00328 0.00328 0.00328 0.00328 0.00328 0.00328 0.00328 0.00328 0.00328 0.00328 0.00328 0.00328 0.00328 0.00328 0.00328 0.00328 0.00328 0.00328 0.00328 0.00328 0.00328 0.00328 0.00328 0.00328 0.00328 0.00328 0.00328 0.00328 0.00328 0.00328 0.00328 0.00328 0.00328 0.00328 0.00328 0.00328 0.00328 0.00328 0.00328 0.00328 0.00328 0.00328 0.00328 0.00328 0.00328 0.00328 0.00328 0.00328 0.00328 0.00328 0.00328 0.00328 0.00328 0.00328 0.00328 0.00328 0.00328 0.00328 0.00328 0.00328 0.00328 0.00328 0.00328 0.00328 0.00328 0.00328 0.00328 0.00328 0.00328 0.00328 0.00328 0.00328 0.00328 0.00328 0.00328 0.00328 0.00328 0.00328 0.00328 0.00328 0.00328 0.00328 0.00328 0.00328 0.00328 0.00328 0.00328 0.00328 0.00328 0.00328 0.00328 0.00328 0.00328 0.00328 0.00328 0.00328 0.00328 0.00328 0.00328 0.00328 0.00328 0.00328 0.00328 0.00328 0.00328 0.00328 0.00328 0.00328 0.00328 0.00328 0.00328 0.00328 0.00328 0.00328 0.00328 0.00328 0.00328 0.00328 0.00328 0.00328 0.00328 0.00328 0.00328 0.00328 0.00328 0.00328 0.00328 0.00328 0.00328 0.00328 0.00328 0.00328 0.00328 0.00328 0.00328 0.00328 0.00328 0.00328 0.00328 0.00328 0.00328 0.00328 0.00328 0.00328 0.00328 0.00328 0.00328 0.00328 0.00328 0.00328 0.00328 0.00328 0.00328 0.00328 0.00328 0.00328 0.00328 0.00328 0.00328 0.00328 0.00328 0.00328 0.00328 0.00328 0.00328 0.00328 0.00328 0.00328 0.00328 0.00328 0.00328 0.00328 0.00328 0.00328 0.00328 0.00328 0.00328 0.00328 0.00328 0.00328 0.00328 0.00328 0.00328 0.00328 0.00328 0.00328 0.00328 0.00328 0.00328 0.00328 0.00328 0.00328 0.00328 0.00328 0.00328 0.00328 0.00328 0.00328 0.00328 0.00328 0.00328 0.00328 0.00328 0.00328 0.00328 0.00328 0.00328 0.00328 0.00328 0.00328 0.00328 0.00328 0.00328 0.00328 0.00328 0.00328 0.00328 0.00328 0.00328 0.00328 0.00328 0.00328 0.00328 0.00328 0.00328 0.00328 0.00328 0.00328 0.00328 0.00328 0.00328 0.00328 0.00328 0.00328 0.00328 0.00328 0.00328 0.00328 0.00328 0.00328 0.00328 0.00328 0.00328 0.00328 0.00328 0.00328 0.00328 0.00328 0.00328 0.00328 0.00328 0.00328 0.00328 0.00328 0.00328 0.00328 0.00328 0.00328 0.00328 0.00328 0.00328 0.00328 0.00328 0.00328 0.00328 0.00328 0.00328 0.00328 0.00328 0.00328 0.00328 0.00328 0.00328 0.00328 0.00328 0.00328 0.00328 0.00328 0.00328 0.00328 0.00328 0.00328 0.00328 0.00328 0.00328 0.00328 0.00328 0.00328 0.00328 0.00328 0.00328 0.00328 0.00328 0.00328 0.00328 0.00328 0.00328 0.00328 0.00328 0.00328 0.00328 0.00328 0.00328 0.00328 0.00328 0.00328 0.00328 0.00328 0.00328 0.00328 0.00328 0.00328 0.00328 0.00328 0.00328 0.00328 0.00328 0.00328 0.00328 0.00328 0.00328 0.00328 0.00328 0.00328 0.00328 0.00328 0.00328 0.00328 0.00328 0.00328 0.00328 0.00328 0.00328 0.00328 0.00328 0.00328 0.00328 0.00328 0.00328 0.00328 0.00328 0.00328 0.00328 0.00328 0.00328 0.00328 0.00328 0.00328 0.00328 0.00328 0.00328 0.00328 0.00328 0.00328 0.00328 0.00328 0.00328 0.00328 0.00328 0.00328 0.00328 0.00328 0.00328 0.00328 0.00328 0.00328 0.00328 0.00328 0.00328 0.00328 0.00328 0.00328 0.00328 0.00328 0.00328 0.00328 0.00328 0.00328 0.00328 0.00328 0.00328 0.00328 0.00328 0.00328 0.00328 0.00328 0.00328 0.00328 0.00328 0.00328 0.00328 0.00328 0.00328 0.00328 0.00328
axis 1 spec: 0.00034 0.00034 0.00034 0.00034 0.00034 0.00034 0.00034 0.00034 0.00034 0.00034 0.00034 0.00034 0.00034 0.00034 0.00034 0.00035 0.00035 0.00035 0.00035 0.00035 0.00035 0.00035 0.00035 0.00036 0.00036 0.00036 0.00036 0.00037 0.00037 0.00037 0.00037 0.00038 0.00038 0.00038 0.00039 0.00039 0.00040 0.00040 0.00040 0.00041 0.00041 0.00042 0.00042 0.00043 0.00043 0.00044 0.00044 0.00045 0.00045 0.00045 0.00046 0.00046 0.00047 0.00047 0.00047 0.00048 0.00048 0.00048 0.00048 0.00049 0.00049 0.00049 0.00049 0.00049 0.00049 0.00049 0.00049 0.00049 0.00049 0.00049 0.00049 0.00049 0.00049 0.00048 0.00048 0.00048 0.00048 0.00048 0.00048 0.00048 0.00048 0.00048 0.00048 0.00048 0.00048 0.00049 0.00049 0.00050 0.00050 0.00051 0.00052 0.00053 0.00054 0.00055 0.00057 0.00058 0.00060 0.00061 0.00063 0.00065 0.00067 0.00069 0.00071 0.00073 0.00075 0.00077 0.00079 0.00081 0.00083 0.00085 0.00087 0.00089 0.00091 0.00093 0.00095 0.00097 0.00099 0.00101 0.00102 0.00104 0.00105 0.00107 0.00108 0.00109 0.00110 0.00111 0.00111 0.00112 0.00113 0.00113 0.00113 0.00113 0.00113 0.00113 0.00112 0.00112 0.00111 0.00110 0.00109 0.00108 0.00107 0.00106 0.00105 0.00104 0.00102 0.00101 0.00099 0.00098 0.00097 0.00096 0.00094 0.00093 0.00093 0.00092 0.00092 0.00092 0.00092 0.00093 0.00094 0.00096 0.00098 0.00100 0.00103 0.00106 0.00109 0.00113 0.00117 0.00121 0.00125 0.00130 0.00135 0.00140 0.00145 0.00150 0.00156 0.00161 0.00166 0.00172 0.00177 0.00183 0.00188 0.00193 0.00198 0.00203 0.00208 0.00213 0.00217 0.00221 0.00225 0.00229 0.00233 0.00236 0.00239 0.00242 0.00245 0.00247 0.00249 0.00250 0.00252 0.00252 0.00253 0.00253 0.00253 0.00253 0.00252 0.00251 0.00249 0.00247 0.00245 0.00243 0.00240 0.00237 0.00233 0.00230 0.00226 0.00222 0.00218 0.00213 0.00209 0.00205 0.00201 0.00196 0.00192 0.00189 0.00185 0.00182 0.00180 0.00178 0.00177 0.00176 0.00177 0.00178 0.00180 0.00183 0.00187 0.00192 0.00198 0.00204 0.00211 0.00219 0.00227 0.00236 0.00245 0.00254 0.00264 0.00274 0.00285 0.00295 0.00305 0.00316 0.00326 0.00336 0.00347 0.00357 0.00366 0.00376 0.00385 0.00394 0.00402 0.00411 0.00418 0.00425 0.00432 0.00438 0.00444 0.00449 0.00454 0.00458 0.00461 0.00464 0.00466 0.00467 0.00468 0.00468 0.00467 0.00466 0.00464 0.00461 0.00458 0.00454 0.00449 0.00444 0.00438 0.00431 0.00424 0.00416 0.00408 0.00400 0.00391 0.00381 0.00372 0.00362 0.00352 0.00342 0.00332 0.00322 0.00312 0.00303 0.00295 0.00287 0.00280 0.00274 0.00269 0.00266 0.00265 0.00265 0.00267 0.00270 0.00276 0.00283 0.00291 0.00301 0.00312 0.00325 0.00338 0.00352 0.00367 0.00383 0.00399 0.00415 0.00432 0.00448 0.00465 0.00481 0.00498 0.00514 0.00530 0.00545 0.00560 0.00575 0.00589 0.00602 0.00615 0.00626 0.00638 0.00648 0.00657 0.00666 0.00674 0.00680 0.00686 0.00690 0.00694 0.00697 0.00698 0.00699 0.00698 0.00696 0.00693 0.00690 0.00685 0.00679 0.00672 0.00664 0.00655 0.00645 0.00635 0.00623 0.00611 0.00598 0.00585 0.00571 0.00556 0.00541 0.00526 0.00511 0.00495 0.00480 0.00465 0.00451 0.00437 0.00424 0.00412 0.00401 0.00391 0.00384 0.00379 0.00375 0.00374 0.00375 0.00378 0.00385 0.00393 0.00404 0.00416 0.00431 0.00448 0.00465 0.00485 0.00505 0.00526 0.00548 0.00570 0.00593 0.00617 0.00640 0.00663 0.00686 0.00709 0.00732 0.00754 0.00776 0.00797 0.00817 0.00836 0.00855 0.00872 0.00889 0.00904 0.00918 0.00931 0.00943 0.00953 0.00962 0.00969 0.00975 0.00979 0.00982 0.00983 0.00983 0.00981 0.00978 0.00973 0.00966 0.00958 0.00949 0.00938 0.00926 0.00912 0.00898 0.00882 0.00865 0.00847 0.00828 0.00808 0.00788 0.00767 0.00746 0.00724 0.00702 0.00680 0.00658 0.00636 0.00615 0.00594 0.00575 0.00556 0.00539 0.00523 0.00510 0.00498 0.00489 0.00483 0.00479 0.00478 0.00481 0.00486 0.00494 0.00505 0.00519 0.00535 0.00553 0.00573 0.00594 0.00617 0.00641 0.00666 0.00692 0.00718 0.00744 0.00771 0.00798 0.00824 0.00850 0.00876 0.00901 0.00925 0.00949 0.00972 0.00993 0.01013 0.01033 0.01050 0.01067 0.01081 0.01094 0.01106 0.01116 0.01124 0.01130 0.01134 0.01136 0.01137 0.01135 0.01132 0.01127 0.01119 0.01111 0.01100 0.01087
axis 1 logf: 0.00208 0.00208 0.00208 0.00208 0.00208 0.00208 0.00208 0.00208 0.00208 0.00208 0.00208 0.00208 0.00208 0.00208 0.00208 0.00208 0.00208 0.00208 0.00208 0.00208 0.00208 0.00208 0.00208 0.00208 0.00208 0.00208 0.00208 0.00208 0.00208 0.00208 0.00208 0.00208 0.00208 0.00208 0.00208 0.00208 0.00208 0.00208 0.00208 0.00208 0.00208 0.00208 0.00208 0.00208 0.00208 0.00208 0.00208 0.00208 0.00208 0.00208 0.00208 0.00208 0.00208 0.00208 0.00208 0.00208 0.00208 0.00208 0.00208 0.00208 0.00208 0.00208 0.00208 0.00208 0.00208 0.00208 0.00208 0.00208 0.00208 0.00208 0.00208 0.00208 0.00208 0.00208 0.00208 0.00208 0.00208 0.00208 0.00208 0.00208 0.00208 0.00208 0.00208 0.00208 0.00208 0.00208 0.00208 0.00208 0.00208 0.00208 0.00208 0.00208 0.00208 0.00208 0.00208 0.00208 0.00208 0.00208 0.00208 0.00208 0.00208 0.00208 0.00208 0.00208 0.00208 0.00208 0.00208 0.00208 0.00208 0.00208 0.00208 0.00208 0.00208 0.00208 0.00208 0.00208 0.00208 0.00208 0.00208 0.00208 0.00208 0.00208 0.00208 0.00208 0.00208 0.00208 0.00208 0.00208 0.00208 0.00208 0.00208 0.00208 0.00208 0.00208 0.00208 0.00208 0.00208 0.00208 0.00208 0.00208 0.00208 0.00208 0.00208 0.00208 0.00208 0.00208 0.00208 0.00208 0.00208 0.00208 0.00208 0.00208 0.00208 0.00208 0.00208 0.00208 0.00208 0.00208 0.00208 0.00208 0.00208 0.00208 0.00208 0.00208 0.00208 0.00208 0.00208 0.00208 0.00208 0.00208 0.00208 0.00208 0.00208 0.00208 0.00208 0.00208 0.00208 0.00208 0.00208 0.00208 0.00208 0.00208 0.00208 0.00208 0.00208 0.00208 0.00208 0.00208 0.00208 0.00208 0.00208 0.00208 0.00208 0.00208 0.00208 0.00208 0.00208 0.00208 0.00208 0.00208 0.00208 0.00208 0.00208 0.00208 0.00208 0.00208 0.00208 0.00208 0.00208 0.00208 0.00208 0.00208 0.00208 0.00208 0.00208 0.00208 0.00208 0.00208 0.00208 0.00208 0.00208 0.00208 0.00208 0.00208 0.00208 0.00208 0.00208 0.00208 0.00208 0.00208 0.00208 0.00208 0.00208 0.00208 0.00208 0.00208 0.00208 0.00208 0.00208 0.00208 0.00208 0.00208 0.00208 0.00208 0.00208 0.00208 0.00208 0.00208 0.00208 0.00208 0.00208 0.00208 0.00208 0.00208 0.00208 0.00208 0.00208 0.00208 0.00208 0.00208 0.00208 0.00208 0.00208 0.00208 0.00208 0.00208 0.00208 0.00208 0.00208 0.00208 0.00208 0.00208 0.00208 0.00208 0.00208 0.00208 0.00208 0.00208 0.00208 0.00208 0.00208 0.00208 0.00208 0.00208 0.00208 0.00208 0.00208 0.00208 0.00208 0.00208 0.00208 0.00208 0.00208 0.00208 0.00208 0.00208 0.00208 0.00208 0.00208 0.00208 0.00208 0.00208 0.00208 0.00208 0.00208 0.00208 0.00208 0.00208 0.00208 0.00208 0.00208 0.00208 0.00208 0.00208 0.00208 0.00208 0.00208 0.00208 0.00208 0.00208 0.00208 0.00208 0.00208 0.00208 0.00208 0.00208 0.00208 0.00208 0.00208 0.00208 0.00208 0.00208 0.00208 0.00208 0.00208 0.00208 0.00208 0.00208 0.00208 0.00208 0.00208 0.00208 0.00208 0.00208 0.00208 0.00208 0.00208 0.00208 0.00208 0.00208 0.00208 0.00208 0.00208 0.00208 0.00208 0.00208 0.00208 0.00208 0.00208 0.00208 0.00208 0.00208 0.00208 0.00208 0.00208 0.00208 0.00208 0.00208 0.00208 0.00208 0.00208 0.00208 0.00208 0.00208 0.00208 0.00208 0.00208 0.00208 0.00208 0.00208 0.00208 0.00208 0.00208 0.00208 0.00208 0.00208 0.00208 0.00208 0.00208 0.00208 0.00208 0.00208 0.00208 0.00208 0.00208 0.00208 0.00208 0.00208 0.00208 0.00208 0.00208 0.00208 0.00208 0.00208 0.00208 0.00208 0.00208 0.00208 0.00208 0.00208 0.00208 0.00208 0.00208 0.00208 0.00208 0.00208 0.00208 0.00208 0.00208 0.00208 0.00208 0.00208 0.00208 0.00208 0.00208 0.00208 0.00208 0.00208 0.00208 0.00208 0.00208 0.00208 0.00208 0.00208 0.00208 0.00208 0.00208 0.00208 0.00208 0.00208 0.00208 0.00208 0.00208 0.00208 0.00208 0.00208 0.00208 0.00208 0.00208 0.00208 0.00208 0.00208 0.00208 0.00208 0.00208 0.00208 0.00208 0.00208 0.00208 0.00208 0.00208 0.00208 0.00208 0.00208 0.00208 0.00208 0.00208 0.00208 0.00208 0.00208 0.00208 0.00208 0.00208 0.00208 0.00208 0.00208 0.00208 0.00208 0.00208 0.00208 0.00208 0.00208 0.00208 0.00208 0.00208 0.00208 0.00208 0.00208 0.00208 0.00208 0.00208 0.00208 0.00208 0.00208 0.00208 0.00208 0.00208 0.00208 0.00208 0.00208
axis 2 spec: 0.00032 0.00032 0.00032 0.00031 0.00031 0.00031 0.00031 0.00031 0.00031 0.00031 0.00031 0.00031 0.00031 0.00031 0.00031 0.00031 0.00031 0.00031 0.00031 0.00031 0.00031 0.00031 0.00031 0.00031 0.00031 0.00031 0.00031 0.00030 0.00030 0.00030 0.00030 0.00030 0.00030 0.00030 0.00030 0.00030 0.00030 0.00030 0.00030 0.00030 0.00030 0.00030 0.00030 0.00030 0.00030 0.00030 0.00029 0.00029 0.00029 0.00029 0.00029 0.00029 0.00029 0.00029 0.00029 0.00029 0.00029 0.00029 0.00029 0.00029 0.00029 0.00029 0.00029 0.00029 0.00028 0.00028 0.00028 0.00028 0.00028 0.00028 0.00028 0.00028 0.00028 0.00028 0.00028 0.00028 0.00028 0.00028 0.00028 0.00028 0.00027 0.00027 0.00027 0.00027 0.00027 0.00027 0.00027 0.00027 0.00027 0.00027 0.00027 0.00027 0.00027 0.00027 0.00027 0.00026 0.00026 0.00026 0.00026 0.00026 0.00026 0.00026 0.00026 0.00026 0.00026 0.00026 0.00026 0.00026 0.00026 0.00026 0.00025 0.00025 0.00025 0.00025 0.00025 0.00025 0.00025 0.00025 0.00025 0.00025 0.00025 0.00025 0.00025 0.00025 0.00024 0.00024 0.00024 0.00024 0.00024 0.00024 0.00024 0.00024 0.00024 0.00024 0.00024 0.00024 0.00024 0.00024 0.00023 0.00023 0.00023 0.00023 0.00023 0.00023 0.00023 0.00023 0.00023 0.00023 0.00023 0.00023 0.00023 0.00023 0.00022 0.00022 0.00022 0.00022 0.00022 0.00022 0.00022 0.00022 0.00022 0.00022 0.00022 0.00022 0.00022 0.00022 0.00021 0.00021 0.00021 0.00021 0.00021 0.00021 0.00021 0.00021 0.00021 0.00021 0.00021 0.00021 0.00021 0.00021 0.00021 0.00020 0.00020 0.00020 0.00020 0.00020 0.00020 0.00020 0.00020 0.00020 0.00020 0.00020 0.00020 0.00020 0.00020 0.00020 0.00019 0.00019 0.00019 0.00019 0.00019 0.00019 0.00019 0.00019 0.00019 0.00019 0.00019 0.00019 0.00019 0.00019 0.00019 0.00019 0.00018 0.00018 0.00018 0.00018 0.00018 0.00018 0.00018 0.00018 0.00018 0.00018 0.00018 0.00018 0.00018 0.00018 0.00018 0.00018 0.00018 0.00017 0.00017 0.00017 0.00017 0.00017 0.00017 0.00017 0.00017 0.00017 0.00017 0.00017 0.00017 0.00017 0.00017 0.00017 0.00017 0.00017 0.00017 0.00017 0.00016 0.00016 0.00016 0.00016 0.00016 0.00016 0.00016 0.00016 0.00016 0.00016 0.00016 0.00016 0.00016 0.00016 0.00016 0.00016 0.00016 0.00016 0.00016 0.00016 0.00016 0.00016 0.00016 0.00016 0.00015 0.00015 0.00015 0.00015 0.00015 0.00015 0.00015 0.00015 0.00015 0.00015 0.00015 0.00015 0.00015 0.00015 0.00015 0.00015 0.00015 0.00015 0.00015 0.00015 0.00015 0.00015 0.00015 0.00015 0.00015 0.00015 0.00015 0.00015 0.00015 0.00015 0.00015 0.00015 0.00014 0.00014 0.00014 0.00014 0.00014 0.00014 0.00014 0.00014 0.00014 0.00014 0.00014 0.00014 0.00014 0.00014 0.00014 0.00014 0.00014 0.00014 0.00014 0.00014 0.00014 0.00014 0.00014 0.00014 0.00014 0.00014 0.00014 0.00014 0.00014 0.00014 0.00014 0.00014 0.00014 0.00014 0.00014 0.00014 0.00014 0.00014 0.00014 0.00014 0.00014 0.00014 0.00014 0.00014 0.00014 0.00014 0.00014 0.00014 0.00014 0.00014 0.00014 0.00014 0.00014 0.00014 0.00014 0.00014 0.00014 0.00014 0.00014 0.00014 0.00014 0.00014 0.00014 0.00014 0.00014 0.00014 0.00014 0.00014 0.00014 0.00014 0.00014 0.00014 0.00014 0.00014 0.00014 0.00014 0.00014 0.00014 0.00014 0.00014 0.00014 0.00014 0.00014 0.00014 0.00014 0.00014 0.00014 0.00014 0.00014 0.00014 0.00014 0.00014 0.00014 0.00014 0.00014 0.00014 0.00013 0.00013 0.00013 0.00013 0.00013 0.00013 0.00013 0.00013 0.00013 0.00013 0.00013 0.00014 0.00013 0.00013 0.00013 0.00013 0.00013 0.00013 0.00013 0.00013 0.00013 0.00013 0.00013 0.00013 0.00013 0.00013 0.00013 0.00013 0.00013 0.00013 0.00013 0.00013 0.00013 0.00013 0.00013 0.00013 0.00013 0.00013 0.00013 0.00013 0.00013 0.00013 0.00013 0.00013 0.00013 0.00013 0.00013 0.00013 0.00013 0.00013 0.00013 0.00013 0.00013 0.00013 0.00013 0.00013 0.00013 0.00013 0.00013 0.00013 0.00013 0.00013 0.00013 0.00013 0.00013 0.00013 0.00013 0.00013 0.00013 0.00013 0.00013 0.00013 0.00013 0.00013 0.00013 0.00013 0.00013 0.00013 0.00013 0.00013 0.00013 0.00013 0.00013 0.00013 0.00013 0.00013 0.00013 0.00013 0.00013 0.00013 0.00013 0.00013 0.00013 0.00013 0.00013 0.00013 0.00013 0.00013 0.00013 0.00013
axis 2 logf: 0.00033 0.00033 0.00033 0.00033 0.00033 0.00033 0.00033 0.00033 0.00033 0.00033 0.00033 0.00033 0.00033 0.00033 0.00033 0.00033 0.00033 0.00033 0.00033 0.00033 0.00033 0.00033 0.00033 0.00033 0.00033 0.00033 0.00033 0.00033 0.00033 0.00033 0.00033 0.00033 0.00033 0.00033 0.00033 0.00033 0.00033 0.00033 0.00033 0.00033 0.00033 0.00033 0.00033 0.00033 0.00033 0.00033 0.00033 0.00033 0.00033 0.00033 0.00033 0.00033 0.00033 0.00033 0.00033 0.00033 0.00033 0.00033 0.00033 0.00033 0.00033 0.00033 0.00033 0.00033 0.00033 0.00033 0.00033 0.00033 0.00033 0.00033 0.00033 0.00033 0.00033 0.00033 0.00033 0.00033 0.00033 0.00033 0.00033 0.00033 0.00033 0.00033 0.00033 0.00033 0.00033 0.00033 0.00033 0.00033 0.00033 0.00033 0.00033 0.00033 0.00033 0.00033 0.00033 0.00033 0.00033 0.00033 0.00033 0.00033 0.00033 0.00033 0.00033 0.00033 0.00033 0.00033 0.00033 0.00033 0.00033 0.00033 0.00033 0.00033 0.00033 0.00033 0.00033 0.00033 0.00033 0.00033 0.00033 0.00033 0.00033 0.00033 0.00033 0.00033 0.00033 0.00033 0.00033 0.00033 0.00033 0.00033 0.00033 0.00033 0.00033 0.00033 0.00033 0.00033 0.00033 0.00033 0.00033 0.00033 0.00033 0.00033 0.00033 0.00033 0.00033 0.00033 0.00033 0.00033 0.00033 0.00033 0.00033 0.00033 0.00033 0.00033 0.00033 0.00033 0.00033 0.00033 0.00033 0.00033 0.00033 0.00033 0.00033 0.00033 0.00033 0.00033 0.00033 0.00033 0.00033 0.00033 0.00033 0.00033 0.00033 0.00033 0.00033 0.00033 0.00033 0.00033 0.00033 0.00033 0.00033 0.00033 0.00033 0.00033 0.00033 0.00033 0.00033 0.00033 0.00033 0.00033 0.00033 0.00033 0.00033 0.00033 0.00033 0.00033 0.00033 0.00033 0.00033 0.00033 0.00033 0.00033 0.00033 0.00033 0.00033 0.00033 0.00033 0.00033 0.00033 0.00033 0.00033 0.00033 0.00033 0.00033 0.00033 0.00033 0.00033 0.00033 0.00033 0.00033 0.00033 0.00033 0.00033 0.00033 0.00033 0.00033 0.00033 0.00033 0.00033 0.00033 0.00033 0.00033 0.00033 0.00033 0.00033 0.00033 0.00033 0.00033 0.00033 0.00033 0.00033 0.00033 0.00033 0.00033 0.00033 0.00033 0.00033 0.00033 0.00033 0.00033 0.00033 0.00033 0.00033 0.00033 0.00033 0.00033 0.00033 0.00033 0.00033 0.00033 0.00033 0.00033 0.00033 0.00033 0.00033 0.00033 0.00033 0.00033 0.00033 0.00033 0.00033 0.00033 0.00033 0.00033 0.00033 0.00033 0.00033 0.00033 0.00033 0.00033 0.00033 0.00033 0.00033 0.00033 0.00033 0.00033 0.00033 0.00033 0.00033 0.00033 0.00033 0.00033 0.00033 0.00033 0.00033 0.00033 0.00033 0.00033 0.00033 0.00033 0.00033 0.00033 0.00033 0.00033 0.00033 0.00033 0.00033 0.00033 0.00033 0.00033 0.00033 0.00033 0.00033 0.00033 0.00033 0.00033 0.00033 0.00033 0.00033 0.00033 0.00033 0.00033 0.00033 0.00033 0.00033 0.00033 0.00033 0.00033 0.00033 0.00033 0.00033 0.00033 0.00033 0.00033 0.00033 0.00033 0.00033 0.00033 0.00033 0.00033 0.00033 0.00033 0.00033 0.00033 0.00033 0.00033 0.00033 0.00033 0.00033 0.00033 0.00033 0.00033 0.00033 0.00033 0.00033 0.00033 0.00033 0.00033 0.00033 0.00033 0.00033 0.00033 0.00033 0.00033 0.00033 0.00033 0.00033 0.00033 0.00033 0.00033 0.00033 0.00033 0.00033 0.00033 0.00033 0.00033 0.00033 0.00033 0.00033 0.00033 0.00033 0.00033 0.00033 0.00033 0.00033 0.00033 0.00033 0.00033 0.00033 0.00033 0.00033 0.00033 0.00033 0.00033 0.00033 0.00033 0.00033 0.00033 0.00033 0.00033 0.00033 0.00033 0.00033 0.00033 0.00033 0.00033 0.00033 0.00033 0.00033 0.00033 0.00033 0.00033 0.00033 0.00033 0.00033 0.00033 0.00033 0.00033 0.00033 0.00033 0.00033 0.00033 0.00033 0.00033 0.00033 0.00033 0.00033 0.00033 0.00033 0.00033 0.00033 0.00033 0.00033 0.00033 0.00033 0.00033 0.00033 0.00033 0.00033 0.00033 0.00033 0.00033 0.00033 0.00033 0.00033 0.00033 0.00033 0.00033 0.00033 0.00033 0.00033 0.00033 0.00033 0.00033 0.00033 0.00033 0.00033 0.00033 0.00033 0.00033 0.00033 0.00033 0.00033 0.00033 0.00033 0.00033 0.00033 0.00033 0.00033 0.00033 0.00033 0.00033 0.00033 0.00033 0.00033 0.00033 0.00033 0.00033 0.00033 0.00033 0.00033 0.00033 0.00033 0.00033 0.00033 0.00033 0.00033 0.00033 0.00033 0.00033 0.00033 0.00033 0.00033 0.00033 0.00033 0.00033 0.00033 0.00033 0.00033 0.00033
axis 3 spec: 0.00030 0.00030 0.00030 0.00030 0.00030 0.00030 0.00030 0.00030 0.00030 0.00030 0.00030 0.00030 0.00030 0.00030 0.00030 0.00030 0.00030 0.00030 0.00030 0.00030 0.00030 0.00031 0.00031 0.00031 0.00031 0.00031 0.00031 0.00031 0.00031 0.00031 0.00031 0.00031 0.00031 0.00031 0.00031 0.00031 0.00031 0.00031 0.00031 0.00031 0.00031 0.00031 0.00031 0.00031 0.00031 0.00031 0.00031 0.00031 0.00031 0.00031 0.00031 0.00031 0.00031 0.00031 0.00031 0.00031 0.00032 0.00032 0.00032 0.00032 0.00032 0.00032 0.00032 0.00032 0.00032 0.00032 0.00032 0.00032 0.00032 0.00032 0.00032 0.00032 0.00032 0.00032 0.00032 0.00032 0.00032 0.00032 0.00032 0.00032 0.00032 0.00032 0.00032 0.00032 0.00032 0.00032 0.00032 0.00032 0.00032 0.00033 0.00033 0.00033 0.00033 0.00033 0.00033 0.00033 0.00033 0.00033 0.00033 0.00033 0.00033 0.00033 0.00033 0.00033 0.00033 0.00033 0.00033 0.00033 0.00033 0.00033 0.00033 0.00033 0.00033 0.00033 0.00033 0.00033 0.00033 0.00033 0.00033 0.00033 0.00033 0.00033 0.00033 0.00033 0.00033 0.00034 0.00034 0.00034 0.00034 0.00034 0.00034 0.00034 0.00034 0.00034 0.00034 0.00034 0.00034 0.00034 0.00034 0.00034 0.00034 0.00034 0.00034 0.00034 0.00034 0.00034 0.00034 0.00034 0.00034 0.00034 0.00034 0.00034 0.00034 0.00034 0.00034 0.00034 0.00034 0.00034 0.00034 0.00034 0.00034 0.00034 0.00034 0.00034 0.00034 0.00034 0.00034 0.00034 0.00034 0.00034 0.00034 0.00034 0.00034 0.00034 0.00034 0.00034 0.00034 0.00034 0.00034 0.00034 0.00034 0.00034 0.00034 0.00034 0.00034 0.00035 0.00035 0.00035 0.00035 0.00035 0.00035 0.00035 0.00035 0.00035 0.00035 0.00035 0.00035 0.00035 0.00035 0.00035 0.00035 0.00035 0.00035 0.00035 0.00035 0.00035 0.00035 0.00035 0.00035 0.00035 0.00035 0.00035 0.00035 0.00035 0.00035 0.00035 0.00035 0.00035 0.00035 0.00034 0.00034 0.00034 0.00034 0.00034 0.00034 0.00034 0.00034 0.00034 0.00034 0.00034 0.00034 0.00034 0.00034 0.00034 0.00034 0.00034 0.00034 0.00034 0.00034 0.00034 0.00034 0.00034 0.00034 0.00034 0.00034 0.00034 0.00034 0.00034 0.00034 0.00034 0.00034 0.00034 0.00034 0.00034 0.00034 0.00034 0.00034 0.00034 0.00034 0.00034 0.00034 0.00034 0.00034 0.00034 0.00034 0.00034 0.00034 0.00034 0.00034 0.00034 0.00034 0.00033 0.00033 0.00033 0.00033 0.00033 0.00033 0.00033 0.00033 0.00033 0.00033 0.00033 0.00033 0.00033 0.00033 0.00033 0.00033 0.00033 0.00033 0.00033 0.00033 0.00033 0.00033 0.00033 0.00033 0.00033 0.00033 0.00033 0.00033 0.00032 0.00032 0.00032 0.00032 0.00032 0.00032 0.00032 0.00032 0.00032 0.00032 0.00032 0.00032 0.00032 0.00032 0.00032 0.00032 0.00032 0.00032 0.00032 0.00032 0.00032 0.00032 0.00031 0.00031 0.00031 0.00031 0.00031 0.00031 0.00031 0.00031 0.00031 0.00031 0.00031 0.00031 0.00031 0.00031 0.00031 0.00031 0.00031 0.00031 0.00031 0.00031 0.00030 0.00030 0.00030 0.00030 0.00030 0.00030 0.00030 0.00030 0.00030 0.00030 0.00030 0.00030 0.00030 0.00030 0.00030 0.00030 0.00030 0.00030 0.00030 0.00029 0.00029 0.00029 0.00029 0.00029 0.00029 0.00029 0.00029 0.00029 0.00029 0.00029 0.00029 0.00029 0.00029 0.00029 0.00029 0.00029 0.00029 0.00028 0.00028 0.00028 0.00028 0.00028 0.00028 0.00028 0.00028 0.00028 0.00028 0.00028 0.00028 0.00028 0.00028 0.00028 0.00028 0.00026 0.00028 0.00028 0.00027 0.00027 0.00027 0.00027 0.00027 0.00027 0.00027 0.00027 0.00027 0.00027 0.00027 0.00027 0.00027 0.00027 0.00027 0.00027 0.00027 0.00027 0.00027 0.00027 0.00027 0.00026 0.00026 0.00026 0.00026 0.00026 0.00026 0.00026 0.00026 0.00026 0.00026 0.00026 0.00026 0.00026 0.00026 0.00026 0.00026 0.00026 0.00026 0.00026 0.00026 0.00026 0.00026 0.00026 0.00026 0.00026 0.00026 0.00025 0.00025 0.00025 0.00025 0.00025 0.00025 0.00025 0.00025 0.00025 0.00025 0.00025 0.00025 0.00025 0.00025 0.00025 0.00025 0.00025 0.00025 0.00025 0.00025 0.00025 0.00025 0.00025 0.00025 0.00025 0.00025 0.00025 0.00025 0.00025 0.00025 0.00025 0.00025 0.00025 0.00025 0.00025 0.00025 0.00025 0.00025 0.00025 0.00025 0.00025 0.00025 0.00025 0.00025 0.00025 0.00025 0.00025 0.00025 0.00025 0.00025 0.00025 0.00025 0.00025 0.00025 0.00025 0.00025
axis 3 logf: 0.00043 0.00043 0.00043 0.00043 0.00043 0.00043 0.00043 0.00043 0.00043 0.00043 0.00043 0.00043 0.00043 0.00043 0.00043 0.00043 0.00043 0.00043 0.00043 0.00043 0.00043 0.00043 0.00043 0.00043 0.00043 0.00043 0.00043 0.00043 0.00043 0.00043 0.00043 0.00043 0.00043 0.00043 0.00043 0.00043 0.00043 0.00043 0.00043 0.00043 0.00043 0.00043 0.00043 0.00043 0.00043 0.00043 0.00043 0.00043 0.00043 0.00043 0.00043 0.00043 0.00043 0.00043 0.00043 0.00043 0.00043 0.00043 0.00043 0.00043 0.00043 0.00043 0.00043 0.00043 0.00043 0.00043 0.00043 0.00043 0.00043 0.00043 0.00043 0.00043 0.00043 0.00043 0.00043 0.00043 0.00043 0.00043 0.00043 0.00043 0.00043 0.00043 0.00043 0.00043 0.00043 0.00043 0.00043 0.00043 0.00043 0.00043 0.00043 0.00043 0.00043 0.00043 0.00043 0.00043 0.00043 0.00043 0.00043 0.00043 0.00043 0.00043 0.00043 0.00043 0.00043 0.00043 0.00043 0.00043 0.00043 0.00043 0.00043 0.00043 0.00043 0.00043 0.00043 0.00043 0.00043 0.00043 0.00043 0.00043 0.00043 0.00043 0.00043 0.00043 0.00043 0.00043 0.00043 0.00043 0.00043 0.00043 0.00043 0.00043 0.00043 0.00043 0.00043 0.00043 0.00043 0.00043 0.00043 0.00043 0.00043 0.00043 0.00043 0.00043 0.00043 0.00043 0.00043 0.00043 0.00043 0.00043 0.00043 0.00043 0.00043 0.00043 0.00043 0.00043 0.00043 0.00043 0.00043 0.00043 0.00043 0.00043 0.00043 0.00043 0.00043 0.00043 0.00043 0.00043 0.00043 0.00043 0.00043 0.00043 0.00043 0.00043 0.00043 0.00043 0.00043 0.00043 0.00043 0.00043 0.00043 0.00043 0.00043 0.00043 0.00043 0.00043 0.00043 0.00043 0.00043 0.00043 0.00043 0.00043 0.00043 0.00043 0.00043 0.00043 0.00043 0.00043 0.00043 0.00043 0.00043 0.00043 0.00043 0.00043 0.00043 0.00043 0.00043 0.00043 0.00043 0.00043 0.00043 0.00043 0.00043 0.00043 0.00043 0.00043 0.00043 0.00043 0.00043 0.00043 0.00043 0.00043 0.00043 0.00043 0.00043 0.00043 0.00043 0.00043 0.00043 0.00043 0.00043 0.00043 0.00043 0.00043 0.00043 0.00043 0.00043 0.00043 0.00043 0.00043 0.00043 0.00043 0.00043 0.00043 0.00043 0.00043 0.00043 0.00043 0.00043 0.00043 0.00043 0.00043 0.00043 0.00043 0.00043 0.00043 0.00043 0.00043 0.00043 0.00043 0.00043 0.00043 0.00043 0.00043 0.00043 0.00043 0.00043 0.00043 0.00043 0.00043 0.00043 0.00043 0.00043 0.00043 0.00043 0.00043 0.00043 0.00043 0.00043 0.00043 0.00043 0.00043 0.00043 0.00043 0.00043 0.00043 0.00043 0.00043 0.00043 0.00043 0.00043 0.00043 0.00043 0.00043 0.00043 0.00043 0.00043 0.00043 0.00043 0.00043 0.00043 0.00043 0.00043 0.00043 0.00043 0.00043 0.00043 0.00043 0.00043 0.00043 0.00043 0.00043 0.00043 0.00043 0.00043 0.00043 0.00043 0.00043 0.00043 0.00043 0.00043 0.00043 0.00043 0.00043 0.00043 0.00043 0.00043 0.00043 0.00043 0.00043 0.00043 0.00043 0.00043 0.00043 0.00043 0.00043 0.00043 0.00043 0.00043 0.00043 0.00043 0.00043 0.00043 0.00043 0.00043 0.00043 0.00043 0.00043 0.00043 0.00043 0.00043 0.00043 0.00043 0.00043 0.00043 0.00043 0.00043 0.00043 0.00043 0.00043 0.00043 0.00043 0.00043 0.00043 0.00043 0.00043 0.00043 0.00043 0.00043 0.00043 0.00043 0.00043 0.00043 0.00043 0.00043 0.00043 0.00043 0.00043 0.00043 0.00043 0.00043 0.00043 0.00043 0.00043 0.00043 0.00043 0.00043 0.00043 0.00043 0.00043 0.00043 0.00043 0.00043 0.00043 0.00043 0.00043 0.00043 0.00043 0.00043 0.00043 0.00043 0.00043 0.00043 0.00043 0.00043 0.00043 0.00043 0.00043 0.00043 0.00043 0.00043 0.00043 0.00043 0.00043 0.00043 0.00043 0.00043 0.00043 0.00043 0.00043 0.00043 0.00043 0.00043 0.00043 0.00043 0.00043 0.00043 0.00043 0.00043 0.00043 0.00043 0.00043 0.00043 0.00043 0.00043 0.00043 0.00043 0.00043 0.00043 0.00043 0.00043 0.00043 0.00043 0.00043 0.00043 0.00043 0.00043 0.00043 0.00043 0.00043 0.00043 0.00043 0.00043 0.00043 0.00043 0.00043 0.00043 0.00043 0.00043 0.00043 0.00043 0.00043 0.00043 0.00043 0.00043 0.00043 0.00043 0.00043 0.00043 0.00043 0.00043 0.00043 0.00043 0.00043 0.00043 0.00043 0.00043 0.00043 0.00043 0.00043 0.00043 0.00043 0.00043 0.00043 0.00043 0.00043 0.00043 0.00043 0.00043 0.00043 0.00043 0.00043 0.00043 0.00043 0.00043 0.00043 0.00043 0.00043 0.00043 0.00043
