grade — linear space, K=4, extent 2.20; 6 bands/octave over 40..20000 Hz, kernel 0.0833 oct, strike 0 listen 0, 1/omega, damping 5.0/s at 0.200 s

variety per unit of travel: mean 38.042, 5th pct 4.604, 95th pct 93.321
spread: 20.27x   (FM 1.83x, Saw 2.03x, Shapes 8.47x in Kyklophoria's table; 1.0 is isotropic)
twins: 0.0% of random pairs within 0.05
axes:  axis 0 114.009  axis 1 3.664  axis 2 41.077  axis 3 23.483
modes skipped as unrenderable (non-positive or above the top band): 0.14 per evaluation over 41604 evaluations

continuity (cont_check): largest step at step/500 and step/2000, ratio ~4 smooth, ~1 cliff
  axis    spec/500   spec/2000   ratio      logf/500   logf/2000   ratio
  0        1.41388     1.41189    1.00       4.31273     3.55423    1.21   <-- cliff
  1        0.01223     0.00307    3.99       0.00442     0.00111    4.00
  2        1.41414     1.38270    1.02       3.32783     1.46413    2.27   <-- cliff
  3        0.63854     0.23442    2.72       0.06642     0.01698    3.91

where the frequencies move fastest along each axis (log-frequency step per 1/500 of travel, in tenths of the axis):
  axis 0: 0.3773 0.0575 0.0237 0.0192 0.0192 0.0223 0.0324 0.2002 0.2889 0.4848   peak 4.3127
  axis 1: 0.0036 0.0035 0.0035 0.0035 0.0035 0.0036 0.0037 0.0038 0.0040 0.0043   peak 0.0044
  axis 2: 0.0064 0.0064 0.0067 0.0071 0.0078 0.0089 0.0108 0.0148 0.0264 0.2380   peak 3.3278
  axis 3: 0.0049 0.0053 0.0057 0.0062 0.0068 0.0077 0.0091 0.0112 0.0156 0.0328   peak 0.0664

veering map — second difference of each aligned slot's log frequency along each sweep, in cents.
a smooth trajectory is under 100; a slot that trades places with its neighbour is hundreds.
listed: every (family, parameter, slot) over 300 cents, and each family's worst.
  bar: (0.927, slot 2: 1133) (0.927, slot 4: 1136)
    2 over 300 cents; worst 1136 cents at parameter 0.927, slot 4
  plate: (1.182, slot 0: 2812) (1.182, slot 1: 598) (1.182, slot 4: 1388) (1.182, slot 5: 1050) (1.182, slot 6: 1406) (1.182, slot 7: 1528) (1.182, slot 9: 1014) (1.182, slot 11: 1956) (1.182, slot 15: 1027) (1.182, slot 16: 2013) (1.182, slot 18: 2636) (1.182, slot 19: 579) (1.182, slot 20: 4300) (1.182, slot 21: 1115) (1.182, slot 23: 1815) (1.182, slot 24: 1362) (1.182, slot 26: 3187) (1.364, slot 1: 328) (1.364, slot 6: 1564) (1.364, slot 9: 1986) (1.364, slot 12: 563) (1.364, slot 15: 949) (1.364, slot 17: 329) (1.364, slot 21: 1705) (1.364, slot 23: 1316) (1.364, slot 24: 1131) (1.546, slot 1: 618) (1.546, slot 9: 1727) (1.546, slot 21: 744) (1.727, slot 1: 347) (1.727, slot 18: 446) (1.909, slot 1: 765) (1.909, slot 9: 1464) (1.909, slot 12: 1483) (1.909, slot 18: 867) (2.091, slot 9: 1479) (2.091, slot 12: 1399) (2.091, slot 18: 332) (2.273, slot 12: 1145) (2.273, slot 20: 1766) (2.454, slot 12: 1143) (2.454, slot 20: 1756)
    42 over 300 cents; worst 4300 cents at parameter 1.182, slot 20
  bell: (0.218, slot 35: 448) (0.436, slot 32: 727) (0.545, slot 32: 643) (0.545, slot 36: 309) (0.655, slot 22: 781) (0.655, slot 33: 756) (0.764, slot 22: 759) (0.764, slot 30: 347) (0.764, slot 33: 782) (1.091, slot 29: 661)
    10 over 300 cents; worst 782 cents at parameter 0.764, slot 33
  tine: (0.068, slot 4: 451)
    1 over 300 cents; worst 451 cents at parameter 0.068, slot 4

profiles: per axis, 500 steps, spectrum step then log-frequency step
axis 0 spec: 0.35006 0.18808 0.24937 0.40592 0.37427 0.21300 0.16576 0.27258 0.37873 0.31822 0.18804 0.14376 0.21670 1.35293 1.40621 1.39767 1.37538 1.31974 1.25357 1.23374 1.14879 1.08231 1.04500 0.90811 0.58256 0.75873 0.80276 0.45960 0.75675 1.08997 1.25251 1.04130 0.96330 0.79331 0.71518 0.74334 0.54900 0.56312 0.54778 0.38497 0.38005 0.43970 0.35441 0.25320 0.37898 1.40246 1.41388 1.41312 1.40482 1.37396 1.29306 1.23545 1.22201 1.16953 1.05141 0.78536 0.75366 0.99317 0.68211 0.70164 0.77911 0.52634 0.72089 0.51794 0.55271 0.62644 0.33193 0.65717 0.39350 0.36151 0.60168 0.33501 0.30216 0.53762 0.38299 0.21728 0.39153 0.47623 0.27223 0.20157 0.35950 0.42836 0.27044 0.16824 0.25711 0.38497 0.33972 0.19925 0.15385 0.24006 0.34254 0.31837 0.20429 0.13505 0.16724 0.25755 0.31199 0.26306 0.17157 0.11896 0.13954 0.20975 0.27340 0.26799 0.20041 0.13283 0.10602 0.13138 0.18716 0.23735 0.24158 0.19618 0.13814 0.09900 0.09537 0.12595 0.17339 0.21363 0.21969 0.18716 0.13945 0.10022 0.08287 0.09264 0.12257 0.16017 0.18939 0.19376 0.17063 0.13387 0.09937 0.07702 0.07279 0.08674 0.11263 0.14255 0.16632 0.17330 0.15996 0.13328 0.10410 0.08052 0.06763 0.06818 0.08077 0.10097 0.12366 0.14265 0.15132 0.14616 0.12941 0.10716 0.08543 0.06836 0.05881 0.05860 0.06722 0.08210 0.10018 0.11790 0.13096 0.13540 0.12979 0.11614 0.09855 0.08099 0.06633 0.05651 0.05287 0.05570 0.06391 0.07574 0.08929 0.10238 0.11249 0.11724 0.11541 0.10751 0.09555 0.08199 0.06898 0.05812 0.05057 0.04726 0.04853 0.05395 0.06252 0.07311 0.08445 0.09502 0.10308 0.10705 0.10607 0.10036 0.09116 0.08012 0.06882 0.05848 0.04998 0.04396 0.04094 0.04112 0.04426 0.04975 0.05692 0.06506 0.07345 0.08122 0.08744 0.09123 0.09202 0.08972 0.08477 0.07798 0.07028 0.06255 0.05550 0.04968 0.04546 0.04311 0.04268 0.04403 0.04688 0.05082 0.05545 0.06033 0.06504 0.06912 0.07216 0.07382 0.07392 0.07245 0.06959 0.06566 0.06105 0.05618 0.05143 0.04712 0.04358 0.04101 0.03960 0.03943 0.04049 0.04263 0.04566 0.04931 0.05331 0.05734 0.06108 0.06422 0.06644 0.06754 0.06738 0.06597 0.06343 0.05999 0.05591 0.05147 0.04695 0.04257 0.03853 0.03501 0.03216 0.03012 0.02901 0.02890 0.02976 0.03154 0.03409 0.03727 0.04090 0.04481 0.04882 0.05270 0.05622 0.05915 0.06127 0.06240 0.06244 0.06140 0.05937 0.05650 0.05301 0.04915 0.04512 0.04114 0.03737 0.03396 0.03102 0.02867 0.02696 0.02599 0.02577 0.02618 0.02724 0.02883 0.03082 0.03317 0.03572 0.03839 0.04111 0.04374 0.04621 0.04838 0.05016 0.05140 0.05201 0.05190 0.05103 0.04943 0.04717 0.04439 0.04126 0.03799 0.03476 0.03183 0.02948 0.02809 0.02800 0.02923 0.03144 0.03396 0.03614 0.03772 0.03845 0.03891 0.03928 0.03941 0.03889 0.03783 0.03759 0.04012 0.04539 0.05036 0.05215 0.05080 0.05053 0.05500 0.06055 0.06129 0.05879 0.06424 0.07857 0.08598 0.07805 0.07027 0.08119 0.08600 0.06437 0.06032 0.10105 0.10958 0.09131 0.13804 0.15969 0.11540 0.17257 0.17877 0.13472 0.24253 0.16643 0.27144 0.22188 0.30184 0.24446 0.39547 0.25675 0.49539 0.55951 0.46059 0.52610 0.66973 0.76524 0.87944 1.08241 1.19210 1.27602 1.33416 1.37327 1.26846 0.15731 0.18595 0.17694 0.13875 0.12994 0.17822 0.21983 0.19645 0.12993 0.11783 0.18877 0.23087 0.18572 0.13327 0.21357 0.29726 0.23685 0.16589 0.27468 0.31349 0.18424 0.23253 0.37071 0.25027 0.27719 0.45006 0.26200 0.42627 0.43548 0.32853 0.55388 0.31676 0.63877 0.40518 0.68961 0.67833 0.53575 0.86738 0.93957 0.89754 0.93256 1.06997 1.21627 1.25910 1.32692 1.36950 1.39214 1.40572 1.35476 0.14450 0.18849 0.22923 0.18941 0.14059 0.17024 0.16432 0.19389 0.28616 0.23058 0.23850 0.21170 0.20663 0.32600 0.31575 0.35992 0.32315 0.27864 0.48858 0.48887 0.41881 0.46758 0.57683 0.68896 0.81211 0.93033 1.04252 1.16146 1.25199 1.33399 1.21668 0.40472 0.41214 0.21788 0.37919 0.50147 0.25849 0.44153 0.53565 0.28226 0.62700 0.41249 0.56551 0.58180 0.57437 0.64903 0.73746 0.57119 0.95135 0.77656 0.71314 0.98470 1.12827 1.19138 1.21102 1.26434 1.35846 1.39364 1.40851 1.41211 1.41355 1.39895 0.25266 0.33174 0.42158 0.59551 0.77440 0.62810 0.04332 0.04943 0.06169
axis 0 logf: 0.03008 0.02938 0.02871 0.02808 0.02748 0.02692 0.02638 0.02587 0.02539 0.02493 0.02450 0.02408 3.47842 0.79279 0.43709 0.30368 0.23320 0.18954 0.15985 0.13835 0.12207 0.10932 0.09906 0.09065 0.08361 0.07765 0.07253 0.06809 2.95936 1.48657 0.57590 0.36613 0.27037 0.21538 0.17968 0.15464 0.13609 0.12180 0.11044 0.10120 0.09352 0.08703 0.08148 0.07668 2.84532 0.95831 0.48410 0.32880 0.25088 0.20401 0.17271 0.15032 0.13352 0.12043 0.10993 0.10133 0.09413 0.08803 0.08278 0.07821 0.07419 0.07064 0.06746 0.06461 0.06203 0.05968 0.05754 0.05557 0.05376 0.05209 0.05054 0.04909 0.04775 0.04649 0.04531 0.04421 0.04316 0.04218 0.04125 0.04038 0.03955 0.03876 0.03801 0.03729 0.03662 0.03597 0.03535 0.03476 0.03419 0.03365 0.03314 0.03264 0.03216 0.03170 0.03126 0.03084 0.03043 0.03004 0.02966 0.02930 0.02895 0.02861 0.02828 0.02797 0.02766 0.02737 0.02708 0.02681 0.02654 0.02628 0.02603 0.02579 0.02556 0.02533 0.02511 0.02490 0.02469 0.02449 0.02430 0.02411 0.02392 0.02375 0.02357 0.02341 0.02324 0.02309 0.02293 0.02278 0.02264 0.02250 0.02236 0.02223 0.02210 0.02198 0.02185 0.02174 0.02162 0.02151 0.02140 0.02130 0.02119 0.02110 0.02100 0.02091 0.02081 0.02073 0.02064 0.02056 0.02048 0.02040 0.02032 0.02025 0.02018 0.02011 0.02004 0.01998 0.01992 0.01985 0.01980 0.01974 0.01968 0.01963 0.01958 0.01953 0.01948 0.01944 0.01939 0.01935 0.01931 0.01927 0.01923 0.01920 0.01916 0.01913 0.01910 0.01907 0.01904 0.01901 0.01899 0.01896 0.01894 0.01892 0.01890 0.01888 0.01886 0.01885 0.01883 0.01882 0.01880 0.01879 0.01878 0.01877 0.01877 0.01876 0.01876 0.01875 0.01875 0.01875 0.01875 0.01875 0.01875 0.01875 0.01875 0.01876 0.01877 0.01877 0.01878 0.01879 0.01880 0.01881 0.01882 0.01884 0.01885 0.01887 0.01889 0.01890 0.01892 0.01894 0.01896 0.01899 0.01901 0.01903 0.01906 0.01909 0.01911 0.01914 0.01917 0.01920 0.01923 0.01927 0.01930 0.01934 0.01937 0.01941 0.01945 0.01949 0.01953 0.01957 0.01961 0.01966 0.01970 0.01975 0.01980 0.01985 0.01990 0.01995 0.02000 0.02005 0.02011 0.02016 0.02022 0.02028 0.02034 0.02040 0.02047 0.02053 0.02060 0.02066 0.02073 0.02080 0.02087 0.02095 0.02102 0.02110 0.02117 0.02125 0.02134 0.02142 0.02150 0.02159 0.02168 0.02177 0.02186 0.02195 0.02205 0.02214 0.02224 0.02234 0.02245 0.02255 0.02266 0.02277 0.02288 0.02300 0.02311 0.02323 0.02336 0.02348 0.02361 0.02374 0.02387 0.02401 0.02415 0.02429 0.02443 0.02458 0.02473 0.02489 0.02505 0.02521 0.02538 0.02555 0.02572 0.02590 0.02608 0.02627 0.02646 0.02666 0.02686 0.02707 0.02728 0.02750 0.02772 0.02796 0.02819 0.02844 0.02869 0.02895 0.02921 0.02948 0.02977 0.03006 0.03036 0.03067 0.03099 0.03132 0.03166 0.03201 0.03238 0.03276 0.03315 0.03356 0.03398 0.03442 0.03488 0.03536 0.03585 0.03637 0.03691 0.03748 0.03807 0.03869 0.03935 0.04003 0.04075 0.04151 0.04232 0.04317 0.04407 0.04502 0.04604 0.04712 0.04828 0.04953 0.05087 0.05231 0.05387 0.05556 0.05741 0.05943 0.06166 0.06411 0.06684 0.06990 0.07334 0.07725 0.08172 0.08690 0.09296 0.10014 0.10880 0.11943 0.13279 0.15008 0.17329 0.20603 0.25563 0.33942 0.51152 1.09021 3.54752 0.05715 0.05920 0.06146 0.06396 0.06674 0.06987 0.07340 0.07742 0.08204 0.08740 0.09370 0.10121 0.11030 0.12153 0.13575 0.15429 0.17947 0.21552 0.27135 0.36918 0.58576 1.57485 2.90854 0.05210 0.05365 0.05534 0.05719 0.05921 0.06144 0.06392 0.06668 0.06977 0.07327 0.07725 0.08184 0.08716 0.09342 0.10088 0.10992 0.12109 0.13523 0.15369 0.17873 0.21457 0.26999 0.36688 0.58022 1.52929 2.92840 0.04907 0.05020 0.05141 0.05270 0.05408 0.05557 0.05718 0.05892 0.06082 0.06289 0.06516 0.06768 0.07047 0.07360 0.07712 0.08112 0.08571 0.09103 0.09728 0.10472 0.11373 0.12488 0.13901 0.15747 0.18261 0.21874 0.27493 0.37401 0.59577 1.65810 2.70061 0.06285 0.06466 0.06660 0.06869 0.07093 0.07335 0.07597 0.07882 0.08192 0.08532 0.08906 0.09319 0.09778 0.10291 0.10868 0.11524 0.12274 0.13141 0.14156 0.15361 0.16815 0.18607 0.20874 0.23837 0.27885 0.33769 0.43154 0.60665 1.06707 4.31273 2.18564 0.24480 0.32011 0.46769 0.89718 3.68159 0.05827 0.06065 0.06329
axis 1 spec: 0.00549 0.00538 0.00527 0.00516 0.00505 0.00494 0.00484 0.00474 0.00464 0.00455 0.00446 0.00437 0.00428 0.00420 0.00412 0.00404 0.00396 0.00389 0.00383 0.00376 0.00370 0.00365 0.00359 0.00354 0.00350 0.00346 0.00342 0.00339 0.00336 0.00333 0.00331 0.00329 0.00327 0.00326 0.00326 0.00325 0.00325 0.00326 0.00327 0.00328 0.00329 0.00331 0.00333 0.00335 0.00338 0.00341 0.00344 0.00348 0.00352 0.00356 0.00360 0.00364 0.00369 0.00374 0.00379 0.00386 0.00390 0.00395 0.00401 0.00407 0.00413 0.00419 0.00425 0.00431 0.00438 0.00444 0.00451 0.00457 0.00464 0.00471 0.00477 0.00484 0.00491 0.00498 0.00505 0.00511 0.00518 0.00525 0.00532 0.00538 0.00545 0.00552 0.00558 0.00564 0.00571 0.00577 0.00583 0.00589 0.00595 0.00601 0.00606 0.00612 0.00617 0.00622 0.00627 0.00631 0.00636 0.00640 0.00644 0.00648 0.00651 0.00654 0.00657 0.00660 0.00662 0.00664 0.00666 0.00667 0.00668 0.00669 0.00669 0.00669 0.00669 0.00668 0.00667 0.00666 0.00664 0.00662 0.00659 0.00657 0.00654 0.00650 0.00646 0.00643 0.00638 0.00634 0.00629 0.00624 0.00619 0.00613 0.00608 0.00602 0.00596 0.00591 0.00586 0.00579 0.00573 0.00568 0.00562 0.00557 0.00552 0.00547 0.00543 0.00539 0.00535 0.00532 0.00530 0.00528 0.00527 0.00529 0.00527 0.00528 0.00530 0.00532 0.00536 0.00540 0.00546 0.00552 0.00559 0.00566 0.00575 0.00584 0.00594 0.00604 0.00615 0.00627 0.00638 0.00651 0.00663 0.00676 0.00689 0.00702 0.00716 0.00729 0.00742 0.00755 0.00768 0.00781 0.00793 0.00805 0.00817 0.00828 0.00839 0.00849 0.00858 0.00867 0.00875 0.00882 0.00889 0.00895 0.00899 0.00903 0.00906 0.00909 0.00910 0.00910 0.00910 0.00908 0.00906 0.00902 0.00899 0.00894 0.00888 0.00881 0.00874 0.00866 0.00857 0.00848 0.00838 0.00827 0.00816 0.00805 0.00794 0.00782 0.00770 0.00759 0.00747 0.00736 0.00724 0.00714 0.00704 0.00694 0.00686 0.00678 0.00671 0.00666 0.00662 0.00660 0.00657 0.00657 0.00659 0.00662 0.00667 0.00675 0.00682 0.00692 0.00703 0.00716 0.00729 0.00745 0.00761 0.00778 0.00796 0.00815 0.00835 0.00855 0.00875 0.00895 0.00916 0.00936 0.00957 0.00977 0.00996 0.01015 0.01033 0.01051 0.01067 0.01083 0.01097 0.01110 0.01122 0.01132 0.01141 0.01148 0.01154 0.01158 0.01160 0.01160 0.01159 0.01156 0.01152 0.01145 0.01137 0.01128 0.01116 0.01104 0.01090 0.01074 0.01058 0.01040 0.01021 0.01001 0.00981 0.00959 0.00938 0.00915 0.00893 0.00870 0.00848 0.00825 0.00803 0.00782 0.00761 0.00741 0.00722 0.00704 0.00688 0.00674 0.00660 0.00648 0.00639 0.00631 0.00626 0.00623 0.00622 0.00623 0.00626 0.00633 0.00638 0.00647 0.00657 0.00669 0.00682 0.00696 0.00710 0.00726 0.00741 0.00757 0.00773 0.00789 0.00804 0.00819 0.00833 0.00846 0.00858 0.00869 0.00879 0.00887 0.00894 0.00899 0.00903 0.00904 0.00904 0.00902 0.00898 0.00892 0.00885 0.00875 0.00864 0.00851 0.00836 0.00819 0.00802 0.00783 0.00763 0.00742 0.00721 0.00699 0.00678 0.00657 0.00637 0.00618 0.00600 0.00585 0.00572 0.00562 0.00555 0.00552 0.00553 0.00560 0.00564 0.00580 0.00590 0.00608 0.00628 0.00650 0.00674 0.00699 0.00725 0.00751 0.00778 0.00805 0.00831 0.00860 0.00882 0.00906 0.00928 0.00949 0.00968 0.00985 0.01000 0.01013 0.01024 0.01032 0.01037 0.01040 0.01040 0.01037 0.01031 0.01023 0.01011 0.00997 0.00980 0.00960 0.00937 0.00912 0.00885 0.00854 0.00822 0.00788 0.00752 0.00714 0.00675 0.00636 0.00595 0.00555 0.00515 0.00477 0.00441 0.00409 0.00382 0.00362 0.00350 0.00347 0.00351 0.00369 0.00393 0.00424 0.00459 0.00497 0.00538 0.00580 0.00622 0.00664 0.00705 0.00745 0.00784 0.00820 0.00853 0.00884 0.00912 0.00937 0.00962 0.00976 0.00990 0.01000 0.01006 0.01008 0.01006 0.01000 0.00990 0.00976 0.00958 0.00936 0.00911 0.00882 0.00850 0.00815 0.00777 0.00737 0.00695 0.00651 0.00606 0.00560 0.00513 0.00467 0.00422 0.00380 0.00343 0.00312 0.00292 0.00284 0.00290 0.00310 0.00344 0.00381 0.00427 0.00477 0.00529 0.00583 0.00638 0.00693 0.00748 0.00801 0.00853 0.00903 0.00951 0.00996 0.01038 0.01077 0.01112 0.01142 0.01168 0.01190 0.01211 0.01217 0.01223 0.01223 0.01217 0.01205 0.01188 0.01166 0.01138 0.01106 0.01069 0.01028 0.00984 0.00937 0.00889 0.00841
axis 1 logf: 0.00359 0.00359 0.00358 0.00358 0.00358 0.00358 0.00358 0.00358 0.00358 0.00358 0.00358 0.00358 0.00358 0.00357 0.00357 0.00357 0.00357 0.00357 0.00357 0.00357 0.00357 0.00357 0.00357 0.00357 0.00356 0.00356 0.00356 0.00356 0.00356 0.00356 0.00356 0.00356 0.00356 0.00356 0.00356 0.00356 0.00356 0.00355 0.00355 0.00355 0.00355 0.00355 0.00355 0.00355 0.00355 0.00355 0.00355 0.00355 0.00355 0.00355 0.00355 0.00354 0.00354 0.00354 0.00354 0.00354 0.00354 0.00354 0.00354 0.00354 0.00354 0.00354 0.00354 0.00354 0.00354 0.00354 0.00354 0.00354 0.00353 0.00353 0.00353 0.00353 0.00353 0.00353 0.00353 0.00353 0.00353 0.00353 0.00353 0.00353 0.00353 0.00353 0.00353 0.00353 0.00353 0.00353 0.00353 0.00353 0.00353 0.00353 0.00352 0.00352 0.00352 0.00352 0.00352 0.00352 0.00352 0.00352 0.00352 0.00352 0.00352 0.00352 0.00352 0.00352 0.00352 0.00352 0.00352 0.00352 0.00352 0.00352 0.00352 0.00352 0.00352 0.00352 0.00352 0.00352 0.00352 0.00352 0.00352 0.00352 0.00352 0.00352 0.00352 0.00352 0.00352 0.00352 0.00352 0.00352 0.00352 0.00352 0.00352 0.00352 0.00352 0.00352 0.00352 0.00352 0.00352 0.00352 0.00352 0.00352 0.00352 0.00352 0.00352 0.00352 0.00352 0.00352 0.00352 0.00352 0.00352 0.00352 0.00352 0.00352 0.00352 0.00352 0.00352 0.00352 0.00352 0.00352 0.00352 0.00352 0.00352 0.00352 0.00352 0.00352 0.00352 0.00352 0.00352 0.00352 0.00352 0.00352 0.00352 0.00352 0.00352 0.00352 0.00352 0.00352 0.00352 0.00352 0.00352 0.00352 0.00352 0.00352 0.00352 0.00352 0.00352 0.00352 0.00352 0.00352 0.00353 0.00353 0.00353 0.00353 0.00353 0.00353 0.00353 0.00353 0.00353 0.00353 0.00353 0.00353 0.00353 0.00353 0.00353 0.00353 0.00353 0.00353 0.00353 0.00354 0.00354 0.00354 0.00354 0.00354 0.00354 0.00354 0.00354 0.00354 0.00354 0.00354 0.00354 0.00354 0.00354 0.00354 0.00355 0.00355 0.00355 0.00355 0.00355 0.00355 0.00355 0.00355 0.00355 0.00355 0.00355 0.00355 0.00356 0.00356 0.00356 0.00356 0.00356 0.00356 0.00356 0.00356 0.00356 0.00356 0.00357 0.00357 0.00357 0.00357 0.00357 0.00357 0.00357 0.00357 0.00357 0.00357 0.00358 0.00358 0.00358 0.00358 0.00358 0.00358 0.00358 0.00358 0.00359 0.00359 0.00359 0.00359 0.00359 0.00359 0.00359 0.00359 0.00360 0.00360 0.00360 0.00360 0.00360 0.00360 0.00360 0.00361 0.00361 0.00361 0.00361 0.00361 0.00361 0.00361 0.00362 0.00362 0.00362 0.00362 0.00362 0.00362 0.00362 0.00363 0.00363 0.00363 0.00363 0.00363 0.00363 0.00364 0.00364 0.00364 0.00364 0.00364 0.00364 0.00365 0.00365 0.00365 0.00365 0.00365 0.00366 0.00366 0.00366 0.00366 0.00366 0.00367 0.00367 0.00367 0.00367 0.00367 0.00368 0.00368 0.00368 0.00368 0.00368 0.00369 0.00369 0.00369 0.00369 0.00369 0.00370 0.00370 0.00370 0.00370 0.00371 0.00371 0.00371 0.00371 0.00371 0.00372 0.00372 0.00372 0.00372 0.00373 0.00373 0.00373 0.00373 0.00374 0.00374 0.00374 0.00374 0.00375 0.00375 0.00375 0.00375 0.00376 0.00376 0.00376 0.00376 0.00377 0.00377 0.00377 0.00378 0.00378 0.00378 0.00378 0.00379 0.00379 0.00379 0.00380 0.00380 0.00380 0.00380 0.00381 0.00381 0.00381 0.00382 0.00382 0.00382 0.00383 0.00383 0.00383 0.00384 0.00384 0.00384 0.00384 0.00385 0.00385 0.00385 0.00386 0.00386 0.00386 0.00387 0.00387 0.00388 0.00388 0.00388 0.00389 0.00389 0.00389 0.00390 0.00390 0.00390 0.00391 0.00391 0.00391 0.00392 0.00392 0.00393 0.00393 0.00393 0.00394 0.00394 0.00395 0.00395 0.00395 0.00396 0.00396 0.00397 0.00397 0.00397 0.00398 0.00398 0.00399 0.00399 0.00400 0.00400 0.00400 0.00401 0.00401 0.00402 0.00402 0.00403 0.00403 0.00403 0.00404 0.00404 0.00405 0.00405 0.00406 0.00406 0.00407 0.00407 0.00408 0.00408 0.00409 0.00409 0.00410 0.00410 0.00411 0.00411 0.00412 0.00412 0.00413 0.00413 0.00414 0.00414 0.00415 0.00415 0.00416 0.00416 0.00417 0.00418 0.00418 0.00419 0.00419 0.00420 0.00420 0.00421 0.00422 0.00422 0.00423 0.00423 0.00424 0.00424 0.00425 0.00426 0.00426 0.00427 0.00427 0.00428 0.00429 0.00429 0.00430 0.00431 0.00431 0.00432 0.00433 0.00433 0.00434 0.00435 0.00435 0.00436 0.00437 0.00437 0.00438 0.00439 0.00439 0.00440 0.00441 0.00441 0.00442
axis 2 spec: 0.00520 0.00519 0.00518 0.00518 0.00517 0.00517 0.00517 0.00517 0.00517 0.00517 0.00517 0.00517 0.00517 0.00517 0.00517 0.00517 0.00517 0.00517 0.00517 0.00517 0.00517 0.00517 0.00516 0.00516 0.00515 0.00514 0.00513 0.00511 0.00509 0.00507 0.00505 0.00503 0.00500 0.00497 0.00493 0.00490 0.00486 0.00481 0.00477 0.00472 0.00467 0.00462 0.00456 0.00450 0.00444 0.00438 0.00432 0.00425 0.00419 0.00413 0.00407 0.00401 0.00394 0.00389 0.00383 0.00378 0.00374 0.00368 0.00364 0.00361 0.00357 0.00355 0.00352 0.00350 0.00349 0.00348 0.00348 0.00347 0.00347 0.00348 0.00348 0.00349 0.00350 0.00350 0.00351 0.00351 0.00351 0.00351 0.00351 0.00350 0.00349 0.00347 0.00345 0.00343 0.00339 0.00336 0.00331 0.00326 0.00321 0.00315 0.00309 0.00302 0.00296 0.00289 0.00282 0.00275 0.00269 0.00263 0.00259 0.00254 0.00251 0.00249 0.00249 0.00251 0.00254 0.00259 0.00266 0.00274 0.00283 0.00293 0.00304 0.00316 0.00329 0.00341 0.00354 0.00366 0.00378 0.00390 0.00403 0.00413 0.00420 0.00428 0.00435 0.00441 0.00445 0.00448 0.00449 0.00449 0.00448 0.00445 0.00440 0.00434 0.00427 0.00418 0.00409 0.00399 0.00388 0.00377 0.00367 0.00357 0.00350 0.00343 0.00339 0.00337 0.00340 0.00345 0.00354 0.00366 0.00380 0.00398 0.00417 0.00438 0.00460 0.00482 0.00504 0.00526 0.00548 0.00568 0.00586 0.00603 0.00617 0.00630 0.00640 0.00647 0.00651 0.00652 0.00651 0.00646 0.00639 0.00629 0.00616 0.00602 0.00586 0.00570 0.00553 0.00538 0.00525 0.00513 0.00512 0.00506 0.00512 0.00523 0.00541 0.00565 0.00594 0.00627 0.00663 0.00701 0.00739 0.00778 0.00816 0.00851 0.00884 0.00914 0.00940 0.00961 0.00978 0.00989 0.00996 0.00997 0.00994 0.00986 0.00974 0.00960 0.00943 0.00927 0.00911 0.00899 0.00892 0.00893 0.00903 0.00925 0.00955 0.00997 0.01050 0.01109 0.01177 0.01246 0.01319 0.01392 0.01462 0.01527 0.01587 0.01638 0.01680 0.01711 0.01731 0.01739 0.01733 0.01715 0.01686 0.01646 0.01598 0.01542 0.01483 0.01423 0.01367 0.01321 0.01290 0.01281 0.01297 0.01344 0.01420 0.01524 0.01654 0.01802 0.01967 0.02141 0.02319 0.02497 0.02669 0.02829 0.02971 0.03090 0.03182 0.03243 0.03269 0.03259 0.03214 0.03135 0.03025 0.02889 0.02732 0.02562 0.02387 0.02217 0.02062 0.01938 0.01855 0.01829 0.01868 0.01969 0.02128 0.02331 0.02567 0.02820 0.03078 0.03327 0.03555 0.03749 0.03898 0.03993 0.04025 0.03994 0.03899 0.03746 0.03544 0.03307 0.03051 0.02796 0.02567 0.02396 0.02306 0.02332 0.02475 0.02724 0.03052 0.03430 0.03829 0.04218 0.04570 0.04857 0.05052 0.05138 0.05102 0.04945 0.04678 0.04319 0.03899 0.03451 0.03021 0.02669 0.02464 0.02467 0.02691 0.03078 0.03558 0.04063 0.04531 0.04924 0.05193 0.05313 0.05272 0.05076 0.04745 0.04312 0.03815 0.03295 0.02794 0.02367 0.02091 0.02053 0.02278 0.02732 0.03334 0.04022 0.04739 0.05428 0.06023 0.06457 0.06672 0.06635 0.06350 0.05858 0.05225 0.04539 0.03904 0.03451 0.03331 0.03645 0.04366 0.05384 0.06586 0.07842 0.08989 0.09833 0.10195 0.09988 0.09260 0.08177 0.06958 0.05841 0.05080 0.04937 0.05548 0.06800 0.08469 0.10282 0.11883 0.12856 0.12895 0.11984 0.10415 0.08611 0.06967 0.05833 0.05553 0.06303 0.07936 0.10141 0.12501 0.14405 0.15172 0.14471 0.12596 0.10237 0.08071 0.06662 0.06530 0.07860 0.10341 0.13426 0.16247 0.17630 0.16832 0.14280 0.11156 0.08556 0.07354 0.08189 0.10910 0.14772 0.18510 0.20232 0.18788 0.15127 0.11226 0.08690 0.08750 0.11665 0.16457 0.21220 0.22969 0.20256 0.15204 0.10874 0.09516 0.12278 0.18083 0.24124 0.25793 0.21407 0.14965 0.10932 0.12251 0.18671 0.26532 0.28985 0.23148 0.15300 0.12091 0.16876 0.26711 0.32772 0.27228 0.17334 0.13799 0.21321 0.33541 0.35220 0.23669 0.15449 0.22053 0.37172 0.38601 0.23766 0.17946 0.32553 0.45616 0.31867 0.19664 0.35358 0.50555 0.31653 0.24633 0.50653 0.47275 0.25232 0.50734 0.54760 0.28773 0.62206 0.49912 0.43185 0.72833 0.37783 0.81322 0.42936 0.88279 0.51688 0.88908 0.88187 0.65893 0.97456 1.13961 1.18994 1.24170 1.28214 1.29678 1.37763 1.40632 1.41382 1.41414 1.38239 0.07288 0.02715 0.02625 0.02475 0.02276 0.02042 0.01796 0.01572 0.01415 0.01372 0.01461 0.01656 0.01905 0.02165 0.02402 0.02591
axis 2 logf: 0.00641 0.00641 0.00641 0.00640 0.00640 0.00640 0.00640 0.00640 0.00640 0.00640 0.00640 0.00639 0.00639 0.00639 0.00639 0.00639 0.00639 0.00639 0.00639 0.00639 0.00639 0.00639 0.00639 0.00639 0.00639 0.00639 0.00639 0.00639 0.00638 0.00638 0.00638 0.00638 0.00638 0.00639 0.00639 0.00639 0.00639 0.00639 0.00639 0.00639 0.00639 0.00639 0.00639 0.00639 0.00639 0.00639 0.00639 0.00639 0.00639 0.00640 0.00640 0.00640 0.00640 0.00640 0.00640 0.00640 0.00640 0.00641 0.00641 0.00641 0.00641 0.00641 0.00641 0.00642 0.00642 0.00642 0.00642 0.00642 0.00643 0.00643 0.00643 0.00643 0.00644 0.00644 0.00644 0.00644 0.00645 0.00645 0.00645 0.00645 0.00646 0.00646 0.00646 0.00647 0.00647 0.00647 0.00648 0.00648 0.00648 0.00649 0.00649 0.00649 0.00650 0.00650 0.00651 0.00651 0.00651 0.00652 0.00652 0.00653 0.00653 0.00653 0.00654 0.00654 0.00655 0.00655 0.00656 0.00656 0.00657 0.00657 0.00658 0.00658 0.00659 0.00659 0.00660 0.00660 0.00661 0.00661 0.00662 0.00662 0.00663 0.00663 0.00664 0.00665 0.00665 0.00666 0.00666 0.00667 0.00668 0.00668 0.00669 0.00669 0.00670 0.00671 0.00671 0.00672 0.00673 0.00674 0.00674 0.00675 0.00676 0.00676 0.00677 0.00678 0.00679 0.00679 0.00680 0.00681 0.00682 0.00682 0.00683 0.00684 0.00685 0.00686 0.00687 0.00687 0.00688 0.00689 0.00690 0.00691 0.00692 0.00693 0.00694 0.00695 0.00696 0.00696 0.00697 0.00698 0.00699 0.00700 0.00701 0.00702 0.00703 0.00704 0.00705 0.00706 0.00708 0.00709 0.00710 0.00711 0.00712 0.00713 0.00714 0.00715 0.00716 0.00718 0.00719 0.00720 0.00721 0.00722 0.00723 0.00725 0.00726 0.00727 0.00728 0.00730 0.00731 0.00732 0.00734 0.00735 0.00736 0.00738 0.00739 0.00740 0.00742 0.00743 0.00745 0.00746 0.00748 0.00749 0.00750 0.00752 0.00753 0.00755 0.00757 0.00758 0.00760 0.00761 0.00763 0.00764 0.00766 0.00768 0.00769 0.00771 0.00773 0.00775 0.00776 0.00778 0.00780 0.00782 0.00783 0.00785 0.00787 0.00789 0.00791 0.00793 0.00795 0.00796 0.00798 0.00800 0.00802 0.00804 0.00806 0.00808 0.00811 0.00813 0.00815 0.00817 0.00819 0.00821 0.00823 0.00826 0.00828 0.00830 0.00832 0.00835 0.00837 0.00839 0.00842 0.00844 0.00847 0.00849 0.00852 0.00854 0.00857 0.00859 0.00862 0.00864 0.00867 0.00870 0.00872 0.00875 0.00878 0.00881 0.00883 0.00886 0.00889 0.00892 0.00895 0.00898 0.00901 0.00904 0.00907 0.00910 0.00913 0.00917 0.00920 0.00923 0.00926 0.00930 0.00933 0.00936 0.00940 0.00943 0.00947 0.00950 0.00954 0.00958 0.00961 0.00965 0.00969 0.00973 0.00976 0.00980 0.00984 0.00988 0.00992 0.00996 0.01001 0.01005 0.01009 0.01013 0.01018 0.01022 0.01027 0.01031 0.01036 0.01040 0.01045 0.01050 0.01054 0.01059 0.01064 0.01069 0.01074 0.01079 0.01085 0.01090 0.01095 0.01101 0.01106 0.01112 0.01117 0.01123 0.01129 0.01135 0.01141 0.01147 0.01153 0.01159 0.01165 0.01172 0.01178 0.01185 0.01192 0.01198 0.01205 0.01212 0.01219 0.01226 0.01234 0.01241 0.01249 0.01256 0.01264 0.01272 0.01280 0.01288 0.01296 0.01305 0.01313 0.01322 0.01331 0.01340 0.01349 0.01358 0.01368 0.01378 0.01387 0.01397 0.01407 0.01418 0.01428 0.01439 0.01450 0.01461 0.01472 0.01484 0.01496 0.01508 0.01520 0.01532 0.01545 0.01558 0.01571 0.01585 0.01599 0.01613 0.01627 0.01642 0.01657 0.01672 0.01688 0.01704 0.01720 0.01737 0.01754 0.01771 0.01789 0.01808 0.01826 0.01846 0.01865 0.01886 0.01906 0.01927 0.01949 0.01972 0.01995 0.02018 0.02042 0.02067 0.02093 0.02119 0.02146 0.02174 0.02203 0.02232 0.02263 0.02294 0.02326 0.02360 0.02394 0.02430 0.02467 0.02505 0.02544 0.02585 0.02627 0.02671 0.02716 0.02763 0.02812 0.02863 0.02916 0.02971 0.03029 0.03088 0.03151 0.03216 0.03284 0.03355 0.03430 0.03508 0.03591 0.03677 0.03768 0.03864 0.03965 0.04072 0.04185 0.04305 0.04433 0.04568 0.04713 0.04868 0.05033 0.05210 0.05401 0.05608 0.05831 0.06073 0.06336 0.06625 0.06942 0.07291 0.07678 0.08110 0.08594 0.09141 0.09764 0.10479 0.11310 0.12285 0.13447 0.14856 0.16598 0.18810 0.21713 0.25694 0.31507 0.40846 0.58608 1.09722 3.32783 3.25185 0.01074 0.01081 0.01088 0.01095 0.01102 0.01109 0.01116 0.01124 0.01131 0.01139 0.01147 0.01154 0.01162 0.01171
axis 3 spec: 0.01921 0.01933 0.01941 0.01946 0.01946 0.01943 0.01937 0.01927 0.01913 0.01896 0.01877 0.01854 0.01829 0.01801 0.01772 0.01740 0.01707 0.01673 0.01638 0.01603 0.01567 0.01531 0.01495 0.01460 0.01426 0.01392 0.01360 0.01330 0.01301 0.01275 0.01250 0.01229 0.01209 0.01193 0.01180 0.01170 0.01163 0.01163 0.01159 0.01163 0.01170 0.01181 0.01195 0.01212 0.01234 0.01258 0.01285 0.01316 0.01349 0.01385 0.01423 0.01464 0.01502 0.01552 0.01599 0.01647 0.01696 0.01746 0.01796 0.01847 0.01898 0.01949 0.01999 0.02047 0.02095 0.02140 0.02184 0.02225 0.02263 0.02298 0.02329 0.02357 0.02381 0.02400 0.02415 0.02425 0.02431 0.02432 0.02429 0.02421 0.02408 0.02392 0.02371 0.02346 0.02318 0.02287 0.02253 0.02216 0.02177 0.02136 0.02094 0.02050 0.02006 0.01961 0.01917 0.01872 0.01829 0.01786 0.01745 0.01706 0.01669 0.01633 0.01602 0.01574 0.01549 0.01527 0.01513 0.01501 0.01495 0.01495 0.01500 0.01512 0.01530 0.01554 0.01585 0.01623 0.01667 0.01717 0.01773 0.01835 0.01903 0.01975 0.02052 0.02133 0.02218 0.02304 0.02392 0.02481 0.02569 0.02656 0.02739 0.02819 0.02893 0.02960 0.03019 0.03069 0.03108 0.03135 0.03151 0.03154 0.03144 0.03121 0.03085 0.03038 0.02979 0.02910 0.02833 0.02747 0.02655 0.02559 0.02458 0.02355 0.02252 0.02149 0.02047 0.01949 0.01854 0.01765 0.01682 0.01607 0.01541 0.01485 0.01441 0.01410 0.01393 0.01390 0.01403 0.01430 0.01473 0.01530 0.01600 0.01682 0.01776 0.01880 0.01993 0.02113 0.02239 0.02370 0.02505 0.02640 0.02776 0.02908 0.03036 0.03157 0.03268 0.03367 0.03453 0.03522 0.03575 0.03604 0.03617 0.03609 0.03582 0.03537 0.03476 0.03400 0.03312 0.03215 0.03111 0.03003 0.02894 0.02787 0.02683 0.02587 0.02498 0.02419 0.02353 0.02297 0.02256 0.02227 0.02212 0.02209 0.02218 0.02238 0.02266 0.02303 0.02346 0.02393 0.02444 0.02496 0.02549 0.02601 0.02651 0.02699 0.02743 0.02783 0.02820 0.02852 0.02881 0.02907 0.02931 0.02953 0.02975 0.02999 0.03025 0.03056 0.03093 0.03136 0.03188 0.03247 0.03315 0.03390 0.03472 0.03559 0.03648 0.03737 0.03822 0.03899 0.03965 0.04016 0.04050 0.04063 0.04053 0.04019 0.03962 0.03881 0.03779 0.03657 0.03520 0.03369 0.03210 0.03046 0.02880 0.02718 0.02564 0.02421 0.02295 0.02190 0.02113 0.02069 0.02061 0.02093 0.02167 0.02281 0.02435 0.02622 0.02840 0.03084 0.03346 0.03620 0.03899 0.04173 0.04432 0.04666 0.04863 0.05013 0.05110 0.05146 0.05123 0.05039 0.04904 0.04725 0.04513 0.04281 0.04042 0.03807 0.03588 0.03394 0.03233 0.03113 0.03036 0.03002 0.03010 0.03055 0.03129 0.03225 0.03335 0.03451 0.03565 0.03673 0.03765 0.03841 0.03898 0.03934 0.03950 0.03950 0.03939 0.03924 0.03912 0.03913 0.03936 0.03991 0.04082 0.04211 0.04377 0.04574 0.04791 0.05012 0.05221 0.05400 0.05532 0.05600 0.05597 0.05516 0.05362 0.05142 0.04871 0.04565 0.04243 0.03925 0.03629 0.03375 0.03169 0.03054 0.03014 0.03057 0.03173 0.03331 0.03566 0.03800 0.04035 0.04254 0.04442 0.04588 0.04686 0.04737 0.04748 0.04734 0.04718 0.04724 0.04766 0.04883 0.05066 0.05312 0.05597 0.05884 0.06131 0.06293 0.06331 0.06219 0.05947 0.05526 0.04979 0.04340 0.03650 0.02951 0.02303 0.01822 0.01640 0.01881 0.02413 0.03021 0.03668 0.04258 0.04753 0.05108 0.05288 0.05279 0.05088 0.04752 0.04339 0.03946 0.03721 0.03713 0.03993 0.04446 0.04931 0.05316 0.05505 0.05454 0.05173 0.04725 0.04217 0.03798 0.03636 0.03844 0.04399 0.05143 0.05921 0.06572 0.06962 0.07013 0.06727 0.06177 0.05510 0.04909 0.04589 0.04741 0.05451 0.06644 0.08167 0.09794 0.11186 0.11964 0.11869 0.10934 0.09472 0.07903 0.06624 0.05975 0.06125 0.06939 0.08015 0.08878 0.09099 0.08468 0.07116 0.05603 0.04908 0.05943 0.08090 0.10247 0.11483 0.11173 0.09364 0.06941 0.05911 0.08173 0.12284 0.16053 0.17462 0.15628 0.11813 0.08580 0.08973 0.12886 0.17209 0.18878 0.16492 0.11805 0.08630 0.11043 0.16882 0.21168 0.20067 0.14599 0.10492 0.14250 0.22195 0.25722 0.20607 0.13290 0.15116 0.25076 0.29753 0.22377 0.14549 0.21633 0.32753 0.28869 0.16676 0.21882 0.35760 0.30408 0.17471 0.31567 0.42564 0.25298 0.31298 0.51373 0.30091 0.40150 0.55993 0.28838 0.61803 0.42179 0.58347 0.56057 0.63854 0.58758
axis 3 logf: 0.00480 0.00480 0.00481 0.00481 0.00482 0.00482 0.00483 0.00483 0.00484 0.00485 0.00485 0.00486 0.00486 0.00487 0.00487 0.00488 0.00488 0.00489 0.00489 0.00490 0.00491 0.00491 0.00492 0.00492 0.00493 0.00493 0.00494 0.00495 0.00495 0.00496 0.00496 0.00497 0.00497 0.00498 0.00499 0.00499 0.00500 0.00500 0.00501 0.00502 0.00502 0.00503 0.00504 0.00504 0.00505 0.00505 0.00506 0.00507 0.00507 0.00508 0.00509 0.00509 0.00510 0.00510 0.00511 0.00512 0.00512 0.00513 0.00514 0.00514 0.00515 0.00516 0.00516 0.00517 0.00518 0.00518 0.00519 0.00520 0.00520 0.00521 0.00522 0.00523 0.00523 0.00524 0.00525 0.00525 0.00526 0.00527 0.00527 0.00528 0.00529 0.00530 0.00530 0.00531 0.00532 0.00533 0.00533 0.00534 0.00535 0.00536 0.00536 0.00537 0.00538 0.00539 0.00539 0.00540 0.00541 0.00542 0.00543 0.00543 0.00544 0.00545 0.00546 0.00547 0.00547 0.00548 0.00549 0.00550 0.00551 0.00551 0.00552 0.00553 0.00554 0.00555 0.00556 0.00556 0.00557 0.00558 0.00559 0.00560 0.00561 0.00562 0.00563 0.00563 0.00564 0.00565 0.00566 0.00567 0.00568 0.00569 0.00570 0.00571 0.00572 0.00572 0.00573 0.00574 0.00575 0.00576 0.00577 0.00578 0.00579 0.00580 0.00581 0.00582 0.00583 0.00584 0.00585 0.00586 0.00587 0.00588 0.00589 0.00590 0.00591 0.00592 0.00593 0.00594 0.00595 0.00596 0.00597 0.00598 0.00599 0.00600 0.00601 0.00603 0.00604 0.00605 0.00606 0.00607 0.00608 0.00609 0.00610 0.00611 0.00612 0.00614 0.00615 0.00616 0.00617 0.00618 0.00619 0.00621 0.00622 0.00623 0.00624 0.00625 0.00626 0.00628 0.00629 0.00630 0.00631 0.00633 0.00634 0.00635 0.00636 0.00638 0.00639 0.00640 0.00641 0.00643 0.00644 0.00645 0.00647 0.00648 0.00649 0.00651 0.00652 0.00653 0.00655 0.00656 0.00657 0.00659 0.00660 0.00662 0.00663 0.00664 0.00666 0.00667 0.00669 0.00670 0.00672 0.00673 0.00675 0.00676 0.00678 0.00679 0.00681 0.00682 0.00684 0.00685 0.00687 0.00688 0.00690 0.00692 0.00693 0.00695 0.00696 0.00698 0.00700 0.00701 0.00703 0.00705 0.00706 0.00708 0.00710 0.00711 0.00713 0.00715 0.00717 0.00718 0.00720 0.00722 0.00724 0.00725 0.00727 0.00729 0.00731 0.00733 0.00735 0.00737 0.00738 0.00740 0.00742 0.00744 0.00746 0.00748 0.00750 0.00752 0.00754 0.00756 0.00758 0.00760 0.00762 0.00764 0.00766 0.00768 0.00771 0.00773 0.00775 0.00777 0.00779 0.00781 0.00784 0.00786 0.00788 0.00790 0.00793 0.00795 0.00797 0.00800 0.00802 0.00804 0.00807 0.00809 0.00812 0.00814 0.00816 0.00819 0.00821 0.00824 0.00827 0.00829 0.00832 0.00834 0.00837 0.00840 0.00842 0.00845 0.00848 0.00850 0.00853 0.00856 0.00859 0.00862 0.00865 0.00867 0.00870 0.00873 0.00876 0.00879 0.00882 0.00885 0.00888 0.00892 0.00895 0.00898 0.00901 0.00904 0.00908 0.00911 0.00914 0.00917 0.00921 0.00924 0.00928 0.00931 0.00935 0.00938 0.00942 0.00945 0.00949 0.00953 0.00957 0.00960 0.00964 0.00968 0.00972 0.00976 0.00980 0.00984 0.00988 0.00992 0.00996 0.01000 0.01004 0.01009 0.01013 0.01017 0.01022 0.01026 0.01031 0.01035 0.01040 0.01045 0.01050 0.01054 0.01059 0.01064 0.01069 0.01074 0.01079 0.01084 0.01090 0.01095 0.01100 0.01106 0.01111 0.01117 0.01122 0.01128 0.01134 0.01140 0.01146 0.01152 0.01158 0.01164 0.01170 0.01176 0.01183 0.01189 0.01196 0.01203 0.01210 0.01217 0.01224 0.01231 0.01238 0.01245 0.01253 0.01260 0.01268 0.01276 0.01284 0.01292 0.01300 0.01308 0.01317 0.01325 0.01334 0.01343 0.01352 0.01361 0.01371 0.01380 0.01390 0.01400 0.01410 0.01420 0.01431 0.01441 0.01452 0.01463 0.01474 0.01486 0.01498 0.01509 0.01522 0.01534 0.01547 0.01560 0.01573 0.01587 0.01601 0.01615 0.01629 0.01644 0.01659 0.01675 0.01691 0.01707 0.01724 0.01741 0.01758 0.01776 0.01795 0.01814 0.01833 0.01853 0.01874 0.01895 0.01917 0.01939 0.01962 0.01986 0.02010 0.02036 0.02062 0.02089 0.02116 0.02145 0.02175 0.02205 0.02237 0.02270 0.02304 0.02340 0.02377 0.02415 0.02455 0.02497 0.02540 0.02585 0.02632 0.02681 0.02733 0.02787 0.02844 0.02903 0.02966 0.03032 0.03101 0.03174 0.03252 0.03334 0.03422 0.03514 0.03613 0.03719 0.03832 0.03953 0.04084 0.04225 0.04377 0.04543 0.04723 0.04920 0.05137 0.05376 0.05641 0.05936 0.06268 0.06642
